0 0
1 0
2 0
3 0
4 0
5 0
6 0
7 0
8 0
9 0
10 0
11 0
12 0
13 0
14 0
15 0
16 0
17 0
18 0
19 0
20 0
21 0
22 0
23 0
24 0
25 0
26 0
27 0
28 0
29 0
30 0
31 0
32 0
33 0
34 0
35 0
36 0
37 0
38 0
39 0
40 0
41 0
42 0
43 0
44 0
45 0
46 0
47 0
48 0
49 0
50 0
51 0
52 0
53 0
54 0
55 0
56 0
57 0
58 0
59 0
60 0
61 0
62 0
63 0
64 0
65 0
66 0
67 0
68 0
69 0
70 0
71 0
72 0
73 0
74 0
75 0
76 0
77 0
78 0
79 0
80 0
81 0
82 0
83 0
84 0
85 0
86 0
87 0
88 0
89 0
90 0
91 0
92 0
93 0
94 0
95 0
96 0
97 0
98 0
99 0
100 0
101 0
102 0
103 0
104 0
105 0
106 0
107 0
108 0
109 0
110 0
111 0
112 0
113 0
114 0
115 0
116 0
117 0
118 0
119 0
120 0
121 0
122 0
123 0
124 0
125 0
126 0
127 0
128 0
129 0
130 0
131 0
132 0
133 0
134 0
135 0
136 0
137 0
138 0
139 0
140 0
141 0
142 0
143 0
144 0
145 0
146 0
147 0
148 0
149 0
150 0
151 0
152 0
153 0
154 0
155 0
156 0
157 0
158 0
159 0
160 0
161 0
162 0
163 0
164 0
165 0
166 0
167 0
168 0
169 0
170 0
171 0
172 0
173 0
174 0
175 0
176 0
177 0
178 0
179 0
180 0
181 0
182 0
183 0
184 0
185 0
186 0
187 0
188 0
189 0
190 0
191 0
192 0
193 0
194 0
195 0
196 0
197 0
198 0
199 0
200 0
201 0
202 0
203 0
204 0
205 0
206 0
207 0
208 0
209 0
210 0
211 0
212 0
213 0
214 0
215 0
216 0
217 0
218 0
219 0
220 0
221 0
222 0
223 0
224 0
225 0
226 0
227 0
228 0
229 0
230 0
231 0
232 0
233 0
234 0
235 0
236 0
237 0
238 0
239 0
240 0
241 0
242 0
243 0
244 0
245 0
246 0
247 0
248 0
249 0
250 0
251 0
252 0
253 0
254 0
255 0
256 0
257 0
258 0
259 0
260 0
261 0
262 0
263 0
264 0
265 0
266 0
267 0
268 0
269 0
270 0
271 0
272 0
273 0
274 0
275 0
276 0
277 0
278 0
279 0
280 0
281 0
282 0
283 0
284 0
285 0
286 0
287 0
288 0
289 0
290 0
291 0
292 0
293 0
294 0
295 0
296 0
297 0
298 0
299 0
300 0
301 0
302 0
303 0
304 0
305 0
306 0
307 0
308 0
309 0
310 0
311 0
312 0
313 0
314 0
315 0
316 0
317 0
318 0
319 0
320 0
321 0
322 0
323 0
324 0
325 0
326 0
327 0
328 0
329 0
330 0
331 0
332 0
333 0
334 0
335 0
336 0
337 0
338 0
339 0
340 0
341 0
342 0
343 0
344 0
345 0
346 0
347 0
348 0
349 0
350 0
351 0
352 0
353 0
354 0
355 0
356 0
357 0
358 0
359 0
360 0
361 0
362 0
363 0
364 0
365 0
366 0
367 0
368 0
369 0
370 0
371 0
372 0
373 0
374 0
375 0
376 0
377 0
378 0
379 0
380 0
381 0
382 0
383 0
384 0
385 0
386 0
387 0
388 0
389 0
390 0
391 0
392 0
393 0
394 0
395 0
396 0
397 0
398 0
399 0
400 0
401 0
402 0
403 0
404 0
405 0
406 0
407 0
408 0
409 0
410 0
411 0
412 0
413 0
414 0
415 0
416 0
417 0
418 0
419 0
420 0
421 0
422 0
423 0
424 0
425 0
426 0
427 0
428 0
429 0
430 0
431 0
432 0
433 0
434 0
435 0
436 0
437 0
438 0
439 0
440 0
441 0
442 0
443 0
444 0
445 0
446 0
447 0
448 0
449 0
450 0
451 0
452 0
453 0
454 0
455 0
456 0
457 0
458 0
459 0
460 0
461 0
462 0
463 0
464 0
465 0
466 0
467 0
468 0
469 0
470 0
471 0
472 0
473 0
474 0
475 0
476 0
477 0
478 0
479 0
480 0
481 0
482 0
483 0
484 0
485 0
486 0
487 0
488 0
489 0
490 0
491 0
492 0
493 0
494 0
495 0
496 0
497 0
498 0
499 0
500 0
501 0
502 0
503 0
504 0
505 0
506 0
507 0
508 0
509 0
510 0
511 0
512 0
513 0
514 0
515 0
516 0
517 0
518 0
519 0
520 0
521 0
522 0
523 0
524 0
525 0
526 0
527 0
528 0
529 0
530 0
531 0
532 0
533 0
534 0
535 0
536 0
537 0
538 0
539 0
540 0
541 0
542 0
543 0
544 0
545 0
546 0
547 0
548 0
549 0
550 0
551 0
552 0
553 0
554 0
555 0
556 0
557 0
558 0
559 0
560 0
561 0
562 0
563 0
564 0
565 0
566 0
567 0
568 0
569 0
570 0
571 0
572 0
573 0
574 0
575 0
576 0
577 0
578 0
579 0
580 0
581 0
582 0
583 0
584 0
585 0
586 0
587 0
588 0
589 0
590 0
591 0
592 0
593 0
594 0
595 0
596 0
597 0
598 0
599 0
600 0
601 0
602 0
603 0
604 0
605 0
606 0
607 0
608 0
609 0
610 0
611 0
612 0
613 0
614 0
615 0
616 0
617 0
618 0
619 0
620 1
621 1
622 1
623 1
624 1
625 1
626 1
627 1
628 1
629 1
630 1
631 1
632 1
633 1
634 1
635 1
636 1
637 1
638 1
639 1
640 1
641 1
642 1
643 1
644 1
645 1
646 1
647 1
648 1
649 1
650 1
651 1
652 1
653 1
654 1
655 1
656 1
657 1
658 1
659 1
660 1
661 1
662 1
663 1
664 1
665 1
666 1
667 1
668 1
669 1
670 1
671 1
672 1
673 1
674 1
675 1
676 1
677 1
678 1
679 1
680 1
681 1
682 1
683 1
684 1
685 1
686 1
687 1
688 1
689 1
690 1
691 1
692 1
693 1
694 1
695 1
696 1
697 1
698 1
699 1
700 1
701 1
702 1
703 1
704 1
705 1
706 1
707 1
708 1
709 1
710 1
711 1
712 1
713 1
714 1
715 1
716 1
717 1
718 1
719 1
720 1
721 1
722 1
723 1
724 1
725 1
726 1
727 1
728 1
729 1
730 1
731 1
732 1
733 1
734 1
735 1
736 1
737 1
738 1
739 1
740 1
741 1
742 1
743 1
744 1
745 1
746 1
747 1
748 1
749 1
750 1
751 1
752 1
753 1
754 1
755 1
756 1
757 1
758 1
759 1
760 1
761 1
762 1
763 1
764 1
765 1
766 1
767 1
768 1
769 1
770 1
771 1
772 1
773 1
774 1
775 1
776 1
777 1
778 1
779 1
780 1
781 1
782 1
783 1
784 1
785 1
786 1
787 1
788 1
789 1
790 1
791 1
792 1
793 1
794 1
795 1
796 1
797 1
798 1
799 1
800 1
801 1
802 1
803 1
804 1
805 1
806 1
807 1
808 1
809 1
810 1
811 1
812 1
813 1
814 1
815 1
816 1
817 1
818 1
819 1
820 1
821 1
822 1
823 1
824 1
825 1
826 1
827 1
828 1
829 1
830 1
831 1
832 1
833 1
834 1
835 1
836 1
837 1
838 1
839 1
840 1
841 1
842 1
843 1
844 1
845 1
846 1
847 1
848 1
849 1
850 1
851 1
852 1
853 1
854 1
855 1
856 1
857 1
858 1
859 1
860 1
861 1
862 1
863 1
864 1
865 1
866 1
867 1
868 1
869 1
870 1
871 1
872 1
873 1
874 1
875 1
876 1
877 1
878 1
879 1
880 1
881 1
882 1
883 1
884 1
885 1
886 1
887 1
888 1
889 1
890 1
891 1
892 1
893 1
894 1
895 1
896 1
897 1
898 1
899 1
900 1
901 1
902 1
903 1
904 1
905 1
906 1
907 1
908 1
909 1
910 1
911 1
912 1
913 1
914 1
915 1
916 1
917 1
918 1
919 1
920 1
921 1
922 1
923 1
924 1
925 1
926 1
927 1
928 1
929 1
930 1
931 1
932 1
933 1
934 1
935 1
936 1
937 1
938 1
939 1
940 1
941 1
942 1
943 1
944 1
945 1
946 1
947 1
948 1
949 1
950 1
951 1
952 1
953 1
954 1
955 1
956 1
957 1
958 1
959 1
960 1
961 1
962 1
963 1
964 1
965 1
966 1
967 1
968 1
969 1
970 1
971 1
972 1
973 1
974 1
975 1
976 1
977 1
978 1
979 1
980 1
981 1
982 1
983 1
984 1
985 1
986 1
987 1
988 1
989 1
990 1
991 1
992 1
993 1
994 1
995 1
996 1
997 1
998 1
999 1
1000 1
1001 1
1002 1
1003 1
1004 1
1005 1
1006 1
1007 1
1008 1
1009 1
1010 1
1011 1
1012 1
1013 1
1014 1
1015 1
1016 1
1017 1
1018 1
1019 1
1020 1
1021 1
1022 1
1023 1
1024 1
1025 1
1026 1
1027 1
1028 1
1029 1
1030 1
1031 1
1032 1
1033 1
1034 1
1035 1
1036 1
1037 1
1038 1
1039 1
1040 1
1041 1
1042 1
1043 1
1044 1
1045 1
1046 1
1047 1
1048 1
1049 1
1050 1
1051 1
1052 1
1053 1
1054 1
1055 1
1056 1
1057 1
1058 1
1059 1
1060 1
1061 1
1062 1
1063 1
1064 1
1065 1
1066 1
1067 1
1068 1
1069 1
1070 1
1071 1
1072 1
1073 1
1074 1
1075 1
1076 1
1077 1
1078 1
1079 1
1080 1
1081 1
1082 1
1083 1
1084 1
1085 1
1086 1
1087 1
1088 1
1089 1
1090 1
1091 1
1092 1
1093 1
1094 1
1095 1
1096 1
1097 1
1098 1
1099 1
1100 1
1101 1
1102 1
1103 1
1104 1
1105 1
1106 1
1107 1
1108 1
1109 1
1110 1
1111 1
1112 1
1113 1
1114 1
1115 1
1116 1
1117 1
1118 1
1119 1
1120 1
1121 1
1122 1
1123 1
1124 1
1125 1
1126 1
1127 1
1128 1
1129 1
1130 1
1131 1
1132 1
1133 1
1134 1
1135 1
1136 1
1137 1
1138 1
1139 1
1140 1
1141 1
1142 1
1143 1
1144 1
1145 1
1146 1
1147 1
1148 1
1149 1
1150 1
1151 1
1152 1
1153 1
1154 1
1155 1
1156 1
1157 1
1158 1
1159 1
1160 1
1161 1
1162 1
1163 1
1164 1
1165 1
1166 1
1167 1
1168 1
1169 1
1170 1
1171 1
1172 1
1173 1
1174 1
1175 1
1176 1
1177 1
1178 1
1179 1
1180 1
1181 1
1182 1
1183 1
1184 1
1185 1
1186 1
1187 1
1188 1
1189 1
1190 1
1191 1
1192 1
1193 1
1194 1
1195 1
1196 1
1197 1
1198 1
1199 1
1200 1
1201 1
1202 1
1203 1
1204 1
1205 1
1206 1
1207 1
1208 1
1209 1
1210 1
1211 1
1212 1
1213 1
1214 1
1215 1
1216 1
1217 1
1218 1
1219 1
1220 1
1221 1
1222 1
1223 1
1224 1
1225 1
1226 1
1227 1
1228 1
1229 1
1230 1
1231 1
1232 1
1233 1
1234 1
1235 1
1236 1
1237 1
1238 1
1239 1
1240 1
1241 1
1242 1
1243 1
1244 1
1245 1
1246 1
1247 1
1248 1
1249 1
1250 1
1251 1
1252 1
1253 1
1254 1
1255 1
1256 1
1257 1
1258 1
1259 1
1260 1
1261 1
1262 1
1263 1
1264 1
1265 1
1266 1
1267 1
1268 1
1269 1
1270 1
1271 1
1272 1
1273 1
1274 1
1275 1
1276 1
1277 1
1278 1
1279 1
1280 1
1281 1
1282 1
1283 1
1284 1
1285 1
1286 1
1287 1
1288 1
1289 1
1290 1
1291 1
1292 1
1293 1
1294 1
1295 1
1296 1
1297 1
1298 1
1299 1
1300 1
1301 1
1302 1
1303 1
1304 1
1305 1
1306 1
1307 1
1308 1
1309 1
1310 1
1311 1
1312 1
1313 1
1314 1
1315 1
1316 1
1317 1
1318 1
1319 1
1320 1
1321 1
1322 1
1323 1
1324 1
1325 1
1326 1
1327 1
1328 1
1329 1
1330 1
1331 1
1332 1
1333 1
1334 1
1335 1
1336 1
1337 1
1338 1
1339 1
1340 1
1341 1
1342 1
1343 1
1344 1
1345 1
1346 1
1347 1
1348 1
1349 1
1350 1
1351 1
1352 1
1353 1
1354 1
1355 1
1356 1
1357 1
1358 1
1359 1
1360 1
1361 1
1362 1
1363 1
1364 1
1365 1
1366 1
1367 1
1368 1
1369 1
1370 1
1371 1
1372 1
1373 1
1374 1
1375 1
1376 1
1377 1
1378 1
1379 1
1380 1
1381 1
1382 1
1383 1
1384 1
1385 1
1386 1
1387 1
1388 1
1389 1
1390 1
1391 1
1392 1
1393 1
1394 1
1395 1
1396 1
1397 1
1398 1
1399 1
1400 1
1401 1
1402 1
1403 1
1404 1
1405 1
1406 1
1407 1
1408 1
1409 1
1410 1
1411 1
1412 1
1413 1
1414 1
1415 1
1416 1
1417 1
1418 1
1419 1
1420 1
1421 1
1422 1
1423 1
1424 1
1425 1
1426 1
1427 1
1428 1
1429 1
1430 1
1431 1
1432 1
1433 1
1434 1
1435 1
1436 1
1437 1
1438 1
1439 1
1440 1
1441 1
1442 1
1443 1
1444 1
1445 1
1446 1
1447 1
1448 1
1449 1
1450 1
1451 1
1452 1
1453 1
1454 1
1455 1
1456 1
1457 1
1458 1
1459 1
1460 1
1461 1
1462 1
1463 1
1464 1
1465 1
1466 1
1467 1
1468 1
1469 1
1470 1
1471 1
1472 1
1473 1
1474 1
1475 1
1476 1
1477 1
1478 1
1479 1
1480 1
1481 1
1482 1
1483 1
1484 1
1485 1
1486 1
1487 1
1488 1
1489 1
1490 1
1491 1
1492 1
1493 1
1494 1
1495 1
1496 1
1497 1
1498 1
1499 1
1500 1
1501 1
1502 1
1503 1
1504 1
1505 1
1506 1
1507 1
1508 1
1509 1
1510 1
1511 1
1512 1
1513 1
1514 1
1515 1
1516 1
1517 1
1518 1
1519 1
1520 1
1521 1
1522 1
1523 1
1524 1
1525 1
1526 1
1527 1
1528 1
1529 1
1530 1
1531 1
1532 1
1533 1
1534 1
1535 1
1536 1
1537 1
1538 1
1539 1
1540 1
1541 1
1542 1
1543 1
1544 1
1545 1
1546 1
1547 1
1548 1
1549 1
1550 1
1551 1
1552 1
1553 1
1554 1
1555 1
1556 1
1557 1
1558 1
1559 1
1560 1
1561 1
1562 1
1563 1
1564 1
1565 1
1566 1
1567 1
1568 1
1569 1
1570 1
1571 1
1572 1
1573 1
1574 1
1575 1
1576 1
1577 1
1578 1
1579 1
1580 1
1581 1
1582 1
1583 1
1584 1
1585 1
1586 1
1587 1
1588 1
1589 1
1590 1
1591 1
1592 1
1593 1
1594 1
1595 1
1596 1
1597 1
1598 1
1599 1
1600 1
1601 1
1602 1
1603 1
1604 1
1605 1
1606 1
1607 1
1608 1
1609 1
1610 1
1611 1
1612 1
1613 1
1614 1
1615 1
1616 1
1617 1
1618 1
1619 1
1620 1
1621 1
1622 1
1623 1
1624 1
1625 1
1626 1
1627 1
1628 1
1629 1
1630 1
1631 1
1632 1
1633 1
1634 1
1635 1
1636 1
1637 1
1638 1
1639 1
1640 1
1641 1
1642 1
1643 1
1644 1
1645 1
1646 1
1647 1
1648 1
1649 1
1650 1
1651 1
1652 1
1653 1
1654 1
1655 1
1656 1
1657 1
1658 1
1659 1
1660 1
1661 1
1662 1
1663 1
1664 1
1665 1
1666 1
1667 1
1668 1
1669 1
1670 1
1671 1
1672 1
1673 1
1674 1
1675 1
1676 1
1677 1
1678 1
1679 1
1680 1
1681 1
1682 1
1683 1
1684 1
1685 1
1686 1
1687 1
1688 1
1689 1
1690 1
1691 1
1692 1
1693 1
1694 1
1695 1
1696 1
1697 1
1698 1
1699 1
1700 1
1701 1
1702 1
1703 1
1704 1
1705 1
1706 1
1707 1
1708 1
1709 1
1710 1
1711 1
1712 1
1713 1
1714 1
1715 1
1716 1
1717 1
1718 1
1719 1
1720 1
1721 1
1722 1
1723 1
1724 1
1725 1
1726 1
1727 1
1728 1
1729 1
1730 1
1731 1
1732 1
1733 1
1734 1
1735 1
1736 1
1737 1
1738 1
1739 1
1740 1
1741 1
1742 1
1743 1
1744 1
1745 1
1746 1
1747 1
1748 1
1749 1
1750 1
1751 1
1752 1
1753 1
1754 1
1755 1
1756 1
1757 1
1758 1
1759 1
1760 1
1761 1
1762 1
1763 1
1764 1
1765 1
1766 1
1767 1
1768 1
1769 1
1770 1
1771 1
1772 1
1773 1
1774 1
1775 1
1776 1
1777 1
1778 1
1779 1
1780 1
1781 1
1782 1
1783 1
1784 1
1785 1
1786 1
1787 1
1788 1
1789 1
1790 1
1791 1
1792 1
1793 1
1794 1
1795 1
1796 1
1797 1
1798 1
1799 1
1800 1
1801 1
1802 1
1803 1
1804 1
1805 1
1806 1
1807 1
1808 1
1809 1
1810 1
1811 1
1812 1
1813 1
1814 1
1815 1
1816 1
1817 1
1818 1
1819 1
1820 1
1821 1
1822 1
1823 1
1824 1
1825 1
1826 1
1827 1
1828 1
1829 1
1830 1
1831 1
1832 1
1833 1
1834 1
1835 1
1836 1
1837 1
1838 1
1839 1
1840 1
1841 1
1842 1
1843 1
1844 1
1845 1
1846 1
1847 1
1848 1
1849 1
1850 1
1851 1
1852 1
1853 1
1854 1
1855 1
1856 1
1857 1
1858 1
1859 1
1860 1
1861 1
1862 1
1863 1
1864 1
1865 1
1866 1
1867 1
1868 1
1869 1
1870 1
1871 1
1872 1
1873 1
1874 1
1875 1
1876 1
1877 1
1878 1
1879 1
1880 1
1881 1
1882 1
1883 1
1884 1
1885 1
1886 1
1887 1
1888 1
1889 1
1890 1
1891 1
1892 1
1893 1
1894 1
1895 1
1896 1
1897 1
1898 1
1899 1
1900 1
1901 1
1902 1
1903 1
1904 1
1905 1
1906 1
1907 1
1908 1
1909 1
1910 1
1911 1
1912 1
1913 1
1914 1
1915 1
1916 1
1917 1
1918 1
1919 1
1920 1
1921 1
1922 1
1923 1
1924 1
1925 1
1926 1
1927 1
1928 1
1929 1
1930 1
1931 1
1932 1
1933 1
1934 1
1935 1
1936 1
1937 1
1938 1
1939 1
1940 1
1941 1
1942 1
1943 1
1944 1
1945 1
1946 1
1947 1
1948 1
1949 1
1950 1
1951 1
1952 1
1953 1
1954 1
1955 1
1956 1
1957 1
1958 1
1959 1
1960 1
1961 1
1962 1
1963 1
1964 1
1965 1
1966 1
1967 1
1968 1
1969 1
1970 1
1971 1
1972 1
1973 1
1974 1
1975 1
1976 1
1977 1
1978 1
1979 1
1980 1
1981 1
1982 1
1983 1
1984 1
1985 1
1986 1
1987 1
1988 1
1989 1
1990 1
1991 1
1992 1
1993 1
1994 1
1995 1
1996 1
1997 1
1998 1
1999 1
2000 1
2001 1
2002 1
2003 1
2004 1
2005 1
2006 1
2007 1
2008 1
2009 1
2010 1
2011 1
2012 1
2013 1
2014 1
2015 1
2016 1
2017 1
2018 1
2019 1
2020 1
2021 1
2022 1
2023 1
2024 1
2025 1
2026 1
2027 1
2028 1
2029 1
2030 1
2031 1
2032 1
2033 1
2034 1
2035 2
2036 2
2037 2
2038 2
2039 2
2040 2
2041 2
2042 2
2043 2
2044 2
2045 2
2046 2
2047 2
2048 2
2049 2
2050 2
2051 2
2052 2
2053 2
2054 2
2055 2
2056 2
2057 2
2058 2
2059 2
2060 2
2061 2
2062 2
2063 2
2064 2
2065 2
2066 2
2067 2
2068 2
2069 2
2070 2
2071 2
2072 2
2073 2
2074 2
2075 2
2076 2
2077 2
2078 2
2079 2
2080 2
2081 2
2082 2
2083 2
2084 2
2085 2
2086 2
2087 2
2088 2
2089 2
2090 2
2091 2
2092 2
2093 2
2094 2
2095 2
2096 2
2097 2
2098 2
2099 2
2100 2
2101 2
2102 2
2103 2
2104 2
2105 2
2106 2
2107 2
2108 2
2109 2
2110 2
2111 2
2112 2
2113 2
2114 2
2115 2
2116 2
2117 2
2118 2
2119 2
2120 2
2121 2
2122 2
2123 2
2124 2
2125 2
2126 2
2127 2
2128 2
2129 2
2130 2
2131 2
2132 2
2133 2
2134 2
2135 2
2136 2
2137 2
2138 2
2139 2
2140 2
2141 2
2142 2
2143 2
2144 2
2145 2
2146 2
2147 2
2148 2
2149 2
2150 2
2151 2
2152 2
2153 2
2154 2
2155 2
2156 2
2157 2
2158 2
2159 2
2160 2
2161 2
2162 2
2163 2
2164 2
2165 2
2166 2
2167 2
2168 2
2169 2
2170 2
2171 2
2172 2
2173 2
2174 2
2175 2
2176 2
2177 2
2178 2
2179 2
2180 2
2181 2
2182 2
2183 2
2184 2
2185 2
2186 2
2187 2
2188 2
2189 2
2190 2
2191 2
2192 2
2193 2
2194 2
2195 2
2196 2
2197 2
2198 2
2199 2
2200 2
2201 2
2202 2
2203 2
2204 2
2205 2
2206 2
2207 2
2208 2
2209 2
2210 2
2211 2
2212 2
2213 2
2214 2
2215 2
2216 2
2217 2
2218 2
2219 2
2220 2
2221 2
2222 2
2223 2
2224 2
2225 2
2226 2
2227 2
2228 2
2229 2
2230 2
2231 2
2232 2
2233 2
2234 2
2235 2
2236 2
2237 2
2238 2
2239 2
2240 2
2241 2
2242 2
2243 2
2244 2
2245 2
2246 2
2247 2
2248 2
2249 2
2250 2
2251 2
2252 2
2253 2
2254 2
2255 2
2256 2
2257 2
2258 2
2259 2
2260 2
2261 2
2262 2
2263 2
2264 2
2265 2
2266 2
2267 2
2268 2
2269 2
2270 2
2271 2
2272 2
2273 2
2274 2
2275 2
2276 2
2277 2
2278 2
2279 2
2280 2
2281 2
2282 2
2283 2
2284 2
2285 2
2286 2
2287 2
2288 2
2289 2
2290 2
2291 2
2292 2
2293 2
2294 2
2295 2
2296 2
2297 2
2298 2
2299 2
2300 2
2301 2
2302 2
2303 2
2304 2
2305 2
2306 2
2307 2
2308 2
2309 2
2310 2
2311 2
2312 2
2313 2
2314 2
2315 2
2316 2
2317 2
2318 2
2319 2
2320 2
2321 2
2322 2
2323 2
2324 2
2325 2
2326 2
2327 2
2328 2
2329 2
2330 2
2331 2
2332 2
2333 2
2334 2
2335 2
2336 2
2337 2
2338 2
2339 2
2340 2
2341 2
2342 2
2343 2
2344 2
2345 2
2346 2
2347 2
2348 2
2349 2
2350 2
2351 2
2352 2
2353 2
2354 2
2355 2
2356 2
2357 2
2358 2
2359 2
2360 2
2361 2
2362 2
2363 2
2364 2
2365 2
2366 2
2367 2
2368 2
2369 2
2370 2
2371 2
2372 2
2373 2
2374 2
2375 2
2376 2
2377 2
2378 2
2379 2
2380 2
2381 2
2382 2
2383 2
2384 2
2385 2
2386 2
2387 2
2388 2
2389 2
2390 2
2391 2
2392 2
2393 2
2394 2
2395 2
2396 2
2397 2
2398 2
2399 2
2400 2
2401 2
2402 2
2403 2
2404 2
2405 2
2406 2
2407 2
2408 2
2409 2
2410 2
2411 2
2412 2
2413 2
2414 2
2415 2
2416 2
2417 2
2418 2
2419 2
2420 2
2421 2
2422 2
2423 2
2424 2
2425 2
2426 2
2427 2
2428 2
2429 2
2430 2
2431 2
2432 2
2433 2
2434 2
2435 2
2436 2
2437 2
2438 2
2439 2
2440 2
2441 2
2442 2
2443 2
2444 2
2445 2
2446 2
2447 2
2448 2
2449 2
2450 2
2451 2
2452 2
2453 2
2454 2
2455 2
2456 2
2457 2
2458 2
2459 2
2460 2
2461 2
2462 2
2463 2
2464 2
2465 2
2466 2
2467 2
2468 2
2469 2
2470 2
2471 2
2472 2
2473 2
2474 2
2475 2
2476 2
2477 2
2478 2
2479 2
2480 2
2481 2
2482 2
2483 2
2484 2
2485 2
2486 2
2487 2
2488 2
2489 2
2490 2
2491 2
2492 2
2493 2
2494 2
2495 2
2496 2
2497 2
2498 2
2499 2
2500 2
2501 2
2502 2
2503 2
2504 2
2505 2
2506 2
2507 2
2508 2
2509 2
2510 2
2511 2
2512 2
2513 2
2514 2
2515 2
2516 2
2517 2
2518 2
2519 2
2520 2
2521 2
2522 2
2523 2
2524 2
2525 2
2526 2
2527 2
2528 2
2529 2
2530 2
2531 2
2532 2
2533 2
2534 2
2535 2
2536 2
2537 2
2538 2
2539 2
2540 2
2541 2
2542 2
2543 2
2544 2
2545 2
2546 2
2547 2
2548 2
2549 2
2550 2
2551 2
2552 2
2553 2
2554 2
2555 2
2556 2
2557 2
2558 2
2559 2
2560 2
2561 2
2562 2
2563 2
2564 2
2565 2
2566 2
2567 2
2568 2
2569 2
2570 2
2571 2
2572 2
2573 2
2574 2
2575 2
2576 2
2577 2
2578 2
2579 2
2580 2
2581 2
2582 2
2583 2
2584 2
2585 2
2586 2
2587 2
2588 2
2589 2
2590 2
2591 2
2592 2
2593 2
2594 2
2595 2
2596 2
2597 2
2598 2
2599 2
2600 2
2601 2
2602 2
2603 2
2604 2
2605 2
2606 2
2607 2
2608 2
2609 2
2610 2
2611 2
2612 2
2613 2
2614 2
2615 2
2616 2
2617 2
2618 2
2619 2
2620 2
2621 2
2622 2
2623 2
2624 2
2625 2
2626 2
2627 2
2628 2
2629 2
2630 2
2631 2
2632 2
2633 2
2634 2
2635 2
2636 2
2637 2
2638 2
2639 2
2640 2
2641 2
2642 2
2643 2
2644 2
2645 2
2646 2
2647 2
2648 2
2649 2
2650 2
2651 2
2652 2
2653 2
2654 2
2655 2
2656 2
2657 2
2658 2
2659 2
2660 2
2661 2
2662 2
2663 2
2664 2
2665 2
2666 2
2667 2
2668 2
2669 2
2670 2
2671 2
2672 2
2673 2
2674 2
2675 2
2676 2
2677 2
2678 2
2679 2
2680 2
2681 2
2682 2
2683 2
2684 2
2685 2
2686 2
2687 2
2688 2
2689 2
2690 2
2691 2
2692 2
2693 2
2694 2
2695 2
2696 2
2697 2
2698 2
2699 2
2700 2
2701 2
2702 2
2703 2
2704 2
2705 2
2706 2
2707 2
2708 2
2709 2
2710 2
2711 2
2712 2
2713 2
2714 2
2715 2
2716 2
2717 2
2718 2
2719 2
2720 2
2721 2
2722 2
2723 2
2724 2
2725 2
2726 2
2727 2
2728 2
2729 2
2730 2
2731 2
2732 2
2733 2
2734 2
2735 2
2736 2
2737 2
2738 2
2739 2
2740 2
2741 2
2742 2
2743 2
2744 2
2745 2
2746 2
2747 2
2748 2
2749 2
2750 2
2751 2
2752 2
2753 2
2754 2
2755 2
2756 2
2757 2
2758 2
2759 2
2760 2
2761 2
2762 2
2763 2
2764 2
2765 2
2766 2
2767 2
2768 2
2769 2
2770 2
2771 2
2772 2
2773 2
2774 2
2775 2
2776 2
2777 2
2778 2
2779 2
2780 2
2781 2
2782 2
2783 2
2784 2
2785 2
2786 2
2787 2
2788 2
2789 2
2790 2
2791 2
2792 2
2793 2
2794 2
2795 2
2796 2
2797 2
2798 2
2799 2
2800 2
2801 2
2802 2
2803 2
2804 2
2805 2
2806 2
2807 2
2808 2
2809 2
2810 2
2811 2
2812 2
2813 2
2814 2
2815 2
2816 2
2817 2
2818 2
2819 2
2820 2
2821 2
2822 2
2823 2
2824 2
2825 2
2826 2
2827 2
2828 2
2829 2
2830 2
2831 2
2832 2
2833 2
2834 2
2835 2
2836 2
2837 2
2838 2
2839 2
2840 2
2841 2
2842 2
2843 2
2844 2
2845 2
2846 2
2847 2
2848 2
2849 2
2850 2
2851 2
2852 2
2853 2
2854 2
2855 2
2856 2
2857 2
2858 2
2859 2
2860 2
2861 2
2862 2
2863 2
2864 2
2865 2
2866 2
2867 2
2868 2
2869 2
2870 2
2871 2
2872 2
2873 2
2874 2
2875 2
2876 2
2877 2
2878 2
2879 2
2880 2
2881 2
2882 2
2883 2
2884 2
2885 2
2886 2
2887 2
2888 2
2889 2
2890 2
2891 2
2892 2
2893 2
2894 2
2895 2
2896 2
2897 2
2898 2
2899 2
2900 2
2901 2
2902 2
2903 2
2904 2
2905 2
2906 2
2907 2
2908 2
2909 2
2910 2
2911 2
2912 2
2913 2
2914 2
2915 2
2916 2
2917 2
2918 2
2919 2
2920 2
2921 2
2922 2
2923 2
2924 2
2925 2
2926 2
2927 2
2928 2
2929 2
2930 2
2931 2
2932 2
2933 2
2934 2
2935 2
2936 2
2937 2
2938 2
2939 2
2940 2
2941 2
2942 2
2943 2
2944 2
2945 2
2946 2
2947 2
2948 2
2949 2
2950 2
2951 2
2952 2
2953 2
2954 2
2955 2
2956 2
2957 2
2958 2
2959 2
2960 2
2961 2
2962 2
2963 2
2964 2
2965 2
2966 2
2967 2
2968 2
2969 2
2970 2
2971 2
2972 2
2973 2
2974 2
2975 2
2976 2
2977 2
2978 2
2979 2
2980 2
2981 2
2982 2
2983 2
2984 2
2985 2
2986 2
2987 2
2988 2
2989 2
2990 2
2991 2
2992 2
2993 2
2994 2
2995 2
2996 2
2997 2
2998 2
2999 2
3000 2
3001 2
3002 2
3003 2
3004 2
3005 2
3006 2
3007 2
3008 2
3009 2
3010 2
3011 2
3012 2
3013 2
3014 2
3015 2
3016 2
3017 2
3018 2
3019 2
3020 2
3021 2
3022 2
3023 2
3024 2
3025 2
3026 2
3027 2
3028 2
3029 2
3030 2
3031 2
3032 2
3033 2
3034 2
3035 2
3036 2
3037 2
3038 2
3039 2
3040 2
3041 2
3042 2
3043 2
3044 2
3045 2
3046 2
3047 2
3048 2
3049 2
3050 2
3051 2
3052 2
3053 2
3054 2
3055 2
3056 2
3057 2
3058 2
3059 2
3060 2
3061 2
3062 2
3063 2
3064 2
3065 2
3066 2
3067 2
3068 2
3069 2
3070 2
3071 2
3072 2
3073 2
3074 2
3075 2
3076 2
3077 2
3078 2
3079 2
3080 2
3081 2
3082 2
3083 2
3084 2
3085 2
3086 2
3087 2
3088 2
3089 2
3090 2
3091 2
3092 2
3093 2
3094 2
3095 2
3096 2
3097 2
3098 2
3099 2
3100 2
3101 2
3102 2
3103 2
3104 2
3105 2
3106 2
3107 2
3108 2
3109 2
3110 2
3111 2
3112 2
3113 2
3114 2
3115 2
3116 2
3117 2
3118 2
3119 2
3120 2
3121 2
3122 2
3123 2
3124 2
3125 2
3126 2
3127 2
3128 2
3129 2
3130 2
3131 2
3132 2
3133 2
3134 2
3135 2
3136 2
3137 2
3138 2
3139 2
3140 2
3141 2
3142 2
3143 2
3144 2
3145 2
3146 2
3147 2
3148 2
3149 2
3150 2
3151 2
3152 2
3153 2
3154 2
3155 2
3156 2
3157 2
3158 2
3159 2
3160 2
3161 2
3162 2
3163 2
3164 2
3165 2
3166 2
3167 2
3168 2
3169 2
3170 2
3171 2
3172 2
3173 2
3174 2
3175 2
3176 2
3177 2
3178 2
3179 2
3180 2
3181 2
3182 2
3183 2
3184 2
3185 2
3186 2
3187 2
3188 2
3189 2
3190 2
3191 2
3192 2
3193 2
3194 2
3195 2
3196 2
3197 2
3198 2
3199 2
3200 2
3201 2
3202 2
3203 2
3204 2
3205 2
3206 2
3207 2
3208 2
3209 2
3210 2
3211 2
3212 2
3213 2
3214 2
3215 2
3216 2
3217 2
3218 2
3219 2
3220 2
3221 2
3222 2
3223 2
3224 2
3225 2
3226 2
3227 2
3228 2
3229 2
3230 2
3231 2
3232 2
3233 2
3234 2
3235 2
3236 2
3237 2
3238 2
3239 2
3240 2
3241 2
3242 2
3243 2
3244 2
3245 2
3246 2
3247 2
3248 2
3249 2
3250 2
3251 2
3252 2
3253 2
3254 2
3255 2
3256 2
3257 2
3258 2
3259 2
3260 2
3261 2
3262 2
3263 2
3264 2
3265 2
3266 2
3267 2
3268 2
3269 2
3270 2
3271 2
3272 2
3273 2
3274 2
3275 2
3276 2
3277 2
3278 2
3279 2
3280 2
3281 2
3282 2
3283 2
3284 2
3285 2
3286 2
3287 2
3288 2
3289 2
3290 2
3291 2
3292 2
3293 2
3294 2
3295 2
3296 2
3297 2
3298 2
3299 2
3300 2
3301 2
3302 2
3303 2
3304 2
3305 2
3306 2
3307 2
3308 2
3309 2
3310 2
3311 2
3312 2
3313 2
3314 2
3315 2
3316 2
3317 2
3318 2
3319 2
3320 2
3321 2
3322 2
3323 2
3324 2
3325 2
3326 2
3327 2
3328 2
3329 2
3330 2
3331 2
3332 2
3333 2
3334 2
3335 2
3336 2
3337 2
3338 2
3339 2
3340 2
3341 2
3342 2
3343 2
3344 2
3345 2
3346 2
3347 2
3348 2
3349 2
3350 2
3351 2
3352 2
3353 2
3354 2
3355 2
3356 2
3357 2
3358 2
3359 2
3360 2
3361 2
3362 2
3363 2
3364 2
3365 2
3366 2
3367 2
3368 2
3369 2
3370 2
3371 2
3372 2
3373 2
3374 2
3375 2
3376 2
3377 2
3378 2
3379 2
3380 2
3381 2
3382 2
3383 2
3384 2
3385 2
3386 2
3387 2
3388 2
3389 2
3390 2
3391 2
3392 2
3393 2
3394 2
3395 2
3396 2
3397 2
3398 2
3399 2
3400 2
3401 2
3402 2
3403 2
3404 2
3405 2
3406 2
3407 2
3408 2
3409 2
3410 2
3411 2
3412 2
3413 2
3414 3
3415 3
3416 3
3417 3
3418 3
3419 3
3420 3
3421 3
3422 3
3423 3
3424 3
3425 3
3426 3
3427 3
3428 3
3429 3
3430 3
3431 3
3432 3
3433 3
3434 3
3435 3
3436 3
3437 3
3438 3
3439 3
3440 3
3441 3
3442 3
3443 3
3444 3
3445 3
3446 3
3447 3
3448 3
3449 3
3450 3
3451 3
3452 3
3453 3
3454 3
3455 3
3456 3
3457 3
3458 3
3459 3
3460 3
3461 3
3462 3
3463 3
3464 3
3465 3
3466 3
3467 3
3468 3
3469 3
3470 3
3471 3
3472 3
3473 3
3474 3
3475 3
3476 3
3477 3
3478 3
3479 3
3480 3
3481 3
3482 3
3483 3
3484 3
3485 3
3486 3
3487 3
3488 3
3489 3
3490 3
3491 3
3492 3
3493 3
3494 3
3495 3
3496 3
3497 3
3498 3
3499 3
3500 3
3501 3
3502 3
3503 3
3504 3
3505 3
3506 3
3507 3
3508 3
3509 3
3510 3
3511 3
3512 3
3513 3
3514 3
3515 3
3516 3
3517 3
3518 3
3519 3
3520 3
3521 3
3522 3
3523 3
3524 3
3525 3
3526 3
3527 3
3528 3
3529 3
3530 3
3531 3
3532 3
3533 3
3534 3
3535 3
3536 3
3537 3
3538 3
3539 3
3540 3
3541 3
3542 3
3543 3
3544 3
3545 3
3546 3
3547 3
3548 3
3549 3
3550 3
3551 3
3552 3
3553 3
3554 3
3555 3
3556 3
3557 3
3558 3
3559 3
3560 3
3561 3
3562 3
3563 3
3564 3
3565 3
3566 3
3567 3
3568 3
3569 3
3570 3
3571 3
3572 3
3573 3
3574 3
3575 3
3576 3
3577 3
3578 3
3579 3
3580 3
3581 3
3582 3
3583 3
3584 3
3585 3
3586 3
3587 3
3588 3
3589 3
3590 3
3591 3
3592 3
3593 3
3594 3
3595 3
3596 3
3597 3
3598 3
3599 3
3600 3
3601 3
3602 3
3603 3
3604 3
3605 3
3606 3
3607 3
3608 3
3609 3
3610 3
3611 3
3612 3
3613 3
3614 3
3615 3
3616 3
3617 3
3618 3
3619 3
3620 3
3621 3
3622 3
3623 3
3624 3
3625 3
3626 3
3627 3
3628 3
3629 3
3630 3
3631 3
3632 3
3633 3
3634 3
3635 3
3636 3
3637 3
3638 3
3639 3
3640 3
3641 3
3642 3
3643 3
3644 3
3645 3
3646 3
3647 3
3648 3
3649 3
3650 3
3651 3
3652 3
3653 3
3654 3
3655 3
3656 3
3657 3
3658 3
3659 3
3660 3
3661 3
3662 3
3663 3
3664 3
3665 3
3666 3
3667 3
3668 3
3669 3
3670 3
3671 3
3672 3
3673 3
3674 3
3675 3
3676 3
3677 3
3678 3
3679 3
3680 3
3681 3
3682 3
3683 3
3684 3
3685 3
3686 3
3687 3
3688 3
3689 3
3690 3
3691 3
3692 3
3693 3
3694 3
3695 3
3696 3
3697 3
3698 3
3699 3
3700 3
3701 3
3702 3
3703 3
3704 3
3705 3
3706 3
3707 3
3708 3
3709 3
3710 3
3711 3
3712 3
3713 3
3714 3
3715 3
3716 3
3717 3
3718 3
3719 3
3720 3
3721 3
3722 3
3723 3
3724 3
3725 3
3726 3
3727 3
3728 3
3729 3
3730 3
3731 3
3732 3
3733 3
3734 3
3735 3
3736 3
3737 3
3738 3
3739 3
3740 3
3741 3
3742 3
3743 3
3744 3
3745 3
3746 3
3747 3
3748 3
3749 3
3750 3
3751 3
3752 3
3753 3
3754 3
3755 3
3756 3
3757 3
3758 3
3759 3
3760 3
3761 3
3762 3
3763 3
3764 3
3765 3
3766 3
3767 3
3768 3
3769 3
3770 3
3771 3
3772 3
3773 3
3774 3
3775 3
3776 3
3777 3
3778 3
3779 3
3780 3
3781 3
3782 3
3783 3
3784 3
3785 3
3786 3
3787 3
3788 3
3789 3
3790 3
3791 3
3792 3
3793 3
3794 3
3795 3
3796 3
3797 3
3798 3
3799 3
3800 3
3801 3
3802 3
3803 3
3804 3
3805 3
3806 3
3807 3
3808 3
3809 3
3810 3
3811 3
3812 3
3813 3
3814 3
3815 3
3816 3
3817 3
3818 3
3819 3
3820 3
3821 3
3822 3
3823 3
3824 3
3825 3
3826 3
3827 3
3828 3
3829 3
3830 3
3831 3
3832 3
3833 3
3834 3
3835 3
3836 3
3837 3
3838 3
3839 3
3840 3
3841 3
3842 3
3843 3
3844 3
3845 3
3846 3
3847 3
3848 3
3849 3
3850 3
3851 3
3852 3
3853 3
3854 3
3855 3
3856 3
3857 3
3858 3
3859 3
3860 3
3861 3
3862 3
3863 3
3864 3
3865 3
3866 3
3867 3
3868 3
3869 3
3870 3
3871 3
3872 3
3873 3
3874 3
3875 3
3876 3
3877 3
3878 3
3879 3
3880 3
3881 3
3882 3
3883 3
3884 3
3885 3
3886 3
3887 3
3888 3
3889 3
3890 3
3891 3
3892 3
3893 3
3894 3
3895 3
3896 3
3897 3
3898 3
3899 3
3900 3
3901 3
3902 3
3903 3
3904 3
3905 3
3906 3
3907 3
3908 3
3909 3
3910 3
3911 3
3912 3
3913 3
3914 3
3915 3
3916 3
3917 3
3918 3
3919 3
3920 3
3921 3
3922 3
3923 3
3924 3
3925 3
3926 3
3927 3
3928 3
3929 3
3930 3
3931 3
3932 3
3933 3
3934 3
3935 3
3936 3
3937 3
3938 3
3939 3
3940 3
3941 3
3942 3
3943 3
3944 3
3945 3
3946 3
3947 3
3948 3
3949 3
3950 3
3951 3
3952 3
3953 3
3954 3
3955 3
3956 3
3957 3
3958 3
3959 3
3960 3
3961 3
3962 3
3963 3
3964 3
3965 3
3966 3
3967 3
3968 3
3969 3
3970 3
3971 3
3972 3
3973 3
3974 3
3975 3
3976 3
3977 3
3978 3
3979 3
3980 3
3981 3
3982 3
3983 3
3984 3
3985 3
3986 3
3987 3
3988 3
3989 3
3990 3
3991 3
3992 3
3993 3
3994 3
3995 3
3996 3
3997 3
3998 3
3999 3
4000 3
4001 3
4002 3
4003 3
4004 3
4005 3
4006 3
4007 3
4008 3
4009 3
4010 3
4011 3
4012 3
4013 3
4014 3
4015 3
4016 3
4017 3
4018 3
4019 3
4020 3
4021 3
4022 3
4023 3
4024 3
4025 3
4026 3
4027 3
4028 3
4029 3
4030 3
4031 3
4032 3
4033 3
4034 3
4035 3
4036 3
4037 3
4038 3
4039 3
4040 3
4041 3
4042 3
4043 3
4044 3
4045 3
4046 3
4047 3
4048 3
4049 3
4050 3
4051 3
4052 3
4053 3
4054 3
4055 3
4056 3
4057 3
4058 3
4059 3
4060 3
4061 3
4062 3
4063 3
4064 3
4065 3
4066 3
4067 3
4068 3
4069 3
4070 3
4071 3
4072 3
4073 3
4074 3
4075 3
4076 3
4077 3
4078 3
4079 3
4080 3
4081 3
4082 3
4083 3
4084 3
4085 3
4086 3
4087 3
4088 3
4089 3
4090 3
4091 3
4092 3
4093 3
4094 3
4095 3
4096 3
4097 3
4098 3
4099 3
4100 3
4101 3
4102 3
4103 3
4104 3
4105 3
4106 3
4107 3
4108 3
4109 3
4110 3
4111 3
4112 3
4113 3
4114 3
4115 3
4116 3
4117 3
4118 3
4119 3
4120 3
4121 3
4122 3
4123 3
4124 3
4125 3
4126 3
4127 3
4128 3
4129 3
4130 3
4131 3
4132 3
4133 3
4134 3
4135 3
4136 3
4137 3
4138 3
4139 3
4140 3
4141 3
4142 3
4143 3
4144 3
4145 3
4146 3
4147 3
4148 3
4149 3
4150 3
4151 3
4152 3
4153 3
4154 3
4155 3
4156 3
4157 3
4158 3
4159 3
4160 3
4161 3
4162 3
4163 3
4164 3
4165 3
4166 3
4167 3
4168 3
4169 3
4170 3
4171 3
4172 3
4173 3
4174 3
4175 3
4176 3
4177 3
4178 3
4179 3
4180 3
4181 3
4182 3
4183 3
4184 3
4185 3
4186 3
4187 3
4188 3
4189 3
4190 3
4191 3
4192 3
4193 3
4194 3
4195 3
4196 3
4197 3
4198 3
4199 3
4200 3
4201 3
4202 3
4203 3
4204 3
4205 3
4206 3
4207 3
4208 3
4209 3
4210 3
4211 3
4212 3
4213 3
4214 3
4215 3
4216 3
4217 3
4218 3
4219 3
4220 3
4221 3
4222 3
4223 3
4224 3
4225 3
4226 3
4227 3
4228 3
4229 3
4230 3
4231 3
4232 3
4233 3
4234 3
4235 3
4236 3
4237 3
4238 3
4239 3
4240 3
4241 3
4242 3
4243 3
4244 3
4245 3
4246 3
4247 3
4248 3
4249 3
4250 3
4251 3
4252 3
4253 3
4254 3
4255 3
4256 3
4257 3
4258 3
4259 3
4260 3
4261 3
4262 3
4263 3
4264 3
4265 3
4266 3
4267 3
4268 3
4269 3
4270 3
4271 3
4272 3
4273 3
4274 3
4275 3
4276 3
4277 3
4278 3
4279 3
4280 3
4281 3
4282 3
4283 3
4284 3
4285 3
4286 3
4287 3
4288 3
4289 3
4290 3
4291 3
4292 3
4293 3
4294 3
4295 3
4296 3
4297 3
4298 3
4299 3
4300 3
4301 3
4302 3
4303 3
4304 3
4305 3
4306 3
4307 3
4308 3
4309 3
4310 3
4311 3
4312 3
4313 3
4314 3
4315 3
4316 3
4317 3
4318 3
4319 3
4320 3
4321 3
4322 3
4323 3
4324 3
4325 3
4326 3
4327 3
4328 3
4329 3
4330 3
4331 3
4332 3
4333 3
4334 3
4335 3
4336 3
4337 3
4338 3
4339 3
4340 3
4341 3
4342 3
4343 3
4344 3
4345 3
4346 3
4347 3
4348 3
4349 3
4350 3
4351 3
4352 3
4353 3
4354 3
4355 3
4356 3
4357 3
4358 3
4359 3
4360 3
4361 3
4362 3
4363 3
4364 3
4365 3
4366 3
4367 3
4368 3
4369 3
4370 3
4371 3
4372 3
4373 3
4374 3
4375 3
4376 3
4377 3
4378 3
4379 3
4380 3
4381 3
4382 3
4383 3
4384 3
4385 3
4386 3
4387 3
4388 3
4389 3
4390 3
4391 3
4392 3
4393 3
4394 3
4395 3
4396 3
4397 3
4398 3
4399 3
4400 3
4401 3
4402 3
4403 3
4404 3
4405 3
4406 3
4407 3
4408 3
4409 3
4410 3
4411 3
4412 3
4413 3
4414 3
4415 3
4416 3
4417 3
4418 3
4419 3
4420 3
4421 3
4422 3
4423 3
4424 3
4425 3
4426 3
4427 3
4428 3
4429 3
4430 3
4431 3
4432 3
4433 3
4434 3
4435 3
4436 3
4437 3
4438 3
4439 3
4440 3
4441 3
4442 3
4443 3
4444 3
4445 3
4446 3
4447 3
4448 3
4449 3
4450 3
4451 3
4452 3
4453 3
4454 3
4455 3
4456 3
4457 3
4458 3
4459 3
4460 3
4461 3
4462 3
4463 3
4464 3
4465 3
4466 3
4467 3
4468 3
4469 3
4470 3
4471 3
4472 3
4473 3
4474 3
4475 3
4476 3
4477 3
4478 3
4479 3
4480 3
4481 3
4482 3
4483 3
4484 3
4485 3
4486 3
4487 3
4488 3
4489 3
4490 3
4491 3
4492 3
4493 3
4494 3
4495 3
4496 3
4497 3
4498 3
4499 3
4500 3
4501 3
4502 3
4503 3
4504 3
4505 3
4506 3
4507 3
4508 3
4509 3
4510 3
4511 3
4512 3
4513 3
4514 3
4515 3
4516 3
4517 3
4518 3
4519 3
4520 3
4521 3
4522 3
4523 3
4524 3
4525 3
4526 3
4527 3
4528 3
4529 3
4530 3
4531 3
4532 3
4533 3
4534 3
4535 3
4536 3
4537 3
4538 3
4539 3
4540 3
4541 3
4542 3
4543 3
4544 3
4545 3
4546 3
4547 3
4548 3
4549 3
4550 3
4551 3
4552 3
4553 3
4554 3
4555 3
4556 3
4557 3
4558 3
4559 3
4560 3
4561 3
4562 3
4563 3
4564 3
4565 3
4566 3
4567 3
4568 3
4569 3
4570 3
4571 3
4572 3
4573 3
4574 3
4575 3
4576 3
4577 3
4578 3
4579 3
4580 3
4581 3
4582 3
4583 3
4584 3
4585 3
4586 3
4587 3
4588 3
4589 3
4590 3
4591 3
4592 3
4593 3
4594 3
4595 3
4596 3
4597 3
4598 3
4599 3
4600 3
4601 3
4602 3
4603 3
4604 3
4605 3
4606 3
4607 3
4608 3
4609 3
4610 3
4611 3
4612 3
4613 3
4614 3
4615 3
4616 3
4617 3
4618 3
4619 3
4620 3
4621 3
4622 3
4623 3
4624 3
4625 3
4626 3
4627 3
4628 3
4629 3
4630 3
4631 3
4632 3
4633 3
4634 3
4635 3
4636 3
4637 3
4638 3
4639 3
4640 3
4641 3
4642 3
4643 3
4644 3
4645 3
4646 3
4647 3
4648 3
4649 3
4650 3
4651 3
4652 3
4653 3
4654 3
4655 3
4656 3
4657 3
4658 3
4659 3
4660 3
4661 3
4662 3
4663 3
4664 3
4665 3
4666 3
4667 3
4668 3
4669 3
4670 3
4671 3
4672 3
4673 3
4674 3
4675 3
4676 3
4677 3
4678 3
4679 3
4680 3
4681 3
4682 3
4683 3
4684 3
4685 3
4686 3
4687 3
4688 3
4689 3
4690 3
4691 3
4692 3
4693 3
4694 3
4695 3
4696 3
4697 3
4698 3
4699 3
4700 3
4701 3
4702 3
4703 3
4704 3
4705 3
4706 3
4707 3
4708 3
4709 3
4710 3
4711 3
4712 3
4713 3
4714 3
4715 3
4716 3
4717 3
4718 3
4719 3
4720 3
4721 3
4722 3
4723 3
4724 3
4725 3
4726 3
4727 3
4728 3
4729 3
4730 3
4731 3
4732 3
4733 3
4734 3
4735 3
4736 3
4737 3
4738 3
4739 3
4740 3
4741 3
4742 3
4743 3
4744 3
4745 3
4746 3
4747 3
4748 3
4749 3
4750 3
4751 3
4752 3
4753 3
4754 3
4755 3
4756 3
4757 3
4758 3
4759 3
4760 3
4761 3
4762 3
4763 3
4764 3
4765 3
4766 3
4767 3
4768 3
4769 3
4770 3
4771 3
4772 3
4773 3
4774 3
4775 3
4776 3
4777 3
4778 3
4779 3
4780 3
4781 3
4782 3
4783 3
4784 3
4785 3
4786 3
4787 3
4788 3
4789 3
4790 3
4791 3
4792 3
4793 3
4794 3
4795 3
4796 3
4797 3
4798 3
4799 3
4800 3
4801 3
4802 3
4803 3
4804 3
4805 3
4806 3
4807 3
4808 3
4809 3
4810 3
4811 3
4812 3
4813 3
4814 3
4815 3
4816 3
4817 3
4818 3
4819 3
4820 3
4821 3
4822 3
4823 3
4824 3
4825 3
4826 3
4827 3
4828 3
4829 3
4830 3
4831 3
4832 3
4833 3
4834 3
4835 3
4836 3
4837 3
4838 3
4839 3
4840 3
4841 3
4842 3
4843 3
4844 3
4845 3
4846 3
4847 3
4848 3
4849 3
4850 3
4851 3
4852 3
4853 3
4854 3
4855 3
4856 3
4857 3
4858 3
4859 3
4860 3
4861 3
4862 3
4863 3
4864 3
4865 3
4866 3
4867 3
4868 3
4869 3
4870 3
4871 3
4872 3
4873 3
4874 3
4875 3
4876 3
4877 3
4878 3
4879 3
4880 3
4881 3
4882 3
4883 3
4884 3
4885 3
4886 3
4887 3
4888 3
4889 3
4890 3
4891 3
4892 3
4893 3
4894 3
4895 3
4896 3
4897 3
4898 3
4899 3
4900 3
4901 3
4902 3
4903 3
4904 3
4905 3
4906 3
4907 3
4908 3
4909 3
4910 3
4911 3
4912 3
4913 3
4914 3
4915 3
4916 3
4917 3
4918 3
4919 3
4920 3
4921 3
4922 3
4923 3
4924 3
4925 3
4926 3
4927 3
4928 3
4929 3
4930 3
4931 3
4932 3
4933 3
4934 3
4935 3
4936 3
4937 3
4938 3
4939 3
4940 3
4941 3
4942 3
4943 3
4944 3
4945 3
4946 3
4947 3
4948 3
4949 3
4950 3
4951 3
4952 3
4953 3
4954 3
4955 3
4956 3
4957 3
4958 3
4959 3
4960 3
4961 3
4962 3
4963 3
4964 3
4965 3
4966 3
4967 3
4968 3
4969 3
4970 3
4971 3
4972 3
4973 3
4974 3
4975 3
4976 3
4977 3
4978 3
4979 3
4980 3
4981 3
4982 3
4983 3
4984 3
4985 3
4986 3
4987 3
4988 3
4989 3
4990 3
4991 3
4992 3
4993 3
4994 3
4995 3
4996 3
4997 3
4998 3
4999 3
5000 3
5001 3
5002 3
5003 3
5004 3
5005 3
5006 3
5007 3
5008 3
5009 3
5010 3
5011 3
5012 3
5013 3
5014 3
5015 3
5016 3
5017 3
5018 3
5019 3
5020 3
5021 3
5022 3
5023 3
5024 3
5025 3
5026 3
5027 3
5028 3
5029 3
5030 3
5031 3
5032 3
5033 3
5034 3
5035 3
5036 3
5037 3
5038 3
5039 3
5040 3
5041 3
5042 3
5043 3
5044 3
5045 3
5046 3
5047 3
5048 3
5049 3
5050 3
5051 3
5052 3
5053 3
5054 3
5055 3
5056 3
5057 3
5058 3
5059 3
5060 3
5061 3
5062 3
5063 3
5064 3
5065 3
5066 3
5067 3
5068 3
5069 3
5070 3
5071 3
5072 3
5073 3
5074 3
5075 3
5076 3
5077 3
5078 3
5079 3
5080 3
5081 3
5082 3
5083 3
5084 3
5085 3
5086 3
5087 3
5088 3
5089 3
5090 3
5091 3
5092 3
5093 3
5094 3
5095 3
5096 3
5097 3
5098 3
5099 3
5100 3
5101 3
5102 3
5103 3
5104 3
5105 3
5106 3
5107 3
5108 3
5109 3
5110 3
5111 3
5112 3
5113 3
5114 3
5115 3
5116 3
5117 3
5118 3
5119 3
5120 3
5121 3
5122 3
5123 3
5124 3
5125 3
5126 3
5127 3
5128 3
5129 3
5130 3
5131 3
5132 3
5133 3
5134 3
5135 3
5136 3
5137 3
5138 3
5139 3
5140 3
5141 3
5142 3
5143 3
5144 3
5145 3
5146 3
5147 3
5148 3
5149 3
5150 3
5151 3
5152 3
5153 3
5154 3
5155 3
5156 3
5157 3
5158 3
5159 3
5160 3
5161 3
5162 3
5163 3
5164 3
5165 3
5166 3
5167 3
5168 3
5169 3
5170 3
5171 3
5172 3
5173 3
5174 3
5175 3
5176 3
5177 3
5178 3
5179 3
5180 3
5181 3
5182 3
5183 3
5184 3
5185 3
5186 3
5187 3
5188 3
5189 3
5190 3
5191 3
5192 3
5193 3
5194 3
5195 3
5196 3
5197 3
5198 3
5199 3
5200 3
5201 3
5202 3
5203 3
5204 3
5205 3
5206 3
5207 3
5208 3
5209 3
5210 3
5211 3
5212 3
5213 3
5214 3
5215 3
5216 3
5217 3
5218 3
5219 3
5220 3
5221 3
5222 3
5223 3
5224 3
5225 3
5226 3
5227 3
5228 3
5229 3
5230 3
5231 3
5232 3
5233 3
5234 3
5235 3
5236 3
5237 3
5238 3
5239 3
5240 3
5241 3
5242 3
5243 3
5244 3
5245 3
5246 3
5247 3
5248 3
5249 3
5250 3
5251 3
5252 3
5253 3
5254 3
5255 3
5256 3
5257 3
5258 3
5259 3
5260 3
5261 3
5262 3
5263 3
5264 3
5265 3
5266 3
5267 3
5268 3
5269 3
5270 3
5271 3
5272 3
5273 3
5274 3
5275 3
5276 3
5277 3
5278 3
5279 3
5280 3
5281 3
5282 3
5283 3
5284 3
5285 3
5286 3
5287 3
5288 3
5289 3
5290 3
5291 3
5292 3
5293 3
5294 3
5295 3
5296 3
5297 3
5298 3
5299 3
5300 3
5301 3
5302 3
5303 3
5304 3
5305 3
5306 3
5307 3
5308 3
5309 3
5310 3
5311 3
5312 3
5313 3
5314 3
5315 3
5316 3
5317 3
5318 3
5319 3
5320 3
5321 3
5322 3
5323 3
5324 3
5325 3
5326 3
5327 3
5328 3
5329 3
5330 3
5331 3
5332 3
5333 3
5334 3
5335 3
5336 3
5337 3
5338 3
5339 3
5340 3
5341 3
5342 3
5343 3
5344 3
5345 3
5346 3
5347 3
5348 3
5349 3
5350 3
5351 3
5352 3
5353 3
5354 3
5355 3
5356 3
5357 3
5358 3
5359 3
5360 3
5361 3
5362 3
5363 3
5364 3
5365 3
5366 3
5367 3
5368 3
5369 3
5370 3
5371 3
5372 3
5373 3
5374 3
5375 3
5376 3
5377 3
5378 3
5379 3
5380 3
5381 3
5382 3
5383 3
5384 3
5385 3
5386 3
5387 3
5388 3
5389 3
5390 3
5391 3
5392 3
5393 3
5394 3
5395 3
5396 3
5397 3
5398 3
5399 3
5400 3
5401 3
5402 3
5403 3
5404 3
5405 3
5406 3
5407 3
5408 3
5409 3
5410 3
5411 3
5412 3
5413 3
5414 3
5415 3
5416 3
5417 3
5418 3
5419 3
5420 3
5421 3
5422 3
5423 3
5424 3
5425 3
5426 3
5427 3
5428 3
5429 3
5430 3
5431 3
5432 3
5433 3
5434 3
5435 3
5436 3
5437 3
5438 3
5439 3
5440 3
5441 3
5442 3
5443 3
5444 3
5445 3
5446 3
5447 3
5448 3
5449 3
5450 3
5451 3
5452 3
5453 3
5454 3
5455 3
5456 3
5457 3
5458 3
5459 3
5460 3
5461 3
5462 3
5463 3
5464 3
5465 3
5466 3
5467 3
5468 3
5469 3
5470 3
5471 3
5472 3
5473 3
5474 3
5475 3
5476 3
5477 3
5478 3
5479 3
5480 3
5481 3
5482 3
5483 3
5484 3
5485 3
5486 3
5487 3
5488 3
5489 3
5490 3
5491 3
5492 3
5493 3
5494 3
5495 3
5496 3
5497 3
5498 3
5499 3
5500 3
5501 3
5502 3
5503 3
5504 3
5505 3
5506 3
5507 3
5508 3
5509 3
5510 3
5511 3
5512 3
5513 3
5514 3
5515 3
5516 3
5517 3
5518 3
5519 3
5520 3
5521 3
5522 3
5523 3
5524 3
5525 3
5526 3
5527 3
5528 3
5529 3
5530 3
5531 3
5532 3
5533 3
5534 3
5535 3
5536 3
5537 3
5538 3
5539 3
5540 3
5541 3
5542 3
5543 3
5544 3
5545 3
5546 3
5547 3
5548 3
5549 3
5550 3
5551 3
5552 3
5553 3
5554 3
5555 3
5556 3
5557 3
5558 3
5559 3
5560 3
5561 3
5562 3
5563 3
5564 3
5565 3
5566 3
5567 3
5568 3
5569 3
5570 3
5571 3
5572 3
5573 3
5574 3
5575 3
5576 3
5577 3
5578 3
5579 3
5580 3
5581 3
5582 3
5583 3
5584 3
5585 3
5586 3
5587 3
5588 3
5589 3
5590 3
5591 3
5592 3
5593 3
5594 3
5595 3
5596 3
5597 3
5598 3
5599 3
5600 3
5601 3
5602 3
5603 3
5604 3
5605 3
5606 3
5607 3
5608 3
5609 3
5610 3
5611 3
5612 3
5613 3
5614 3
5615 3
5616 3
5617 3
5618 3
5619 3
5620 3
5621 3
5622 3
5623 3
5624 3
5625 3
5626 3
5627 3
5628 3
5629 3
5630 3
5631 3
5632 3
5633 3
5634 3
5635 3
5636 3
5637 3
5638 3
5639 3
5640 3
5641 3
5642 3
5643 3
5644 3
5645 3
5646 3
5647 3
5648 3
5649 3
5650 3
5651 3
5652 3
5653 3
5654 3
5655 3
5656 3
5657 3
5658 3
5659 3
5660 3
5661 3
5662 3
5663 3
5664 3
5665 3
5666 3
5667 3
5668 3
5669 3
5670 3
5671 3
5672 3
5673 3
5674 3
5675 3
5676 3
5677 3
5678 3
5679 3
5680 3
5681 3
5682 3
5683 3
5684 3
5685 3
5686 3
5687 3
5688 3
5689 3
5690 3
5691 3
5692 3
5693 3
5694 3
5695 3
5696 3
5697 3
5698 3
5699 3
5700 3
5701 3
5702 3
5703 3
5704 3
5705 3
5706 3
5707 3
5708 3
5709 3
5710 3
5711 3
5712 3
5713 3
5714 3
5715 3
5716 3
5717 3
5718 3
5719 3
5720 3
5721 3
5722 3
5723 3
5724 3
5725 3
5726 3
5727 3
5728 3
5729 3
5730 3
5731 3
5732 3
5733 3
5734 3
5735 3
5736 3
5737 3
5738 3
5739 3
5740 3
5741 3
5742 3
5743 3
5744 3
5745 3
5746 3
5747 3
5748 3
5749 3
5750 3
5751 3
5752 3
5753 3
5754 3
5755 3
5756 3
5757 3
5758 3
5759 3
5760 3
5761 3
5762 3
5763 3
5764 3
5765 3
5766 3
5767 3
5768 3
5769 3
5770 3
5771 3
5772 3
5773 3
5774 3
5775 3
5776 3
5777 3
5778 3
5779 3
5780 3
5781 3
5782 3
5783 3
5784 3
5785 3
5786 3
5787 3
5788 3
5789 3
5790 3
5791 3
5792 3
5793 3
5794 3
5795 3
5796 3
5797 3
5798 3
5799 3
5800 3
5801 3
5802 3
5803 3
5804 3
5805 3
5806 3
5807 3
5808 3
5809 3
5810 3
5811 3
5812 3
5813 3
5814 3
5815 3
5816 3
5817 3
5818 3
5819 3
5820 3
5821 3
5822 3
5823 3
5824 3
5825 3
5826 3
5827 3
5828 3
5829 3
5830 3
5831 3
5832 3
5833 3
5834 3
5835 3
5836 3
5837 3
5838 3
5839 3
5840 3
5841 3
5842 3
5843 3
5844 3
5845 3
5846 3
5847 3
5848 3
5849 3
5850 3
5851 3
5852 3
5853 3
5854 3
5855 3
5856 3
5857 3
5858 3
5859 3
5860 3
5861 3
5862 3
5863 3
5864 3
5865 3
5866 3
5867 3
5868 3
5869 3
5870 3
5871 3
5872 3
5873 3
5874 3
5875 3
5876 3
5877 3
5878 3
5879 3
5880 3
5881 3
5882 3
5883 3
5884 3
5885 3
5886 3
5887 3
5888 3
5889 3
5890 3
5891 3
5892 3
5893 3
5894 3
5895 3
5896 3
5897 3
5898 3
5899 3
5900 3
5901 3
5902 3
5903 3
5904 3
5905 3
5906 3
5907 3
5908 3
5909 3
5910 3
5911 3
5912 3
5913 3
5914 3
5915 3
5916 3
5917 3
5918 3
5919 3
5920 3
5921 3
5922 3
5923 3
5924 3
5925 3
5926 3
5927 3
5928 3
5929 3
5930 3
5931 3
5932 3
5933 3
5934 3
5935 3
5936 3
5937 3
5938 3
5939 3
5940 3
5941 3
5942 3
5943 3
5944 3
5945 3
5946 3
5947 3
5948 3
5949 3
5950 3
5951 3
5952 3
5953 3
5954 3
5955 3
5956 3
5957 3
5958 3
5959 3
5960 3
5961 3
5962 3
5963 3
5964 3
5965 3
5966 3
5967 3
5968 3
5969 3
5970 3
5971 3
5972 3
5973 3
5974 3
5975 3
5976 3
5977 3
5978 3
5979 3
5980 3
5981 3
5982 3
5983 3
5984 3
5985 3
5986 3
5987 3
5988 3
5989 3
5990 3
5991 3
5992 3
5993 3
5994 3
5995 3
5996 3
5997 3
5998 3
5999 3
6000 3
6001 3
6002 3
6003 3
6004 3
6005 3
6006 3
6007 3
6008 3
6009 3
6010 3
6011 3
6012 3
6013 3
6014 3
6015 3
6016 3
6017 3
6018 3
6019 3
6020 3
6021 3
6022 3
6023 3
6024 3
6025 3
6026 3
6027 3
6028 3
6029 3
6030 3
6031 3
6032 3
6033 3
6034 3
6035 3
6036 3
6037 3
6038 3
6039 3
6040 3
6041 3
6042 3
6043 3
6044 3
6045 3
6046 3
6047 3
6048 3
6049 3
6050 3
6051 3
6052 3
6053 3
6054 3
6055 3
6056 3
6057 3
6058 3
6059 3
6060 3
6061 3
6062 3
6063 3
6064 3
6065 3
6066 3
6067 3
6068 3
6069 3
6070 3
6071 3
6072 3
6073 3
6074 3
6075 3
6076 3
6077 3
6078 3
6079 3
6080 3
6081 3
6082 3
6083 3
6084 3
6085 3
6086 3
6087 3
6088 3
6089 3
6090 3
6091 3
6092 3
6093 3
6094 3
6095 3
6096 3
6097 3
6098 3
6099 3
6100 3
6101 3
6102 3
6103 3
6104 3
6105 3
6106 3
6107 3
6108 3
6109 3
6110 3
6111 3
6112 3
6113 3
6114 3
6115 3
6116 3
6117 3
6118 3
6119 3
6120 3
6121 3
6122 3
6123 3
6124 3
6125 3
6126 3
6127 3
6128 3
6129 3
6130 3
6131 3
6132 3
6133 3
6134 3
6135 3
6136 3
6137 3
6138 3
6139 3
6140 3
6141 3
6142 3
6143 3
6144 3
6145 3
6146 3
6147 3
6148 3
6149 3
6150 3
6151 3
6152 3
6153 3
6154 3
6155 3
6156 3
6157 3
6158 3
6159 3
6160 3
6161 3
6162 3
6163 3
6164 3
6165 3
6166 3
6167 3
6168 3
6169 3
6170 3
6171 3
6172 3
6173 3
6174 3
6175 3
6176 3
6177 3
6178 3
6179 3
6180 3
6181 3
6182 3
6183 3
6184 3
6185 3
6186 3
6187 3
6188 3
6189 3
6190 3
6191 3
6192 3
6193 3
6194 3
6195 3
6196 3
6197 3
6198 3
6199 3
6200 3
6201 3
6202 3
6203 3
6204 3
6205 3
6206 3
6207 3
6208 3
6209 3
6210 3
6211 3
6212 3
6213 3
6214 3
6215 3
6216 3
6217 3
6218 3
6219 3
6220 3
6221 3
6222 3
6223 3
6224 3
6225 3
6226 3
6227 3
6228 3
6229 3
6230 3
6231 3
6232 3
6233 3
6234 3
6235 3
6236 3
6237 3
6238 3
6239 3
6240 3
6241 3
6242 3
6243 3
6244 3
6245 3
6246 3
6247 3
6248 3
6249 3
6250 3
6251 3
6252 3
6253 3
6254 3
6255 3
6256 3
6257 3
6258 3
6259 3
6260 3
6261 3
6262 3
6263 3
6264 3
6265 3
6266 3
6267 3
6268 3
6269 3
6270 3
6271 3
6272 3
6273 3
6274 3
6275 3
6276 3
6277 3
6278 3
6279 3
6280 3
6281 3
6282 3
6283 3
6284 3
6285 3
6286 3
6287 3
6288 3
6289 3
6290 3
6291 3
6292 3
6293 3
6294 3
6295 3
6296 3
6297 3
6298 3
6299 3
6300 3
6301 3
6302 3
6303 3
6304 3
6305 3
6306 3
6307 3
6308 3
6309 3
6310 3
6311 3
6312 3
6313 3
6314 3
6315 3
6316 3
6317 3
6318 3
6319 3
6320 3
6321 3
6322 3
6323 3
6324 3
6325 3
6326 3
6327 3
6328 3
6329 3
6330 3
6331 3
6332 3
6333 3
6334 3
6335 3
6336 3
6337 3
6338 3
6339 3
6340 3
6341 3
6342 3
6343 3
6344 3
6345 3
6346 3
6347 3
6348 3
6349 3
6350 3
6351 3
6352 3
6353 3
6354 3
6355 3
6356 3
6357 3
6358 3
6359 3
6360 3
6361 3
6362 3
6363 3
6364 3
6365 3
6366 3
6367 3
6368 3
6369 3
6370 3
6371 3
6372 3
6373 3
6374 3
6375 3
6376 3
6377 3
6378 3
6379 3
6380 3
6381 3
6382 3
6383 3
6384 3
6385 3
6386 3
6387 3
6388 3
6389 3
6390 3
6391 3
6392 3
6393 3
6394 3
6395 3
6396 3
6397 3
6398 3
6399 3
6400 3
6401 3
6402 3
6403 3
6404 3
6405 3
6406 3
6407 3
6408 3
6409 3
6410 3
6411 3
6412 3
6413 3
6414 3
6415 3
6416 3
6417 3
6418 3
6419 3
6420 3
6421 3
6422 3
6423 3
6424 3
6425 3
6426 3
6427 3
6428 3
6429 3
6430 3
6431 3
6432 3
6433 3
6434 3
6435 3
6436 3
6437 3
6438 3
6439 3
6440 3
6441 3
6442 3
6443 3
6444 3
6445 3
6446 3
6447 3
6448 3
6449 3
6450 3
6451 3
6452 3
6453 3
6454 3
6455 3
6456 3
6457 3
6458 3
6459 3
6460 3
6461 3
6462 3
6463 3
6464 3
6465 3
6466 3
6467 3
6468 3
6469 3
6470 3
6471 3
6472 3
6473 3
6474 3
6475 3
6476 3
6477 3
6478 3
6479 3
6480 3
6481 3
6482 3
6483 3
6484 3
6485 3
6486 3
6487 3
6488 3
6489 3
6490 3
6491 3
6492 3
6493 3
6494 3
6495 3
6496 3
6497 3
6498 3
6499 3
6500 3
6501 3
6502 3
6503 3
6504 3
6505 3
6506 3
6507 3
6508 3
6509 3
6510 3
6511 3
6512 3
6513 3
6514 3
6515 3
6516 3
6517 3
6518 3
6519 3
6520 3
6521 3
6522 3
6523 3
6524 3
6525 3
6526 3
6527 3
6528 3
6529 3
6530 3
6531 3
6532 3
6533 3
6534 3
6535 3
6536 3
6537 3
6538 3
6539 3
6540 3
6541 3
6542 3
6543 3
6544 3
6545 3
6546 3
6547 3
6548 3
6549 3
6550 3
6551 3
6552 3
6553 3
6554 3
6555 3
6556 3
6557 3
6558 3
6559 3
6560 3
6561 3
6562 3
6563 3
6564 3
6565 3
6566 3
6567 3
6568 3
6569 3
6570 3
6571 3
6572 3
6573 3
6574 3
6575 3
6576 3
6577 3
6578 3
6579 3
6580 3
6581 3
6582 3
6583 3
6584 3
6585 3
6586 3
6587 3
6588 3
6589 3
6590 3
6591 3
6592 3
6593 3
6594 3
6595 3
6596 3
6597 3
6598 3
6599 3
6600 3
6601 3
6602 3
6603 3
6604 3
6605 3
6606 3
6607 3
6608 3
6609 3
6610 3
6611 3
6612 3
6613 3
6614 3
6615 3
6616 3
6617 3
6618 3
6619 3
6620 3
6621 3
6622 3
6623 3
6624 3
6625 3
6626 3
6627 3
6628 3
6629 3
6630 3
6631 3
6632 3
6633 3
6634 3
6635 3
6636 3
6637 3
6638 3
6639 3
6640 3
6641 3
6642 3
6643 3
6644 3
6645 3
6646 3
6647 3
6648 3
6649 3
6650 3
6651 3
6652 3
6653 3
6654 3
6655 3
6656 3
6657 3
6658 3
6659 3
6660 3
6661 3
6662 3
6663 3
6664 3
6665 3
6666 3
6667 3
6668 3
6669 3
6670 3
6671 3
6672 3
6673 3
6674 3
6675 3
6676 3
6677 3
6678 3
6679 3
6680 3
6681 3
6682 3
6683 3
6684 3
6685 3
6686 3
6687 3
6688 3
6689 3
6690 3
6691 3
6692 3
6693 3
6694 3
6695 3
6696 3
6697 3
6698 3
6699 3
6700 3
6701 3
6702 3
6703 3
6704 3
6705 3
6706 3
6707 3
6708 3
6709 3
6710 3
6711 3
6712 3
6713 3
6714 3
6715 3
6716 3
6717 3
6718 3
6719 3
6720 3
6721 3
6722 3
6723 3
6724 3
6725 3
6726 3
6727 3
6728 3
6729 3
6730 3
6731 3
6732 3
6733 3
6734 3
6735 3
6736 3
6737 3
6738 3
6739 3
6740 3
6741 3
6742 3
6743 3
6744 3
6745 3
6746 3
6747 3
6748 3
6749 3
6750 3
6751 3
6752 3
6753 3
6754 3
6755 3
6756 3
6757 3
6758 3
6759 3
6760 3
6761 3
6762 3
6763 3
6764 3
6765 3
6766 3
6767 3
6768 3
6769 3
6770 3
6771 3
6772 3
6773 3
6774 3
6775 3
6776 3
6777 3
6778 3
6779 3
6780 3
6781 3
6782 3
6783 3
6784 3
6785 3
6786 3
6787 3
6788 3
6789 3
6790 3
6791 3
6792 3
6793 3
6794 3
6795 3
6796 3
6797 3
6798 3
6799 3
6800 3
6801 3
6802 3
6803 3
6804 3
6805 3
6806 3
6807 3
6808 3
6809 3
6810 3
6811 3
6812 3
6813 3
6814 3
6815 3
6816 3
6817 3
6818 3
6819 3
6820 3
6821 3
6822 3
6823 3
6824 3
6825 3
6826 3
6827 3
6828 3
6829 3
6830 3
6831 3
6832 3
6833 3
6834 3
6835 3
6836 3
6837 3
6838 3
6839 3
6840 3
6841 3
6842 3
6843 3
6844 3
6845 3
6846 3
6847 3
6848 3
6849 3
6850 3
6851 3
6852 3
6853 3
6854 3
6855 3
6856 3
6857 3
6858 3
6859 3
6860 3
6861 3
6862 3
6863 3
6864 3
6865 3
6866 3
6867 3
6868 3
6869 3
6870 3
6871 3
6872 3
6873 3
6874 3
6875 3
6876 3
6877 3
6878 3
6879 3
6880 3
6881 3
6882 3
6883 3
6884 3
6885 3
6886 3
6887 3
6888 3
6889 3
6890 3
6891 3
6892 3
6893 3
6894 3
6895 3
6896 3
6897 3
6898 3
6899 3
6900 3
6901 3
6902 3
6903 3
6904 3
6905 3
6906 3
6907 3
6908 3
6909 3
6910 3
6911 3
6912 3
6913 3
6914 3
6915 3
6916 3
6917 3
6918 3
6919 3
6920 3
6921 3
6922 3
6923 3
6924 3
6925 3
6926 3
6927 3
6928 3
6929 3
6930 3
6931 3
6932 3
6933 3
6934 3
6935 3
6936 3
6937 3
6938 3
6939 3
6940 3
6941 3
6942 3
6943 3
6944 3
6945 3
6946 3
6947 3
6948 3
6949 3
6950 3
6951 3
6952 3
6953 3
6954 3
6955 3
6956 3
6957 3
6958 3
6959 3
6960 3
6961 3
6962 3
6963 3
6964 3
6965 3
6966 3
6967 3
6968 3
6969 3
6970 3
6971 3
6972 3
6973 3
6974 3
6975 3
6976 3
6977 3
6978 3
6979 3
6980 3
6981 3
6982 3
6983 3
6984 3
6985 3
6986 3
6987 3
6988 3
6989 3
6990 3
6991 3
6992 3
6993 3
6994 3
6995 3
6996 3
6997 3
6998 3
6999 3
7000 3
7001 3
7002 3
7003 3
7004 3
7005 3
7006 3
7007 3
7008 3
7009 3
7010 3
7011 3
7012 3
7013 3
7014 3
7015 3
7016 3
7017 3
7018 3
7019 3
7020 3
7021 3
7022 3
7023 3
7024 3
7025 3
7026 3
7027 3
7028 3
7029 3
7030 3
7031 3
7032 3
7033 3
7034 3
7035 3
7036 3
7037 3
7038 3
7039 3
7040 3
7041 3
7042 3
7043 3
7044 3
7045 3
7046 3
7047 3
7048 3
7049 3
7050 3
7051 3
7052 3
7053 3
7054 3
7055 3
7056 3
7057 3
7058 3
7059 3
7060 4
7061 4
7062 4
7063 4
7064 4
7065 4
7066 4
7067 4
7068 4
7069 4
7070 4
7071 4
7072 4
7073 4
7074 4
7075 4
7076 4
7077 4
7078 4
7079 4
7080 4
7081 4
7082 4
7083 4
7084 4
7085 4
7086 4
7087 4
7088 4
7089 4
7090 4
7091 4
7092 4
7093 4
7094 4
7095 4
7096 4
7097 4
7098 4
7099 4
7100 4
7101 4
7102 4
7103 4
7104 4
7105 4
7106 4
7107 4
7108 4
7109 4
7110 4
7111 4
7112 4
7113 4
7114 4
7115 4
7116 4
7117 4
7118 4
7119 4
7120 4
7121 4
7122 4
7123 4
7124 4
7125 4
7126 4
7127 4
7128 4
7129 4
7130 4
7131 4
7132 4
7133 4
7134 4
7135 4
7136 4
7137 4
7138 4
7139 4
7140 4
7141 4
7142 4
7143 4
7144 4
7145 4
7146 4
7147 4
7148 4
7149 4
7150 4
7151 4
7152 4
7153 4
7154 4
7155 4
7156 4
7157 4
7158 4
7159 4
7160 4
7161 4
7162 4
7163 4
7164 4
7165 4
7166 4
7167 4
7168 4
7169 4
7170 4
7171 4
7172 4
7173 4
7174 4
7175 4
7176 4
7177 4
7178 4
7179 4
7180 4
7181 4
7182 4
7183 4
7184 4
7185 4
7186 4
7187 4
7188 4
7189 4
7190 4
7191 4
7192 4
7193 4
7194 4
7195 4
7196 4
7197 4
7198 4
7199 4
7200 4
7201 4
7202 4
7203 4
7204 4
7205 4
7206 4
7207 4
7208 4
7209 4
7210 4
7211 4
7212 4
7213 4
7214 4
7215 4
7216 4
7217 4
7218 4
7219 4
7220 4
7221 4
7222 4
7223 4
7224 4
7225 4
7226 4
7227 4
7228 4
7229 4
7230 4
7231 4
7232 4
7233 4
7234 4
7235 4
7236 4
7237 4
7238 4
7239 4
7240 4
7241 4
7242 4
7243 4
7244 4
7245 4
7246 4
7247 4
7248 4
7249 4
7250 4
7251 4
7252 4
7253 4
7254 4
7255 4
7256 4
7257 4
7258 4
7259 4
7260 4
7261 4
7262 4
7263 4
7264 4
7265 4
7266 4
7267 4
7268 4
7269 4
7270 4
7271 4
7272 4
7273 4
7274 4
7275 4
7276 4
7277 4
7278 4
7279 4
7280 4
7281 4
7282 4
7283 4
7284 4
7285 4
7286 4
7287 4
7288 4
7289 4
7290 4
7291 4
7292 4
7293 4
7294 4
7295 4
7296 4
7297 4
7298 4
7299 4
7300 4
7301 4
7302 4
7303 4
7304 4
7305 4
7306 4
7307 4
7308 4
7309 4
7310 4
7311 4
7312 4
7313 4
7314 4
7315 4
7316 4
7317 4
7318 4
7319 4
7320 4
7321 4
7322 4
7323 4
7324 4
7325 4
7326 4
7327 4
7328 4
7329 4
7330 4
7331 4
7332 4
7333 4
7334 4
7335 4
7336 4
7337 4
7338 4
7339 4
7340 4
7341 4
7342 4
7343 4
7344 4
7345 4
7346 4
7347 4
7348 4
7349 4
7350 4
7351 4
7352 4
7353 4
7354 4
7355 4
7356 4
7357 4
7358 4
7359 4
7360 4
7361 4
7362 4
7363 4
7364 4
7365 4
7366 4
7367 4
7368 4
7369 4
7370 4
7371 4
7372 4
7373 4
7374 4
7375 4
7376 4
7377 4
7378 4
7379 4
7380 4
7381 4
7382 4
7383 4
7384 4
7385 4
7386 4
7387 4
7388 4
7389 4
7390 4
7391 4
7392 4
7393 4
7394 4
7395 4
7396 4
7397 4
7398 4
7399 4
7400 4
7401 4
7402 4
7403 4
7404 4
7405 4
7406 4
7407 4
7408 4
7409 4
7410 4
7411 4
7412 4
7413 4
7414 4
7415 4
7416 4
7417 4
7418 4
7419 4
7420 4
7421 4
7422 4
7423 4
7424 4
7425 4
7426 4
7427 4
7428 4
7429 4
7430 4
7431 4
7432 4
7433 4
7434 4
7435 4
7436 4
7437 4
7438 4
7439 4
7440 4
7441 4
7442 4
7443 4
7444 4
7445 4
7446 4
7447 4
7448 4
7449 4
7450 4
7451 4
7452 4
7453 4
7454 4
7455 4
7456 4
7457 4
7458 4
7459 4
7460 4
7461 4
7462 4
7463 4
7464 4
7465 4
7466 4
7467 4
7468 4
7469 4
7470 4
7471 4
7472 4
7473 4
7474 4
7475 4
7476 4
7477 4
7478 4
7479 4
7480 4
7481 4
7482 4
7483 4
7484 4
7485 4
7486 4
7487 4
7488 4
7489 4
7490 4
7491 4
7492 4
7493 4
7494 4
7495 4
7496 4
7497 4
7498 4
7499 4
7500 4
7501 4
7502 4
7503 4
7504 4
7505 4
7506 4
7507 4
7508 4
7509 4
7510 4
7511 4
7512 4
7513 4
7514 4
7515 4
7516 4
7517 4
7518 4
7519 4
7520 4
7521 4
7522 4
7523 4
7524 4
7525 4
7526 4
7527 4
7528 4
7529 4
7530 4
7531 4
7532 4
7533 4
7534 4
7535 4
7536 4
7537 4
7538 4
7539 4
7540 4
7541 4
7542 4
7543 4
7544 4
7545 4
7546 4
7547 4
7548 4
7549 4
7550 4
7551 4
7552 4
7553 4
7554 4
7555 4
7556 4
7557 4
7558 4
7559 4
7560 4
7561 4
7562 4
7563 4
7564 4
7565 4
7566 4
7567 4
7568 4
7569 4
7570 4
7571 4
7572 4
7573 4
7574 4
7575 4
7576 4
7577 4
7578 4
7579 4
7580 4
7581 4
7582 4
7583 4
7584 4
7585 4
7586 4
7587 4
7588 4
7589 4
7590 4
7591 4
7592 4
7593 4
7594 4
7595 4
7596 4
7597 4
7598 4
7599 4
7600 4
7601 4
7602 4
7603 4
7604 4
7605 4
7606 4
7607 4
7608 4
7609 4
7610 4
7611 4
7612 4
7613 4
7614 4
7615 4
7616 4
7617 4
7618 4
7619 4
7620 4
7621 4
7622 4
7623 4
7624 4
7625 4
7626 4
7627 4
7628 4
7629 4
7630 4
7631 4
7632 4
7633 4
7634 4
7635 4
7636 4
7637 4
7638 4
7639 4
7640 4
7641 4
7642 4
7643 4
7644 4
7645 4
7646 4
7647 4
7648 4
7649 4
7650 4
7651 4
7652 4
7653 4
7654 4
7655 4
7656 4
7657 4
7658 4
7659 4
7660 4
7661 4
7662 4
7663 4
7664 4
7665 4
7666 4
7667 4
7668 4
7669 4
7670 4
7671 4
7672 4
7673 4
7674 4
7675 4
7676 4
7677 4
7678 4
7679 4
7680 4
7681 4
7682 4
7683 4
7684 4
7685 4
7686 4
7687 4
7688 4
7689 4
7690 4
7691 4
7692 4
7693 4
7694 4
7695 4
7696 4
7697 4
7698 4
7699 4
7700 4
7701 4
7702 4
7703 4
7704 4
7705 4
7706 4
7707 4
7708 4
7709 4
7710 4
7711 4
7712 4
7713 4
7714 4
7715 4
7716 4
7717 4
7718 4
7719 4
7720 4
7721 4
7722 4
7723 4
7724 4
7725 4
7726 4
7727 4
7728 4
7729 4
7730 4
7731 4
7732 4
7733 4
7734 4
7735 4
7736 4
7737 4
7738 4
7739 4
7740 4
7741 4
7742 4
7743 4
7744 4
7745 4
7746 4
7747 4
7748 4
7749 4
7750 4
7751 4
7752 4
7753 4
7754 4
7755 4
7756 4
7757 4
7758 4
7759 4
7760 4
7761 4
7762 4
7763 4
7764 4
7765 4
7766 4
7767 4
7768 4
7769 4
7770 4
7771 4
7772 4
7773 4
7774 4
7775 4
7776 4
7777 4
7778 4
7779 4
7780 4
7781 4
7782 4
7783 4
7784 4
7785 4
7786 4
7787 4
7788 4
7789 4
7790 4
7791 4
7792 4
7793 4
7794 4
7795 4
7796 4
7797 4
7798 4
7799 4
7800 4
7801 4
7802 4
7803 4
7804 4
7805 4
7806 4
7807 4
7808 4
7809 4
7810 4
7811 4
7812 4
7813 4
7814 4
7815 4
7816 4
7817 4
7818 4
7819 4
7820 4
7821 4
7822 4
7823 4
7824 4
7825 4
7826 4
7827 4
7828 4
7829 4
7830 4
7831 4
7832 4
7833 4
7834 4
7835 4
7836 4
7837 4
7838 4
7839 4
7840 4
7841 4
7842 4
7843 4
7844 4
7845 4
7846 4
7847 4
7848 4
7849 4
7850 4
7851 4
7852 4
7853 4
7854 4
7855 4
7856 4
7857 4
7858 4
7859 4
7860 4
7861 4
7862 4
7863 4
7864 4
7865 4
7866 4
7867 4
7868 4
7869 4
7870 4
7871 4
7872 4
7873 4
7874 4
7875 4
7876 4
7877 4
7878 4
7879 4
7880 4
7881 4
7882 4
7883 4
7884 4
7885 4
7886 4
7887 4
7888 4
7889 4
7890 4
7891 4
7892 4
7893 4
7894 4
7895 4
7896 4
7897 4
7898 4
7899 4
7900 4
7901 4
7902 4
7903 4
7904 4
7905 4
7906 4
7907 4
7908 4
7909 4
7910 4
7911 4
7912 4
7913 4
7914 4
7915 4
7916 4
7917 4
7918 4
7919 4
7920 4
7921 4
7922 4
7923 4
7924 4
7925 4
7926 4
7927 4
7928 4
7929 4
7930 4
7931 4
7932 4
7933 4
7934 4
7935 4
7936 4
7937 4
7938 4
7939 4
7940 4
7941 4
7942 4
7943 4
7944 4
7945 4
7946 4
7947 4
7948 4
7949 4
7950 4
7951 4
7952 4
7953 4
7954 4
7955 4
7956 4
7957 4
7958 4
7959 4
7960 4
7961 4
7962 4
7963 4
7964 4
7965 4
7966 4
7967 4
7968 4
7969 4
7970 4
7971 4
7972 4
7973 4
7974 4
7975 4
7976 4
7977 4
7978 4
7979 4
7980 4
7981 4
7982 4
7983 4
7984 4
7985 4
7986 4
7987 4
7988 4
7989 4
7990 4
7991 4
7992 4
7993 4
7994 4
7995 4
7996 4
7997 4
7998 4
7999 4
8000 4
8001 4
8002 4
8003 4
8004 4
8005 4
8006 4
8007 4
8008 4
8009 4
8010 4
8011 4
8012 4
8013 4
8014 4
8015 4
8016 4
8017 4
8018 4
8019 4
8020 4
8021 4
8022 4
8023 4
8024 4
8025 4
8026 4
8027 4
8028 4
8029 4
8030 4
8031 4
8032 4
8033 4
8034 4
8035 4
8036 4
8037 4
8038 4
8039 4
8040 4
8041 4
8042 4
8043 4
8044 4
8045 4
8046 4
8047 4
8048 4
8049 4
8050 4
8051 4
8052 4
8053 4
8054 4
8055 4
8056 4
8057 4
8058 4
8059 4
8060 4
8061 4
8062 4
8063 4
8064 4
8065 4
8066 4
8067 4
8068 4
8069 4
8070 4
8071 4
8072 4
8073 4
8074 4
8075 4
8076 4
8077 4
8078 4
8079 4
8080 4
8081 4
8082 4
8083 4
8084 4
8085 4
8086 4
8087 4
8088 4
8089 4
8090 4
8091 4
8092 4
8093 4
8094 4
8095 4
8096 4
8097 4
8098 4
8099 4
8100 4
8101 4
8102 4
8103 4
8104 4
8105 4
8106 4
8107 4
8108 4
8109 4
8110 4
8111 4
8112 4
8113 4
8114 4
8115 4
8116 4
8117 4
8118 4
8119 4
8120 4
8121 4
8122 4
8123 4
8124 4
8125 4
8126 4
8127 4
8128 4
8129 4
8130 4
8131 4
8132 4
8133 4
8134 4
8135 4
8136 4
8137 4
8138 4
8139 4
8140 4
8141 4
8142 4
8143 4
8144 4
8145 4
8146 4
8147 4
8148 4
8149 4
8150 4
8151 4
8152 4
8153 4
8154 4
8155 4
8156 4
8157 4
8158 4
8159 4
8160 4
8161 4
8162 4
8163 4
8164 4
8165 4
8166 4
8167 4
8168 4
8169 4
8170 4
8171 4
8172 4
8173 4
8174 4
8175 4
8176 4
8177 4
8178 4
8179 4
8180 4
8181 4
8182 4
8183 4
8184 4
8185 4
8186 4
8187 4
8188 4
8189 4
8190 4
8191 4
8192 4
8193 4
8194 4
8195 4
8196 4
8197 4
8198 4
8199 4
8200 4
8201 4
8202 4
8203 4
8204 4
8205 4
8206 4
8207 4
8208 4
8209 4
8210 4
8211 4
8212 4
8213 4
8214 4
8215 4
8216 4
8217 4
8218 4
8219 4
8220 4
8221 4
8222 4
8223 4
8224 4
8225 4
8226 4
8227 4
8228 4
8229 4
8230 4
8231 4
8232 4
8233 4
8234 4
8235 4
8236 4
8237 4
8238 4
8239 4
8240 4
8241 4
8242 4
8243 4
8244 4
8245 4
8246 4
8247 4
8248 4
8249 4
8250 4
8251 4
8252 4
8253 4
8254 4
8255 4
8256 4
8257 4
8258 4
8259 4
8260 4
8261 4
8262 4
8263 4
8264 4
8265 4
8266 4
8267 4
8268 4
8269 4
8270 4
8271 4
8272 4
8273 4
8274 4
8275 4
8276 4
8277 4
8278 4
8279 4
8280 4
8281 4
8282 4
8283 4
8284 4
8285 4
8286 4
8287 4
8288 4
8289 4
8290 4
8291 4
8292 4
8293 4
8294 4
8295 4
8296 4
8297 4
8298 4
8299 4
8300 4
8301 4
8302 4
8303 4
8304 4
8305 4
8306 4
8307 4
8308 4
8309 4
8310 4
8311 4
8312 4
8313 4
8314 4
8315 4
8316 4
8317 4
8318 4
8319 4
8320 4
8321 4
8322 4
8323 4
8324 4
8325 4
8326 4
8327 4
8328 4
8329 4
8330 4
8331 4
8332 4
8333 4
8334 4
8335 4
8336 4
8337 4
8338 4
8339 4
8340 4
8341 4
8342 4
8343 4
8344 4
8345 4
8346 4
8347 4
8348 4
8349 4
8350 4
8351 4
8352 4
8353 4
8354 4
8355 4
8356 4
8357 4
8358 4
8359 4
8360 4
8361 4
8362 4
8363 4
8364 4
8365 4
8366 4
8367 4
8368 4
8369 4
8370 4
8371 4
8372 4
8373 4
8374 4
8375 4
8376 4
8377 4
8378 4
8379 4
8380 4
8381 4
8382 4
8383 4
8384 4
8385 4
8386 4
8387 4
8388 4
8389 4
8390 4
8391 4
8392 4
8393 4
8394 4
8395 4
8396 4
8397 4
8398 4
8399 4
8400 4
8401 4
8402 4
8403 4
8404 4
8405 4
8406 4
8407 4
8408 4
8409 4
8410 4
8411 4
8412 4
8413 4
8414 4
8415 4
8416 4
8417 4
8418 4
8419 4
8420 4
8421 4
8422 4
8423 4
8424 4
8425 4
8426 4
8427 4
8428 4
8429 4
8430 4
8431 4
8432 4
8433 4
8434 4
8435 4
8436 4
8437 4
8438 4
8439 4
8440 4
8441 4
8442 4
8443 4
8444 4
8445 4
8446 4
8447 4
8448 4
8449 4
8450 4
8451 4
8452 4
8453 4
8454 4
8455 4
8456 4
8457 4
8458 4
8459 4
8460 4
8461 4
8462 4
8463 4
8464 4
8465 4
8466 4
8467 4
8468 4
8469 4
8470 4
8471 4
8472 4
8473 4
8474 4
8475 4
8476 4
8477 4
8478 4
8479 4
8480 4
8481 4
8482 4
8483 4
8484 4
8485 4
8486 4
8487 4
8488 4
8489 4
8490 4
8491 4
8492 4
8493 4
8494 4
8495 4
8496 4
8497 4
8498 4
8499 4
8500 4
8501 4
8502 4
8503 4
8504 4
8505 4
8506 4
8507 4
8508 4
8509 4
8510 4
8511 4
8512 4
8513 4
8514 4
8515 4
8516 4
8517 4
8518 4
8519 4
8520 4
8521 4
8522 4
8523 4
8524 4
8525 4
8526 4
8527 4
8528 4
8529 4
8530 4
8531 4
8532 4
8533 4
8534 4
8535 4
8536 4
8537 4
8538 4
8539 4
8540 4
8541 4
8542 4
8543 4
8544 4
8545 4
8546 4
8547 4
8548 4
8549 4
8550 4
8551 4
8552 4
8553 4
8554 4
8555 4
8556 4
8557 4
8558 4
8559 4
8560 4
8561 4
8562 4
8563 4
8564 4
8565 4
8566 4
8567 4
8568 4
8569 4
8570 4
8571 4
8572 4
8573 4
8574 4
8575 4
8576 4
8577 4
8578 4
8579 4
8580 4
8581 4
8582 4
8583 4
8584 4
8585 4
8586 4
8587 4
8588 4
8589 4
8590 4
8591 4
8592 4
8593 4
8594 4
8595 4
8596 4
8597 4
8598 4
8599 4
8600 4
8601 4
8602 4
8603 4
8604 4
8605 4
8606 4
8607 4
8608 4
8609 4
8610 4
8611 4
8612 4
8613 4
8614 4
8615 4
8616 4
8617 4
8618 4
8619 4
8620 4
8621 4
8622 4
8623 4
8624 4
8625 4
8626 4
8627 4
8628 4
8629 4
8630 4
8631 4
8632 4
8633 4
8634 4
8635 4
8636 4
8637 4
8638 4
8639 4
8640 4
8641 4
8642 4
8643 4
8644 4
8645 4
8646 4
8647 4
8648 4
8649 4
8650 4
8651 4
8652 4
8653 4
8654 4
8655 4
8656 4
8657 4
8658 4
8659 4
8660 4
8661 4
8662 4
8663 4
8664 4
8665 4
8666 4
8667 4
8668 4
8669 4
8670 4
8671 4
8672 4
8673 4
8674 4
8675 4
8676 4
8677 4
8678 4
8679 4
8680 4
8681 4
8682 4
8683 4
8684 4
8685 4
8686 4
8687 4
8688 4
8689 4
8690 4
8691 4
8692 4
8693 4
8694 4
8695 4
8696 4
8697 4
8698 4
8699 4
8700 4
8701 4
8702 4
8703 4
8704 4
8705 4
8706 4
8707 4
8708 4
8709 4
8710 4
8711 4
8712 4
8713 4
8714 4
8715 4
8716 4
8717 4
8718 4
8719 4
8720 4
8721 4
8722 4
8723 4
8724 4
8725 4
8726 4
8727 4
8728 4
8729 4
8730 4
8731 4
8732 4
8733 4
8734 4
8735 4
8736 4
8737 4
8738 4
8739 4
8740 4
8741 4
8742 4
8743 4
8744 4
8745 4
8746 4
8747 4
8748 4
8749 4
8750 4
8751 4
8752 4
8753 4
8754 4
8755 4
8756 4
8757 4
8758 4
8759 4
8760 4
8761 4
8762 4
8763 4
8764 4
8765 4
8766 4
8767 4
8768 4
8769 4
8770 4
8771 4
8772 4
8773 4
8774 4
8775 4
8776 4
8777 4
8778 4
8779 4
8780 4
8781 4
8782 4
8783 4
8784 4
8785 4
8786 4
8787 4
8788 4
8789 4
8790 4
8791 4
8792 4
8793 4
8794 4
8795 4
8796 4
8797 4
8798 4
8799 4
8800 4
8801 4
8802 4
8803 4
8804 4
8805 4
8806 4
8807 4
8808 4
8809 4
8810 4
8811 4
8812 4
8813 4
8814 4
8815 4
8816 4
8817 4
8818 4
8819 4
8820 4
8821 4
8822 4
8823 4
8824 4
8825 4
8826 4
8827 4
8828 4
8829 4
8830 4
8831 4
8832 4
8833 4
8834 4
8835 4
8836 4
8837 4
8838 4
8839 4
8840 4
8841 4
8842 4
8843 4
8844 4
8845 4
8846 4
8847 4
8848 4
8849 4
8850 4
8851 4
8852 4
8853 4
8854 4
8855 4
8856 4
8857 4
8858 4
8859 4
8860 4
8861 4
8862 4
8863 4
8864 4
8865 4
8866 4
8867 4
8868 4
8869 4
8870 4
8871 4
8872 4
8873 4
8874 4
8875 4
8876 4
8877 4
8878 4
8879 4
8880 4
8881 4
8882 4
8883 4
8884 4
8885 4
8886 4
8887 4
8888 4
8889 4
8890 4
8891 4
8892 4
8893 4
8894 4
8895 4
8896 4
8897 4
8898 4
8899 4
8900 4
8901 4
8902 4
8903 4
8904 4
8905 4
8906 4
8907 4
8908 4
8909 4
8910 4
8911 4
8912 4
8913 4
8914 4
8915 4
8916 4
8917 4
8918 4
8919 4
8920 4
8921 4
8922 4
8923 4
8924 4
8925 4
8926 4
8927 4
8928 4
8929 4
8930 4
8931 4
8932 4
8933 4
8934 4
8935 4
8936 4
8937 4
8938 4
8939 4
8940 4
8941 4
8942 4
8943 4
8944 4
8945 4
8946 4
8947 4
8948 4
8949 4
8950 4
8951 4
8952 4
8953 4
8954 4
8955 4
8956 4
8957 4
8958 4
8959 4
8960 4
8961 4
8962 4
8963 4
8964 4
8965 4
8966 4
8967 4
8968 4
8969 4
8970 4
8971 4
8972 4
8973 4
8974 4
8975 4
8976 4
8977 4
8978 4
8979 4
8980 4
8981 4
8982 4
8983 4
8984 4
8985 4
8986 4
8987 4
8988 4
8989 4
8990 4
8991 4
8992 4
8993 4
8994 4
8995 4
8996 4
8997 4
8998 4
8999 4
9000 4
9001 4
9002 4
9003 4
9004 4
9005 4
9006 4
9007 4
9008 4
9009 4
9010 4
9011 4
9012 4
9013 4
9014 4
9015 4
9016 4
9017 4
9018 4
9019 4
9020 4
9021 4
9022 4
9023 4
9024 4
9025 4
9026 4
9027 4
9028 4
9029 4
9030 4
9031 4
9032 4
9033 4
9034 4
9035 4
9036 4
9037 4
9038 4
9039 4
9040 4
9041 4
9042 4
9043 4
9044 4
9045 4
9046 4
9047 4
9048 4
9049 4
9050 4
9051 4
9052 4
9053 4
9054 4
9055 4
9056 4
9057 4
9058 4
9059 4
9060 4
9061 4
9062 4
9063 4
9064 4
9065 4
9066 4
9067 4
9068 4
9069 4
9070 4
9071 4
9072 4
9073 4
9074 4
9075 4
9076 4
9077 4
9078 4
9079 4
9080 4
9081 4
9082 4
9083 4
9084 4
9085 4
9086 4
9087 4
9088 4
9089 4
9090 4
9091 4
9092 4
9093 4
9094 4
9095 4
9096 4
9097 4
9098 4
9099 4
9100 4
9101 4
9102 4
9103 4
9104 4
9105 4
9106 4
9107 4
9108 4
9109 4
9110 4
9111 4
9112 4
9113 4
9114 4
9115 4
9116 4
9117 4
9118 4
9119 4
9120 4
9121 4
9122 4
9123 4
9124 4
9125 4
9126 4
9127 4
9128 4
9129 4
9130 4
9131 4
9132 4
9133 4
9134 4
9135 4
9136 4
9137 4
9138 4
9139 4
9140 4
9141 4
9142 4
9143 4
9144 4
9145 4
9146 4
9147 4
9148 4
9149 4
9150 4
9151 4
9152 4
9153 4
9154 4
9155 4
9156 4
9157 4
9158 4
9159 4
9160 4
9161 4
9162 4
9163 4
9164 4
9165 4
9166 4
9167 4
9168 4
9169 4
9170 4
9171 4
9172 4
9173 4
9174 4
9175 4
9176 4
9177 4
9178 4
9179 4
9180 4
9181 4
9182 4
9183 4
9184 4
9185 4
9186 4
9187 4
9188 4
9189 4
9190 4
9191 4
9192 4
9193 4
9194 4
9195 4
9196 4
9197 4
9198 4
9199 4
9200 4
9201 4
9202 4
9203 4
9204 4
9205 4
9206 4
9207 4
9208 4
9209 4
9210 4
9211 4
9212 4
9213 4
9214 4
9215 4
9216 4
9217 4
9218 4
9219 4
9220 4
9221 4
9222 4
9223 4
9224 4
9225 4
9226 4
9227 4
9228 4
9229 4
9230 4
9231 4
9232 4
9233 4
9234 4
9235 4
9236 4
9237 4
9238 4
9239 4
9240 4
9241 4
9242 4
9243 4
9244 4
9245 4
9246 4
9247 4
9248 4
9249 4
9250 4
9251 4
9252 4
9253 4
9254 4
9255 4
9256 4
9257 4
9258 4
9259 4
9260 4
9261 4
9262 4
9263 4
9264 4
9265 4
9266 4
9267 4
9268 4
9269 4
9270 4
9271 4
9272 4
9273 4
9274 4
9275 4
9276 4
9277 4
9278 4
9279 4
9280 4
9281 4
9282 4
9283 4
9284 4
9285 4
9286 4
9287 4
9288 4
9289 4
9290 4
9291 4
9292 4
9293 4
9294 4
9295 4
9296 4
9297 4
9298 4
9299 4
9300 4
9301 4
9302 4
9303 4
9304 4
9305 4
9306 4
9307 4
9308 4
9309 4
9310 4
9311 4
9312 4
9313 4
9314 4
9315 4
9316 4
9317 4
9318 4
9319 4
9320 4
9321 4
9322 4
9323 4
9324 4
9325 4
9326 4
9327 4
9328 4
9329 4
9330 4
9331 4
9332 4
9333 4
9334 4
9335 4
9336 4
9337 4
9338 4
9339 4
9340 4
9341 4
9342 4
9343 4
9344 4
9345 4
9346 4
9347 4
9348 4
9349 4
9350 4
9351 -1
9352 -1
9353 -1
9354 -1
9355 -1
9356 -1
9357 -1
9358 -1
9359 -1
9360 -1
9361 -1
9362 -1
9363 -1
9364 -1
9365 -1
9366 -1
9367 -1
9368 -1
9369 -1
9370 -1
9371 -1
9372 -1
9373 -1
9374 -1
9375 -1
9376 -1
9377 -1
9378 -1
9379 -1
9380 -1
9381 -1
9382 -1
9383 -1
9384 -1
9385 -1
9386 -1
9387 -1
9388 -1
9389 -1
9390 -1
9391 -1
9392 -1
9393 -1
9394 -1
9395 -1
9396 -1
9397 -1
9398 -1
9399 -1
9400 -1
9401 -1
9402 -1
9403 -1
9404 -1
9405 -1
9406 -1
9407 -1
9408 -1
9409 -1
9410 -1
9411 -1
9412 -1
9413 -1
9414 -1
9415 -1
9416 -1
9417 -1
9418 -1
9419 -1
9420 -1
9421 -1
9422 -1
9423 -1
9424 -1
9425 -1
9426 -1
9427 -1
9428 -1
9429 -1
9430 -1
9431 -1
9432 -1
9433 -1
9434 -1
9435 -1
9436 -1
9437 -1
9438 -1
9439 -1
9440 -1
9441 -1
9442 -1
9443 -1
9444 -1
