0 0
1 0
2 0
3 0
4 0
5 0
6 0
7 0
8 0
9 0
10 0
11 0
12 0
13 0
14 0
15 0
16 0
17 0
18 0
19 0
20 0
21 0
22 0
23 0
24 0
25 0
26 0
27 0
28 0
29 0
30 0
31 0
32 0
33 0
34 0
35 0
36 0
37 0
38 0
39 0
40 0
41 0
42 0
43 0
44 0
45 0
46 0
47 0
48 0
49 0
50 0
51 0
52 0
53 0
54 0
55 0
56 0
57 0
58 0
59 0
60 0
61 0
62 0
63 0
64 0
65 0
66 0
67 0
68 0
69 0
70 0
71 0
72 0
73 0
74 0
75 0
76 0
77 0
78 0
79 0
80 0
81 0
82 0
83 0
84 0
85 0
86 0
87 0
88 0
89 0
90 0
91 0
92 0
93 0
94 0
95 0
96 0
97 0
98 0
99 0
100 0
101 0
102 0
103 0
104 0
105 0
106 0
107 0
108 0
109 0
110 0
111 0
112 0
113 0
114 0
115 0
116 0
117 0
118 0
119 0
120 0
121 0
122 0
123 0
124 0
125 0
126 0
127 0
128 0
129 0
130 0
131 0
132 0
133 0
134 0
135 0
136 0
137 0
138 0
139 0
140 0
141 0
142 0
143 0
144 0
145 0
146 0
147 0
148 0
149 0
150 0
151 0
152 0
153 0
154 0
155 0
156 0
157 0
158 0
159 0
160 0
161 0
162 0
163 0
164 0
165 0
166 0
167 0
168 0
169 0
170 0
171 0
172 0
173 0
174 0
175 0
176 0
177 0
178 0
179 0
180 0
181 0
182 0
183 0
184 0
185 0
186 0
187 0
188 0
189 0
190 0
191 0
192 0
193 0
194 0
195 0
196 0
197 0
198 0
199 0
200 0
201 0
202 0
203 0
204 0
205 0
206 0
207 0
208 0
209 0
210 0
211 0
212 0
213 0
214 0
215 0
216 0
217 0
218 0
219 0
220 0
221 0
222 0
223 0
224 0
225 0
226 0
227 0
228 0
229 0
230 0
231 0
232 0
233 0
234 0
235 0
236 0
237 0
238 0
239 0
240 0
241 0
242 0
243 0
244 0
245 0
246 0
247 0
248 0
249 0
250 0
251 0
252 0
253 0
254 0
255 0
256 0
257 0
258 0
259 0
260 0
261 0
262 0
263 0
264 0
265 0
266 0
267 0
268 0
269 0
270 0
271 0
272 0
273 0
274 0
275 0
276 0
277 0
278 0
279 0
280 0
281 0
282 0
283 0
284 0
285 0
286 0
287 0
288 0
289 0
290 0
291 0
292 0
293 0
294 0
295 0
296 0
297 0
298 0
299 0
300 0
301 0
302 0
303 0
304 0
305 0
306 0
307 0
308 0
309 0
310 0
311 0
312 0
313 0
314 0
315 0
316 0
317 0
318 0
319 0
320 0
321 0
322 0
323 0
324 0
325 0
326 0
327 0
328 0
329 0
330 0
331 0
332 0
333 0
334 0
335 0
336 0
337 0
338 0
339 0
340 0
341 0
342 0
343 0
344 0
345 0
346 0
347 0
348 0
349 0
350 0
351 0
352 0
353 0
354 0
355 0
356 0
357 0
358 0
359 0
360 0
361 0
362 0
363 0
364 0
365 0
366 0
367 0
368 0
369 0
370 0
371 0
372 0
373 0
374 0
375 0
376 0
377 0
378 0
379 0
380 0
381 0
382 0
383 0
384 0
385 0
386 0
387 0
388 0
389 0
390 0
391 0
392 0
393 0
394 0
395 0
396 0
397 0
398 0
399 0
400 0
401 0
402 0
403 0
404 0
405 0
406 0
407 0
408 0
409 0
410 0
411 0
412 0
413 0
414 0
415 1
416 1
417 1
418 1
419 1
420 1
421 1
422 1
423 1
424 1
425 1
426 1
427 1
428 1
429 1
430 1
431 1
432 1
433 1
434 1
435 1
436 1
437 1
438 1
439 1
440 1
441 1
442 1
443 1
444 1
445 1
446 1
447 1
448 1
449 1
450 1
451 1
452 1
453 1
454 1
455 1
456 1
457 1
458 1
459 1
460 1
461 1
462 1
463 1
464 1
465 1
466 1
467 1
468 1
469 1
470 1
471 1
472 1
473 1
474 1
475 1
476 1
477 1
478 1
479 1
480 1
481 1
482 1
483 1
484 1
485 1
486 1
487 1
488 1
489 1
490 1
491 1
492 1
493 1
494 1
495 1
496 1
497 1
498 1
499 1
500 1
501 1
502 1
503 1
504 1
505 1
506 1
507 1
508 1
509 1
510 1
511 1
512 1
513 1
514 1
515 1
516 1
517 1
518 1
519 1
520 1
521 1
522 1
523 1
524 1
525 1
526 1
527 1
528 1
529 1
530 1
531 1
532 1
533 1
534 1
535 1
536 1
537 1
538 1
539 1
540 1
541 1
542 1
543 1
544 1
545 1
546 1
547 1
548 1
549 1
550 1
551 1
552 1
553 1
554 1
555 1
556 1
557 1
558 1
559 1
560 1
561 1
562 1
563 1
564 1
565 1
566 1
567 1
568 1
569 1
570 1
571 1
572 1
573 1
574 1
575 1
576 1
577 1
578 1
579 1
580 1
581 1
582 1
583 1
584 1
585 1
586 1
587 1
588 1
589 1
590 1
591 1
592 1
593 1
594 1
595 1
596 1
597 1
598 1
599 1
600 1
601 1
602 1
603 1
604 1
605 1
606 1
607 1
608 1
609 1
610 1
611 1
612 1
613 1
614 1
615 1
616 1
617 1
618 1
619 1
620 1
621 1
622 1
623 1
624 1
625 1
626 1
627 1
628 1
629 1
630 1
631 1
632 1
633 1
634 1
635 1
636 1
637 1
638 1
639 1
640 1
641 1
642 1
643 1
644 1
645 1
646 1
647 1
648 1
649 1
650 1
651 1
652 1
653 1
654 1
655 1
656 1
657 1
658 1
659 1
660 1
661 1
662 1
663 1
664 1
665 1
666 1
667 1
668 1
669 1
670 1
671 1
672 1
673 1
674 1
675 1
676 1
677 1
678 1
679 1
680 1
681 1
682 1
683 1
684 1
685 1
686 1
687 1
688 1
689 1
690 1
691 1
692 1
693 1
694 1
695 1
696 1
697 1
698 1
699 1
700 1
701 1
702 1
703 1
704 1
705 1
706 1
707 1
708 1
709 1
710 1
711 1
712 1
713 1
714 1
715 1
716 1
717 1
718 1
719 1
720 1
721 1
722 1
723 1
724 1
725 1
726 1
727 1
728 1
729 1
730 1
731 1
732 1
733 1
734 1
735 1
736 1
737 1
738 1
739 1
740 1
741 1
742 1
743 1
744 1
745 1
746 1
747 1
748 1
749 1
750 1
751 1
752 1
753 1
754 1
755 1
756 1
757 1
758 1
759 1
760 1
761 1
762 1
763 1
764 1
765 1
766 1
767 1
768 1
769 1
770 1
771 1
772 1
773 1
774 1
775 1
776 1
777 1
778 1
779 1
780 1
781 1
782 1
783 1
784 1
785 1
786 1
787 1
788 1
789 1
790 1
791 1
792 1
793 1
794 1
795 1
796 1
797 1
798 1
799 1
800 1
801 1
802 1
803 1
804 1
805 1
806 1
807 1
808 1
809 1
810 1
811 1
812 1
813 1
814 1
815 1
816 1
817 1
818 1
819 1
820 1
821 1
822 1
823 1
824 1
825 1
826 1
827 1
828 1
829 1
830 1
831 1
832 1
833 1
834 1
835 1
836 1
837 1
838 1
839 1
840 1
841 1
842 1
843 1
844 1
845 1
846 1
847 1
848 1
849 1
850 1
851 1
852 1
853 1
854 1
855 1
856 1
857 1
858 1
859 1
860 1
861 1
862 1
863 1
864 1
865 1
866 1
867 1
868 1
869 1
870 1
871 1
872 1
873 1
874 1
875 1
876 1
877 1
878 1
879 1
880 1
881 1
882 1
883 1
884 1
885 1
886 1
887 1
888 1
889 1
890 1
891 1
892 1
893 1
894 1
895 1
896 1
897 1
898 1
899 1
900 1
901 1
902 1
903 1
904 1
905 1
906 1
907 1
908 1
909 1
910 1
911 1
912 1
913 1
914 1
915 1
916 1
917 1
918 1
919 1
920 1
921 1
922 1
923 1
924 1
925 1
926 1
927 1
928 1
929 1
930 1
931 1
932 1
933 1
934 1
935 1
936 1
937 1
938 1
939 1
940 1
941 1
942 1
943 1
944 1
945 1
946 1
947 1
948 1
949 1
950 1
951 1
952 1
953 1
954 1
955 1
956 1
957 1
958 1
959 1
960 1
961 1
962 1
963 1
964 1
965 1
966 1
967 1
968 1
969 1
970 1
971 1
972 1
973 1
974 1
975 1
976 1
977 1
978 1
979 1
980 1
981 1
982 1
983 1
984 1
985 1
986 1
987 1
988 1
989 1
990 1
991 1
992 1
993 1
994 1
995 1
996 1
997 1
998 1
999 1
1000 1
1001 1
1002 1
1003 1
1004 1
1005 1
1006 1
1007 1
1008 1
1009 1
1010 1
1011 1
1012 1
1013 1
1014 1
1015 1
1016 1
1017 1
1018 1
1019 1
1020 1
1021 1
1022 1
1023 1
1024 1
1025 1
1026 1
1027 1
1028 1
1029 1
1030 1
1031 1
1032 1
1033 1
1034 1
1035 1
1036 1
1037 1
1038 1
1039 1
1040 1
1041 1
1042 1
1043 1
1044 1
1045 1
1046 1
1047 1
1048 1
1049 1
1050 1
1051 1
1052 1
1053 1
1054 1
1055 1
1056 1
1057 1
1058 1
1059 1
1060 1
1061 1
1062 1
1063 1
1064 1
1065 1
1066 1
1067 1
1068 1
1069 1
1070 1
1071 1
1072 1
1073 1
1074 1
1075 1
1076 1
1077 1
1078 1
1079 1
1080 1
1081 1
1082 1
1083 1
1084 1
1085 1
1086 1
1087 1
1088 1
1089 1
1090 1
1091 1
1092 1
1093 1
1094 1
1095 1
1096 1
1097 1
1098 1
1099 1
1100 1
1101 1
1102 1
1103 1
1104 1
1105 1
1106 1
1107 1
1108 1
1109 1
1110 1
1111 1
1112 1
1113 1
1114 1
1115 1
1116 1
1117 1
1118 1
1119 1
1120 1
1121 1
1122 1
1123 1
1124 1
1125 1
1126 1
1127 1
1128 1
1129 1
1130 1
1131 1
1132 1
1133 1
1134 1
1135 1
1136 1
1137 1
1138 1
1139 1
1140 1
1141 1
1142 1
1143 1
1144 1
1145 1
1146 1
1147 1
1148 1
1149 1
1150 1
1151 1
1152 1
1153 1
1154 1
1155 1
1156 1
1157 1
1158 1
1159 1
1160 1
1161 1
1162 1
1163 1
1164 1
1165 1
1166 1
1167 1
1168 1
1169 1
1170 1
1171 1
1172 1
1173 1
1174 1
1175 1
1176 1
1177 1
1178 1
1179 1
1180 1
1181 1
1182 1
1183 1
1184 1
1185 1
1186 1
1187 1
1188 1
1189 1
1190 1
1191 1
1192 1
1193 1
1194 1
1195 1
1196 1
1197 1
1198 1
1199 1
1200 1
1201 1
1202 1
1203 1
1204 1
1205 1
1206 1
1207 1
1208 1
1209 1
1210 1
1211 1
1212 1
1213 1
1214 1
1215 1
1216 1
1217 1
1218 1
1219 1
1220 1
1221 1
1222 1
1223 1
1224 1
1225 1
1226 1
1227 1
1228 1
1229 1
1230 1
1231 1
1232 1
1233 1
1234 1
1235 1
1236 1
1237 1
1238 1
1239 1
1240 1
1241 1
1242 1
1243 1
1244 1
1245 1
1246 1
1247 1
1248 1
1249 1
1250 1
1251 1
1252 1
1253 1
1254 1
1255 1
1256 1
1257 1
1258 1
1259 1
1260 1
1261 1
1262 1
1263 1
1264 1
1265 1
1266 1
1267 1
1268 1
1269 1
1270 1
1271 1
1272 1
1273 1
1274 1
1275 1
1276 1
1277 1
1278 1
1279 1
1280 1
1281 1
1282 1
1283 1
1284 1
1285 1
1286 1
1287 1
1288 1
1289 1
1290 1
1291 1
1292 1
1293 1
1294 1
1295 1
1296 1
1297 1
1298 1
1299 1
1300 1
1301 1
1302 1
1303 1
1304 1
1305 1
1306 1
1307 1
1308 1
1309 1
1310 1
1311 1
1312 1
1313 1
1314 1
1315 1
1316 1
1317 1
1318 1
1319 1
1320 1
1321 1
1322 1
1323 1
1324 1
1325 1
1326 1
1327 1
1328 1
1329 1
1330 1
1331 1
1332 1
1333 1
1334 1
1335 1
1336 1
1337 1
1338 1
1339 1
1340 1
1341 1
1342 1
1343 1
1344 1
1345 1
1346 1
1347 1
1348 1
1349 1
1350 1
1351 1
1352 1
1353 1
1354 1
1355 1
1356 1
1357 1
1358 1
1359 1
1360 1
1361 1
1362 1
1363 1
1364 1
1365 1
1366 1
1367 1
1368 1
1369 1
1370 1
1371 1
1372 1
1373 1
1374 1
1375 1
1376 1
1377 1
1378 1
1379 1
1380 1
1381 1
1382 1
1383 1
1384 1
1385 1
1386 1
1387 1
1388 1
1389 1
1390 1
1391 1
1392 1
1393 1
1394 1
1395 1
1396 1
1397 1
1398 1
1399 1
1400 1
1401 1
1402 1
1403 1
1404 1
1405 1
1406 1
1407 1
1408 1
1409 1
1410 1
1411 1
1412 1
1413 1
1414 1
1415 1
1416 1
1417 1
1418 1
1419 1
1420 1
1421 1
1422 1
1423 1
1424 1
1425 1
1426 1
1427 1
1428 1
1429 1
1430 1
1431 1
1432 1
1433 1
1434 1
1435 1
1436 1
1437 1
1438 1
1439 1
1440 1
1441 1
1442 1
1443 1
1444 1
1445 1
1446 1
1447 1
1448 1
1449 1
1450 1
1451 1
1452 1
1453 1
1454 1
1455 1
1456 1
1457 1
1458 1
1459 1
1460 1
1461 1
1462 1
1463 1
1464 1
1465 2
1466 2
1467 2
1468 2
1469 2
1470 2
1471 2
1472 2
1473 2
1474 2
1475 2
1476 2
1477 2
1478 2
1479 2
1480 2
1481 2
1482 2
1483 2
1484 2
1485 2
1486 2
1487 2
1488 2
1489 2
1490 2
1491 2
1492 2
1493 2
1494 2
1495 2
1496 2
1497 2
1498 2
1499 2
1500 2
1501 2
1502 2
1503 2
1504 2
1505 2
1506 2
1507 2
1508 2
1509 2
1510 2
1511 2
1512 2
1513 2
1514 2
1515 2
1516 2
1517 2
1518 2
1519 2
1520 2
1521 2
1522 2
1523 2
1524 2
1525 2
1526 2
1527 2
1528 2
1529 2
1530 2
1531 2
1532 2
1533 2
1534 2
1535 2
1536 2
1537 2
1538 2
1539 2
1540 2
1541 2
1542 2
1543 2
1544 2
1545 2
1546 2
1547 2
1548 2
1549 2
1550 2
1551 2
1552 2
1553 2
1554 2
1555 2
1556 2
1557 2
1558 2
1559 2
1560 2
1561 2
1562 2
1563 2
1564 2
1565 2
1566 2
1567 2
1568 2
1569 2
1570 2
1571 2
1572 2
1573 2
1574 2
1575 2
1576 2
1577 2
1578 2
1579 2
1580 2
1581 2
1582 2
1583 2
1584 2
1585 2
1586 2
1587 2
1588 2
1589 2
1590 2
1591 2
1592 2
1593 2
1594 2
1595 2
1596 2
1597 2
1598 2
1599 2
1600 2
1601 2
1602 2
1603 2
1604 2
1605 2
1606 2
1607 2
1608 2
1609 2
1610 2
1611 2
1612 2
1613 2
1614 2
1615 2
1616 2
1617 2
1618 2
1619 2
1620 2
1621 2
1622 2
1623 2
1624 2
1625 2
1626 2
1627 2
1628 2
1629 2
1630 2
1631 2
1632 2
1633 2
1634 2
1635 2
1636 2
1637 2
1638 2
1639 2
1640 2
1641 2
1642 2
1643 2
1644 2
1645 2
1646 2
1647 2
1648 2
1649 2
1650 2
1651 2
1652 2
1653 2
1654 2
1655 2
1656 2
1657 2
1658 2
1659 2
1660 2
1661 2
1662 2
1663 2
1664 2
1665 2
1666 2
1667 2
1668 2
1669 2
1670 2
1671 2
1672 2
1673 2
1674 2
1675 2
1676 2
1677 2
1678 2
1679 2
1680 2
1681 2
1682 2
1683 2
1684 2
1685 2
1686 2
1687 2
1688 2
1689 2
1690 2
1691 2
1692 2
1693 2
1694 2
1695 2
1696 2
1697 2
1698 2
1699 2
1700 2
1701 2
1702 2
1703 2
1704 2
1705 2
1706 2
1707 2
1708 2
1709 2
1710 2
1711 2
1712 2
1713 2
1714 2
1715 2
1716 2
1717 2
1718 2
1719 2
1720 2
1721 2
1722 2
1723 2
1724 2
1725 2
1726 2
1727 2
1728 2
1729 2
1730 2
1731 2
1732 2
1733 2
1734 2
1735 2
1736 2
1737 2
1738 2
1739 2
1740 2
1741 2
1742 2
1743 2
1744 2
1745 2
1746 2
1747 2
1748 2
1749 2
1750 2
1751 2
1752 2
1753 2
1754 2
1755 2
1756 2
1757 2
1758 2
1759 2
1760 2
1761 2
1762 2
1763 2
1764 2
1765 2
1766 2
1767 2
1768 2
1769 2
1770 2
1771 2
1772 2
1773 2
1774 2
1775 2
1776 2
1777 2
1778 2
1779 2
1780 2
1781 2
1782 2
1783 2
1784 2
1785 2
1786 2
1787 2
1788 2
1789 2
1790 2
1791 2
1792 2
1793 2
1794 2
1795 2
1796 2
1797 2
1798 2
1799 2
1800 2
1801 2
1802 2
1803 2
1804 2
1805 2
1806 2
1807 2
1808 2
1809 2
1810 2
1811 2
1812 2
1813 2
1814 2
1815 2
1816 2
1817 2
1818 2
1819 2
1820 2
1821 2
1822 2
1823 2
1824 2
1825 2
1826 2
1827 2
1828 2
1829 2
1830 2
1831 2
1832 2
1833 2
1834 2
1835 2
1836 2
1837 2
1838 2
1839 2
1840 2
1841 2
1842 2
1843 2
1844 2
1845 2
1846 2
1847 2
1848 2
1849 2
1850 2
1851 2
1852 2
1853 2
1854 2
1855 2
1856 2
1857 2
1858 2
1859 2
1860 2
1861 2
1862 2
1863 2
1864 2
1865 2
1866 2
1867 2
1868 2
1869 2
1870 2
1871 2
1872 2
1873 2
1874 2
1875 2
1876 2
1877 2
1878 2
1879 2
1880 2
1881 2
1882 2
1883 2
1884 2
1885 2
1886 2
1887 2
1888 2
1889 2
1890 2
1891 2
1892 2
1893 2
1894 2
1895 2
1896 2
1897 2
1898 2
1899 2
1900 2
1901 2
1902 2
1903 2
1904 2
1905 2
1906 2
1907 2
1908 2
1909 2
1910 2
1911 2
1912 2
1913 2
1914 2
1915 2
1916 2
1917 2
1918 2
1919 2
1920 2
1921 2
1922 2
1923 2
1924 2
1925 2
1926 2
1927 2
1928 2
1929 2
1930 2
1931 2
1932 2
1933 2
1934 2
1935 2
1936 2
1937 2
1938 2
1939 2
1940 2
1941 2
1942 2
1943 2
1944 2
1945 2
1946 2
1947 2
1948 2
1949 2
1950 2
1951 2
1952 2
1953 2
1954 2
1955 2
1956 2
1957 2
1958 2
1959 2
1960 2
1961 2
1962 2
1963 2
1964 2
1965 2
1966 2
1967 2
1968 2
1969 2
1970 2
1971 2
1972 2
1973 2
1974 2
1975 2
1976 2
1977 2
1978 2
1979 2
1980 2
1981 2
1982 2
1983 2
1984 2
1985 2
1986 2
1987 2
1988 2
1989 2
1990 2
1991 2
1992 2
1993 2
1994 2
1995 2
1996 2
1997 2
1998 2
1999 3
2000 3
2001 3
2002 3
2003 3
2004 3
2005 3
2006 3
2007 3
2008 3
2009 3
2010 3
2011 3
2012 3
2013 3
2014 3
2015 3
2016 3
2017 3
2018 3
2019 3
2020 3
2021 3
2022 3
2023 3
2024 3
2025 3
2026 3
2027 3
2028 3
2029 3
2030 3
2031 3
2032 3
2033 3
2034 3
2035 3
2036 3
2037 3
2038 3
2039 3
2040 3
2041 3
2042 3
2043 3
2044 3
2045 3
2046 3
2047 3
2048 3
2049 3
2050 3
2051 3
2052 3
2053 3
2054 3
2055 3
2056 3
2057 3
2058 3
2059 3
2060 3
2061 3
2062 3
2063 3
2064 3
2065 3
2066 3
2067 3
2068 3
2069 3
2070 3
2071 3
2072 3
2073 3
2074 3
2075 3
2076 3
2077 3
2078 3
2079 3
2080 3
2081 3
2082 3
2083 3
2084 3
2085 3
2086 3
2087 3
2088 3
2089 3
2090 3
2091 3
2092 3
2093 3
2094 3
2095 3
2096 3
2097 3
2098 3
2099 3
2100 3
2101 3
2102 3
2103 3
2104 3
2105 3
2106 3
2107 3
2108 3
2109 3
2110 3
2111 3
2112 3
2113 3
2114 3
2115 3
2116 3
2117 3
2118 3
2119 3
2120 3
2121 3
2122 3
2123 3
2124 3
2125 3
2126 3
2127 3
2128 3
2129 3
2130 3
2131 3
2132 3
2133 3
2134 3
2135 3
2136 3
2137 3
2138 3
2139 3
2140 3
2141 3
2142 3
2143 3
2144 3
2145 3
2146 3
2147 3
2148 3
2149 3
2150 3
2151 3
2152 3
2153 3
2154 3
2155 3
2156 3
2157 3
2158 3
2159 3
2160 3
2161 3
2162 3
2163 3
2164 3
2165 3
2166 3
2167 3
2168 3
2169 3
2170 3
2171 3
2172 3
2173 3
2174 3
2175 3
2176 3
2177 3
2178 3
2179 3
2180 3
2181 3
2182 3
2183 3
2184 3
2185 3
2186 3
2187 3
2188 3
2189 3
2190 3
2191 3
2192 3
2193 3
2194 3
2195 3
2196 3
2197 3
2198 3
2199 3
2200 3
2201 3
2202 3
2203 3
2204 3
2205 3
2206 3
2207 3
2208 3
2209 3
2210 3
2211 3
2212 3
2213 3
2214 3
2215 3
2216 3
2217 3
2218 3
2219 3
2220 3
2221 3
2222 3
2223 3
2224 3
2225 3
2226 3
2227 3
2228 3
2229 3
2230 3
2231 3
2232 3
2233 3
2234 3
2235 3
2236 3
2237 3
2238 3
2239 3
2240 3
2241 3
2242 3
2243 3
2244 3
2245 3
2246 3
2247 3
2248 3
2249 3
2250 3
2251 3
2252 3
2253 3
2254 3
2255 3
2256 3
2257 3
2258 3
2259 3
2260 3
2261 3
2262 3
2263 3
2264 3
2265 3
2266 3
2267 3
2268 3
2269 3
2270 3
2271 3
2272 3
2273 3
2274 3
2275 3
2276 3
2277 3
2278 3
2279 3
2280 3
2281 3
2282 3
2283 3
2284 3
2285 3
2286 3
2287 3
2288 3
2289 3
2290 3
2291 3
2292 3
2293 3
2294 3
2295 3
2296 3
2297 3
2298 3
2299 3
2300 3
2301 3
2302 3
2303 3
2304 3
2305 3
2306 3
2307 3
2308 3
2309 3
2310 3
2311 3
2312 3
2313 3
2314 3
2315 3
2316 3
2317 3
2318 3
2319 3
2320 3
2321 3
2322 3
2323 3
2324 3
2325 3
2326 3
2327 3
2328 3
2329 3
2330 3
2331 3
2332 3
2333 3
2334 3
2335 3
2336 3
2337 3
2338 3
2339 3
2340 3
2341 3
2342 3
2343 3
2344 3
2345 3
2346 3
2347 3
2348 3
2349 3
2350 3
2351 3
2352 3
2353 3
2354 3
2355 3
2356 3
2357 3
2358 3
2359 3
2360 3
2361 3
2362 3
2363 3
2364 3
2365 3
2366 3
2367 3
2368 3
2369 3
2370 3
2371 3
2372 3
2373 3
2374 3
2375 3
2376 3
2377 3
2378 3
2379 3
2380 3
2381 3
2382 3
2383 3
2384 3
2385 3
2386 3
2387 3
2388 3
2389 3
2390 3
2391 3
2392 3
2393 3
2394 3
2395 3
2396 3
2397 3
2398 3
2399 3
2400 3
2401 3
2402 3
2403 3
2404 3
2405 3
2406 3
2407 3
2408 3
2409 3
2410 3
2411 3
2412 3
2413 3
2414 3
2415 3
2416 3
2417 3
2418 3
2419 3
2420 3
2421 3
2422 3
2423 3
2424 3
2425 3
2426 3
2427 3
2428 3
2429 3
2430 3
2431 3
2432 3
2433 3
2434 3
2435 3
2436 3
2437 3
2438 3
2439 3
2440 3
2441 3
2442 3
2443 3
2444 3
2445 3
2446 3
2447 3
2448 3
2449 3
2450 3
2451 3
2452 3
2453 3
2454 3
2455 3
2456 3
2457 3
2458 3
2459 3
2460 3
2461 3
2462 3
2463 3
2464 3
2465 3
2466 3
2467 3
2468 3
2469 3
2470 3
2471 3
2472 3
2473 3
2474 3
2475 3
2476 3
2477 3
2478 3
2479 3
2480 3
2481 3
2482 3
2483 3
2484 3
2485 3
2486 3
2487 3
2488 3
2489 3
2490 3
2491 3
2492 3
2493 3
2494 3
2495 3
2496 3
2497 3
2498 3
2499 3
2500 3
2501 3
2502 3
2503 3
2504 3
2505 3
2506 3
2507 3
2508 3
2509 3
2510 3
2511 3
2512 3
2513 3
2514 3
2515 3
2516 3
2517 3
2518 3
2519 3
2520 3
2521 3
2522 3
2523 3
2524 3
2525 3
2526 3
2527 3
2528 3
2529 3
2530 3
2531 3
2532 3
2533 3
2534 3
2535 3
2536 3
2537 3
2538 3
2539 3
2540 3
2541 3
2542 3
2543 3
2544 3
2545 3
2546 3
2547 3
2548 3
2549 3
2550 3
2551 3
2552 3
2553 3
2554 3
2555 3
2556 3
2557 3
2558 3
2559 3
2560 3
2561 3
2562 3
2563 3
2564 3
2565 3
2566 3
2567 3
2568 3
2569 3
2570 3
2571 3
2572 3
2573 3
2574 3
2575 3
2576 3
2577 3
2578 3
2579 3
2580 3
2581 3
2582 3
2583 3
2584 3
2585 3
2586 3
2587 3
2588 3
2589 3
2590 3
2591 3
2592 3
2593 3
2594 3
2595 3
2596 3
2597 3
2598 3
2599 3
2600 3
2601 3
2602 3
2603 3
2604 3
2605 3
2606 3
2607 3
2608 3
2609 3
2610 3
2611 3
2612 3
2613 3
2614 3
2615 3
2616 3
2617 3
2618 3
2619 3
2620 3
2621 3
2622 3
2623 3
2624 3
2625 3
2626 3
2627 3
2628 3
2629 3
2630 3
2631 3
2632 3
2633 3
2634 3
2635 3
2636 3
2637 3
2638 3
2639 3
2640 3
2641 3
2642 3
2643 3
2644 3
2645 3
2646 4
2647 4
2648 4
2649 4
2650 4
2651 4
2652 4
2653 4
2654 4
2655 4
2656 4
2657 4
2658 4
2659 4
2660 4
2661 4
2662 4
2663 4
2664 4
2665 4
2666 4
2667 4
2668 4
2669 4
2670 4
2671 4
2672 4
2673 4
2674 4
2675 4
2676 4
2677 4
2678 4
2679 4
2680 4
2681 4
2682 4
2683 4
2684 4
2685 4
2686 4
2687 4
2688 4
2689 4
2690 4
2691 4
2692 4
2693 4
2694 4
2695 4
2696 4
2697 4
2698 4
2699 4
2700 4
2701 4
2702 4
2703 4
2704 4
2705 4
2706 4
2707 4
2708 4
2709 4
2710 4
2711 4
2712 4
2713 4
2714 4
2715 4
2716 4
2717 4
2718 4
2719 4
2720 4
2721 4
2722 4
2723 4
2724 4
2725 4
2726 4
2727 4
2728 4
2729 4
2730 4
2731 4
2732 4
2733 4
2734 4
2735 4
2736 4
2737 4
2738 4
2739 4
2740 4
2741 4
2742 4
2743 4
2744 4
2745 4
2746 4
2747 4
2748 4
2749 4
2750 4
2751 4
2752 4
2753 4
2754 4
2755 4
2756 4
2757 4
2758 4
2759 4
2760 4
2761 4
2762 4
2763 4
2764 4
2765 4
2766 4
2767 4
2768 4
2769 4
2770 4
2771 4
2772 4
2773 4
2774 4
2775 4
2776 4
2777 4
2778 4
2779 4
2780 4
2781 4
2782 4
2783 4
2784 4
2785 4
2786 4
2787 4
2788 4
2789 4
2790 4
2791 4
2792 4
2793 4
2794 4
2795 4
2796 4
2797 4
2798 4
2799 4
2800 4
2801 4
2802 4
2803 4
2804 4
2805 4
2806 4
2807 4
2808 4
2809 4
2810 4
2811 4
2812 4
2813 4
2814 4
2815 4
2816 4
2817 4
2818 4
2819 4
2820 4
2821 4
2822 4
2823 4
2824 4
2825 4
2826 4
2827 4
2828 4
2829 4
2830 4
2831 4
2832 4
2833 4
2834 4
2835 4
2836 4
2837 4
2838 4
2839 4
2840 4
2841 4
2842 4
2843 4
2844 4
2845 4
2846 4
2847 4
2848 4
2849 4
2850 4
2851 4
2852 4
2853 4
2854 4
2855 4
2856 4
2857 4
2858 4
2859 4
2860 4
2861 4
2862 4
2863 4
2864 4
2865 4
2866 4
2867 4
2868 4
2869 4
2870 4
2871 4
2872 4
2873 4
2874 4
2875 4
2876 4
2877 4
2878 4
2879 4
2880 4
2881 4
2882 4
2883 4
2884 4
2885 4
2886 4
2887 4
2888 4
2889 4
2890 4
2891 4
2892 4
2893 4
2894 4
2895 4
2896 4
2897 4
2898 4
2899 4
2900 4
2901 4
2902 4
2903 4
2904 4
2905 4
2906 4
2907 4
2908 4
2909 4
2910 4
2911 4
2912 4
2913 4
2914 4
2915 4
2916 4
2917 4
2918 4
2919 4
2920 4
2921 4
2922 4
2923 4
2924 4
2925 4
2926 4
2927 4
2928 4
2929 4
2930 4
2931 4
2932 4
2933 4
2934 4
2935 4
2936 4
2937 4
2938 4
2939 4
2940 4
2941 4
2942 4
2943 4
2944 4
2945 4
2946 4
2947 4
2948 4
2949 4
2950 4
2951 4
2952 4
2953 4
2954 4
2955 4
2956 4
2957 4
2958 4
2959 4
2960 4
2961 4
2962 4
2963 4
2964 4
2965 4
2966 4
2967 4
2968 4
2969 4
2970 4
2971 4
2972 4
2973 4
2974 4
2975 4
2976 4
2977 4
2978 4
2979 4
2980 4
2981 4
2982 4
2983 4
2984 4
2985 4
2986 4
2987 4
2988 4
2989 4
2990 4
2991 4
2992 4
2993 4
2994 4
2995 4
2996 4
2997 4
2998 4
2999 4
3000 4
3001 4
3002 4
3003 4
3004 4
3005 4
3006 4
3007 4
3008 4
3009 4
3010 4
3011 4
3012 4
3013 4
3014 4
3015 4
3016 4
3017 4
3018 4
3019 4
3020 4
3021 4
3022 4
3023 4
3024 4
3025 4
3026 4
3027 4
3028 4
3029 4
3030 4
3031 4
3032 4
3033 4
3034 4
3035 4
3036 4
3037 4
3038 4
3039 4
3040 4
3041 4
3042 4
3043 4
3044 4
3045 4
3046 4
3047 4
3048 4
3049 4
3050 4
3051 4
3052 4
3053 4
3054 4
3055 4
3056 4
3057 4
3058 4
3059 4
3060 4
3061 4
3062 4
3063 4
3064 4
3065 4
3066 4
3067 4
3068 4
3069 4
3070 4
3071 4
3072 4
3073 4
3074 4
3075 4
3076 4
3077 4
3078 4
3079 4
3080 4
3081 4
3082 4
3083 4
3084 4
3085 4
3086 4
3087 4
3088 4
3089 4
3090 4
3091 4
3092 4
3093 4
3094 4
3095 4
3096 4
3097 4
3098 4
3099 4
3100 4
3101 4
3102 4
3103 4
3104 4
3105 4
3106 4
3107 4
3108 4
3109 4
3110 4
3111 4
3112 4
3113 4
3114 4
3115 4
3116 4
3117 4
3118 4
3119 4
3120 4
3121 4
3122 4
3123 4
3124 4
3125 4
3126 4
3127 4
3128 4
3129 4
3130 4
3131 4
3132 4
3133 4
3134 4
3135 4
3136 4
3137 4
3138 4
3139 4
3140 4
3141 4
3142 4
3143 4
3144 4
3145 4
3146 4
3147 4
3148 4
3149 4
3150 4
3151 4
3152 4
3153 4
3154 4
3155 4
3156 4
3157 4
3158 4
3159 4
3160 4
3161 4
3162 4
3163 4
3164 4
3165 4
3166 4
3167 4
3168 4
3169 4
3170 4
3171 4
3172 4
3173 4
3174 4
3175 4
3176 4
3177 4
3178 4
3179 4
3180 4
3181 4
3182 4
3183 4
3184 4
3185 4
3186 4
3187 4
3188 4
3189 4
3190 4
3191 4
3192 4
3193 4
3194 4
3195 4
3196 4
3197 4
3198 4
3199 4
3200 4
3201 4
3202 4
3203 4
3204 4
3205 4
3206 4
3207 4
3208 4
3209 4
3210 4
3211 4
3212 4
3213 4
3214 4
3215 4
3216 4
3217 4
3218 4
3219 4
3220 4
3221 4
3222 4
3223 4
3224 4
3225 4
3226 4
3227 4
3228 4
3229 4
3230 4
3231 4
3232 4
3233 4
3234 4
3235 4
3236 4
3237 4
3238 4
3239 4
3240 4
3241 4
3242 4
3243 4
3244 4
3245 4
3246 4
3247 4
3248 4
3249 4
3250 4
3251 4
3252 4
3253 4
3254 4
3255 4
3256 4
3257 4
3258 4
3259 4
3260 4
3261 4
3262 4
3263 4
3264 4
3265 4
3266 4
3267 4
3268 4
3269 4
3270 4
3271 4
3272 4
3273 4
3274 4
3275 4
3276 4
3277 4
3278 4
3279 4
3280 4
3281 4
3282 4
3283 4
3284 4
3285 4
3286 4
3287 4
3288 4
3289 4
3290 4
3291 4
3292 4
3293 4
3294 4
3295 4
3296 4
3297 4
3298 4
3299 4
3300 4
3301 4
3302 4
3303 4
3304 4
3305 4
3306 4
3307 4
3308 4
3309 4
3310 4
3311 4
3312 4
3313 4
3314 4
3315 4
3316 4
3317 4
3318 4
3319 4
3320 4
3321 4
3322 4
3323 4
3324 4
3325 4
3326 4
3327 4
3328 4
3329 4
3330 4
3331 4
3332 4
3333 4
3334 4
3335 4
3336 4
3337 4
3338 4
3339 4
3340 4
3341 4
3342 4
3343 4
3344 4
3345 4
3346 4
3347 4
3348 4
3349 4
3350 4
3351 4
3352 4
3353 4
3354 4
3355 4
3356 4
3357 4
3358 4
3359 4
3360 4
3361 4
3362 4
3363 4
3364 4
3365 4
3366 4
3367 4
3368 4
3369 4
3370 4
3371 4
3372 4
3373 4
3374 4
3375 4
3376 4
3377 4
3378 4
3379 4
3380 4
3381 4
3382 4
3383 4
3384 4
3385 4
3386 4
3387 4
3388 4
3389 4
3390 4
3391 4
3392 4
3393 4
3394 4
3395 4
3396 4
3397 4
3398 4
3399 4
3400 4
3401 4
3402 4
3403 4
3404 4
3405 4
3406 4
3407 4
3408 4
3409 4
3410 4
3411 4
3412 4
3413 4
3414 4
3415 4
3416 4
3417 4
3418 4
3419 4
3420 4
3421 4
3422 4
3423 4
3424 4
3425 4
3426 4
3427 4
3428 4
3429 4
3430 4
3431 4
3432 4
3433 4
3434 4
3435 4
3436 4
3437 4
3438 4
3439 4
3440 4
3441 4
3442 4
3443 4
3444 4
3445 4
3446 4
3447 4
3448 4
3449 4
3450 4
3451 4
3452 4
3453 4
3454 4
3455 4
3456 4
3457 4
3458 4
3459 4
3460 4
3461 4
3462 4
3463 4
3464 4
3465 4
3466 4
3467 4
3468 4
3469 4
3470 4
3471 4
3472 4
3473 4
3474 4
3475 4
3476 4
3477 4
3478 4
3479 4
3480 4
3481 4
3482 4
3483 4
3484 4
3485 4
3486 4
3487 4
3488 4
3489 4
3490 4
3491 4
3492 4
3493 4
3494 4
3495 4
3496 4
3497 4
3498 4
3499 4
3500 4
3501 4
3502 4
3503 4
3504 4
3505 4
3506 4
3507 4
3508 4
3509 4
3510 4
3511 4
3512 4
3513 4
3514 4
3515 4
3516 4
3517 4
3518 4
3519 4
3520 4
3521 4
3522 4
3523 4
3524 4
3525 4
3526 4
3527 4
3528 4
3529 4
3530 4
3531 4
3532 4
3533 4
3534 4
3535 4
3536 4
3537 4
3538 4
3539 4
3540 4
3541 4
3542 4
3543 4
3544 4
3545 4
3546 4
3547 4
3548 4
3549 4
3550 4
3551 4
3552 4
3553 4
3554 4
3555 4
3556 4
3557 4
3558 4
3559 4
3560 4
3561 4
3562 4
3563 4
3564 4
3565 4
3566 4
3567 4
3568 4
3569 4
3570 4
3571 4
3572 4
3573 4
3574 4
3575 4
3576 4
3577 4
3578 4
3579 4
3580 4
3581 4
3582 4
3583 4
3584 4
3585 4
3586 4
3587 4
3588 4
3589 4
3590 4
3591 4
3592 4
3593 4
3594 4
3595 4
3596 4
3597 4
3598 4
3599 4
3600 4
3601 4
3602 4
3603 4
3604 4
3605 4
3606 4
3607 4
3608 4
3609 4
3610 4
3611 4
3612 4
3613 4
3614 4
3615 4
3616 4
3617 4
3618 4
3619 4
3620 4
3621 4
3622 4
3623 4
3624 4
3625 4
3626 4
3627 4
3628 4
3629 4
3630 4
3631 4
3632 4
3633 4
3634 4
3635 4
3636 4
3637 4
3638 4
3639 4
3640 4
3641 4
3642 4
3643 4
3644 4
3645 4
3646 4
3647 4
3648 4
3649 4
3650 4
3651 4
3652 4
3653 4
3654 4
3655 4
3656 4
3657 4
3658 4
3659 4
3660 4
3661 4
3662 4
3663 4
3664 4
3665 4
3666 4
3667 4
3668 4
3669 4
3670 4
3671 4
3672 4
3673 4
3674 4
3675 4
3676 4
3677 4
3678 4
3679 4
3680 4
3681 4
3682 4
3683 4
3684 4
3685 4
3686 4
3687 4
3688 4
3689 4
3690 4
3691 4
3692 4
3693 4
3694 4
3695 4
3696 4
3697 4
3698 4
3699 4
3700 4
3701 4
3702 4
3703 4
3704 4
3705 4
3706 4
3707 4
3708 4
3709 4
3710 4
3711 4
3712 4
3713 4
3714 4
3715 4
3716 4
3717 4
3718 4
3719 4
3720 4
3721 4
3722 4
3723 4
3724 4
3725 4
3726 4
3727 4
3728 4
3729 4
3730 4
3731 4
3732 4
3733 4
3734 4
3735 4
3736 4
3737 4
3738 4
3739 4
3740 4
3741 4
3742 4
3743 4
3744 4
3745 4
3746 4
3747 4
3748 4
3749 4
3750 4
3751 4
3752 4
3753 4
3754 4
3755 4
3756 4
3757 4
3758 4
3759 4
3760 4
3761 4
3762 4
3763 4
3764 4
3765 4
3766 4
3767 4
3768 4
3769 4
3770 4
3771 4
3772 4
3773 4
3774 4
3775 4
3776 4
3777 4
3778 4
3779 4
3780 4
3781 4
3782 4
3783 4
3784 4
3785 4
3786 4
3787 4
3788 4
3789 4
3790 4
3791 4
3792 4
3793 4
3794 4
3795 4
3796 4
3797 4
3798 4
3799 4
3800 4
3801 4
3802 4
3803 4
3804 4
3805 4
3806 4
3807 4
3808 4
3809 4
3810 4
3811 4
3812 4
3813 4
3814 4
3815 4
3816 4
3817 4
3818 4
3819 4
3820 4
3821 4
3822 4
3823 4
3824 4
3825 4
3826 4
3827 4
3828 4
3829 4
3830 4
3831 4
3832 4
3833 4
3834 4
3835 4
3836 4
3837 4
3838 4
3839 4
3840 4
3841 4
3842 4
3843 4
3844 4
3845 4
3846 4
3847 4
3848 4
3849 4
3850 4
3851 4
3852 4
3853 4
3854 4
3855 4
3856 4
3857 4
3858 4
3859 4
3860 4
3861 4
3862 4
3863 4
3864 4
3865 4
3866 4
3867 4
3868 4
3869 4
3870 4
3871 4
3872 4
3873 4
3874 4
3875 4
3876 4
3877 4
3878 4
3879 4
3880 4
3881 4
3882 4
3883 4
3884 4
3885 4
3886 4
3887 4
3888 4
3889 4
3890 4
3891 4
3892 4
3893 4
3894 4
3895 4
3896 4
3897 4
3898 4
3899 4
3900 4
3901 4
3902 4
3903 4
3904 4
3905 4
3906 4
3907 4
3908 4
3909 4
3910 4
3911 4
3912 4
3913 4
3914 4
3915 4
3916 4
3917 4
3918 4
3919 4
3920 4
3921 4
3922 4
3923 4
3924 4
3925 4
3926 4
3927 4
3928 4
3929 4
3930 4
3931 4
3932 4
3933 4
3934 4
3935 4
3936 4
3937 4
3938 4
3939 4
3940 4
3941 4
3942 4
3943 4
3944 4
3945 4
3946 4
3947 4
3948 4
3949 4
3950 4
3951 4
3952 4
3953 4
3954 4
3955 4
3956 4
3957 4
3958 4
3959 4
3960 4
3961 4
3962 4
3963 4
3964 4
3965 4
3966 4
3967 4
3968 4
3969 4
3970 4
3971 4
3972 4
3973 4
3974 4
3975 4
3976 4
3977 4
3978 4
3979 4
3980 4
3981 4
3982 4
3983 4
3984 4
3985 4
3986 4
3987 4
3988 4
3989 4
3990 4
3991 4
3992 4
3993 4
3994 4
3995 4
3996 4
3997 4
3998 4
3999 4
4000 4
4001 4
4002 4
4003 4
4004 4
4005 4
4006 4
4007 4
4008 4
4009 4
4010 4
4011 4
4012 4
4013 4
4014 4
4015 4
4016 4
4017 4
4018 4
4019 4
4020 4
4021 4
4022 4
4023 4
4024 4
4025 4
4026 4
4027 4
4028 4
4029 4
4030 4
4031 4
4032 4
4033 4
4034 4
4035 4
4036 4
4037 4
4038 4
4039 4
4040 4
4041 4
4042 4
4043 4
4044 4
4045 4
4046 4
4047 4
4048 4
4049 4
4050 4
4051 4
4052 4
4053 4
4054 4
4055 4
4056 4
4057 4
4058 4
4059 4
4060 4
4061 4
4062 4
4063 4
4064 4
4065 4
4066 4
4067 4
4068 4
4069 4
4070 4
4071 4
4072 4
4073 4
4074 4
4075 4
4076 4
4077 4
4078 4
4079 4
4080 4
4081 4
4082 4
4083 4
4084 4
4085 4
4086 4
4087 4
4088 4
4089 4
4090 4
4091 4
4092 4
4093 4
4094 4
4095 4
4096 4
4097 4
4098 4
4099 4
4100 4
4101 4
4102 4
4103 4
4104 4
4105 4
4106 4
4107 4
4108 4
4109 4
4110 4
4111 4
4112 4
4113 4
4114 4
4115 4
4116 4
4117 4
4118 4
4119 4
4120 4
4121 4
4122 4
4123 4
4124 4
4125 4
4126 4
4127 4
4128 4
4129 4
4130 4
4131 4
4132 4
4133 4
4134 4
4135 4
4136 4
4137 4
4138 4
4139 4
4140 4
4141 4
4142 4
4143 4
4144 4
4145 4
4146 4
4147 4
4148 4
4149 4
4150 4
4151 4
4152 4
4153 4
4154 4
4155 4
4156 4
4157 -1
4158 -1
4159 -1
4160 -1
4161 -1
4162 -1
4163 -1
4164 -1
4165 -1
4166 -1
4167 -1
4168 -1
4169 -1
4170 -1
4171 -1
4172 -1
4173 -1
4174 -1
4175 -1
4176 -1
4177 -1
4178 -1
4179 -1
4180 -1
4181 -1
4182 -1
4183 -1
4184 -1
4185 -1
4186 -1
4187 -1
4188 -1
4189 -1
4190 -1
4191 -1
4192 -1
4193 -1
4194 -1
4195 -1
4196 -1
4197 -1
4198 -1
4199 -1
4200 -1
4201 -1
4202 -1
