0 0
1 0
2 0
3 0
4 0
5 0
6 0
7 0
8 0
9 0
10 0
11 0
12 0
13 0
14 0
15 0
16 0
17 0
18 0
19 0
20 0
21 0
22 0
23 0
24 0
25 0
26 0
27 0
28 0
29 0
30 0
31 0
32 0
33 0
34 0
35 0
36 0
37 0
38 0
39 0
40 0
41 0
42 0
43 0
44 0
45 0
46 0
47 0
48 0
49 0
50 0
51 0
52 0
53 0
54 0
55 0
56 0
57 0
58 0
59 0
60 0
61 0
62 0
63 0
64 0
65 0
66 0
67 0
68 0
69 0
70 0
71 0
72 0
73 0
74 0
75 0
76 0
77 0
78 0
79 0
80 0
81 0
82 0
83 0
84 0
85 0
86 0
87 0
88 0
89 0
90 0
91 0
92 0
93 0
94 0
95 0
96 0
97 0
98 0
99 0
100 0
101 0
102 0
103 0
104 0
105 0
106 0
107 0
108 0
109 0
110 0
111 0
112 0
113 0
114 0
115 0
116 0
117 0
118 0
119 0
120 0
121 0
122 0
123 0
124 0
125 0
126 0
127 0
128 0
129 0
130 0
131 0
132 0
133 0
134 0
135 0
136 0
137 0
138 0
139 0
140 0
141 0
142 0
143 0
144 0
145 0
146 0
147 0
148 0
149 0
150 0
151 0
152 0
153 0
154 0
155 0
156 0
157 0
158 0
159 0
160 0
161 0
162 0
163 0
164 0
165 0
166 0
167 0
168 0
169 0
170 0
171 0
172 0
173 0
174 0
175 0
176 0
177 0
178 0
179 0
180 0
181 0
182 0
183 0
184 0
185 0
186 0
187 0
188 0
189 0
190 0
191 0
192 0
193 0
194 0
195 0
196 0
197 0
198 0
199 0
200 0
201 0
202 0
203 0
204 0
205 0
206 0
207 0
208 0
209 0
210 0
211 0
212 0
213 0
214 0
215 0
216 0
217 0
218 0
219 0
220 0
221 0
222 0
223 0
224 0
225 0
226 0
227 0
228 0
229 0
230 0
231 0
232 0
233 0
234 0
235 0
236 0
237 0
238 0
239 0
240 0
241 0
242 0
243 0
244 0
245 0
246 0
247 0
248 0
249 0
250 0
251 0
252 0
253 0
254 0
255 0
256 0
257 0
258 0
259 0
260 0
261 0
262 0
263 0
264 0
265 0
266 0
267 0
268 0
269 0
270 0
271 0
272 0
273 0
274 0
275 0
276 0
277 0
278 0
279 0
280 0
281 0
282 0
283 0
284 0
285 0
286 0
287 0
288 0
289 0
290 0
291 0
292 0
293 0
294 0
295 0
296 0
297 0
298 0
299 0
300 0
301 0
302 0
303 0
304 0
305 0
306 0
307 0
308 1
309 1
310 1
311 1
312 1
313 1
314 1
315 1
316 1
317 1
318 1
319 1
320 1
321 1
322 1
323 1
324 1
325 1
326 1
327 1
328 1
329 1
330 1
331 1
332 1
333 1
334 1
335 1
336 1
337 1
338 1
339 1
340 1
341 1
342 1
343 1
344 1
345 1
346 1
347 1
348 1
349 1
350 1
351 1
352 1
353 1
354 1
355 1
356 1
357 1
358 1
359 1
360 1
361 1
362 1
363 1
364 1
365 1
366 1
367 1
368 1
369 1
370 1
371 1
372 1
373 1
374 1
375 1
376 1
377 1
378 1
379 1
380 1
381 1
382 1
383 1
384 1
385 1
386 1
387 1
388 1
389 1
390 1
391 1
392 1
393 1
394 1
395 1
396 1
397 1
398 1
399 1
400 1
401 1
402 1
403 1
404 1
405 1
406 1
407 1
408 1
409 1
410 1
411 1
412 1
413 1
414 1
415 1
416 1
417 1
418 1
419 1
420 1
421 1
422 1
423 1
424 1
425 1
426 1
427 1
428 1
429 1
430 1
431 1
432 1
433 1
434 1
435 1
436 1
437 1
438 1
439 1
440 1
441 1
442 1
443 1
444 1
445 1
446 1
447 1
448 1
449 1
450 1
451 1
452 1
453 1
454 1
455 1
456 1
457 1
458 1
459 1
460 1
461 1
462 1
463 1
464 1
465 1
466 1
467 1
468 1
469 1
470 1
471 1
472 1
473 1
474 1
475 1
476 1
477 1
478 1
479 1
480 1
481 1
482 1
483 1
484 1
485 1
486 1
487 1
488 1
489 1
490 1
491 1
492 1
493 1
494 1
495 1
496 1
497 1
498 1
499 1
500 1
501 1
502 1
503 1
504 1
505 1
506 1
507 1
508 1
509 1
510 1
511 1
512 1
513 1
514 1
515 1
516 1
517 1
518 1
519 1
520 1
521 1
522 1
523 1
524 1
525 1
526 1
527 1
528 1
529 1
530 1
531 1
532 1
533 1
534 1
535 1
536 1
537 1
538 1
539 1
540 1
541 1
542 1
543 1
544 1
545 1
546 1
547 1
548 1
549 1
550 1
551 1
552 1
553 1
554 1
555 1
556 1
557 1
558 1
559 1
560 1
561 1
562 1
563 1
564 1
565 1
566 1
567 1
568 1
569 1
570 1
571 1
572 1
573 1
574 1
575 1
576 1
577 1
578 1
579 1
580 1
581 1
582 1
583 1
584 1
585 1
586 1
587 1
588 1
589 1
590 1
591 1
592 1
593 1
594 1
595 1
596 1
597 1
598 1
599 1
600 1
601 1
602 1
603 1
604 1
605 1
606 1
607 1
608 1
609 1
610 1
611 1
612 1
613 1
614 1
615 1
616 1
617 1
618 1
619 1
620 1
621 1
622 1
623 1
624 1
625 1
626 1
627 1
628 1
629 1
630 1
631 1
632 1
633 1
634 1
635 1
636 1
637 1
638 1
639 1
640 1
641 1
642 1
643 1
644 1
645 1
646 1
647 1
648 1
649 1
650 1
651 1
652 1
653 1
654 1
655 1
656 1
657 1
658 1
659 1
660 1
661 1
662 1
663 1
664 1
665 1
666 1
667 1
668 1
669 1
670 1
671 1
672 1
673 1
674 1
675 1
676 1
677 1
678 1
679 1
680 1
681 1
682 1
683 1
684 1
685 1
686 1
687 1
688 1
689 1
690 1
691 1
692 1
693 1
694 1
695 1
696 1
697 1
698 1
699 1
700 1
701 1
702 1
703 1
704 1
705 1
706 1
707 1
708 1
709 1
710 1
711 1
712 1
713 1
714 1
715 1
716 1
717 1
718 1
719 1
720 1
721 1
722 1
723 1
724 1
725 1
726 1
727 1
728 1
729 1
730 1
731 1
732 1
733 1
734 1
735 1
736 1
737 1
738 1
739 1
740 1
741 1
742 1
743 1
744 1
745 1
746 1
747 1
748 1
749 1
750 1
751 1
752 1
753 1
754 1
755 1
756 1
757 1
758 1
759 1
760 1
761 1
762 1
763 1
764 1
765 1
766 1
767 1
768 1
769 1
770 1
771 1
772 1
773 1
774 1
775 1
776 1
777 1
778 1
779 1
780 1
781 1
782 1
783 1
784 1
785 1
786 1
787 1
788 1
789 1
790 1
791 1
792 1
793 1
794 1
795 1
796 1
797 1
798 1
799 1
800 1
801 1
802 1
803 1
804 1
805 1
806 1
807 1
808 1
809 1
810 1
811 1
812 1
813 1
814 1
815 1
816 1
817 1
818 1
819 1
820 1
821 1
822 1
823 1
824 1
825 1
826 1
827 1
828 1
829 1
830 1
831 1
832 1
833 1
834 1
835 1
836 1
837 1
838 1
839 1
840 1
841 1
842 1
843 1
844 1
845 1
846 1
847 1
848 1
849 1
850 1
851 1
852 1
853 1
854 1
855 1
856 1
857 1
858 1
859 1
860 1
861 1
862 1
863 1
864 1
865 1
866 1
867 1
868 1
869 1
870 1
871 1
872 1
873 1
874 1
875 1
876 1
877 1
878 1
879 1
880 1
881 1
882 1
883 1
884 1
885 1
886 1
887 1
888 1
889 1
890 1
891 1
892 1
893 1
894 1
895 1
896 1
897 1
898 1
899 1
900 1
901 1
902 1
903 1
904 1
905 1
906 1
907 1
908 1
909 1
910 1
911 1
912 1
913 1
914 1
915 1
916 1
917 1
918 1
919 1
920 1
921 1
922 1
923 1
924 1
925 1
926 1
927 1
928 1
929 1
930 1
931 1
932 1
933 1
934 1
935 1
936 1
937 1
938 1
939 1
940 1
941 1
942 1
943 1
944 1
945 1
946 1
947 1
948 1
949 1
950 1
951 1
952 1
953 1
954 1
955 1
956 1
957 1
958 1
959 1
960 1
961 1
962 1
963 1
964 1
965 1
966 1
967 1
968 1
969 1
970 1
971 1
972 1
973 1
974 1
975 1
976 1
977 1
978 1
979 1
980 1
981 1
982 1
983 1
984 1
985 1
986 1
987 1
988 1
989 1
990 1
991 1
992 1
993 1
994 1
995 1
996 1
997 1
998 1
999 1
1000 1
1001 1
1002 1
1003 1
1004 1
1005 1
1006 1
1007 1
1008 1
1009 1
1010 1
1011 1
1012 1
1013 1
1014 1
1015 1
1016 1
1017 1
1018 1
1019 1
1020 1
1021 1
1022 1
1023 1
1024 1
1025 1
1026 1
1027 1
1028 1
1029 1
1030 1
1031 1
1032 1
1033 1
1034 1
1035 1
1036 1
1037 1
1038 1
1039 1
1040 1
1041 1
1042 1
1043 1
1044 1
1045 1
1046 1
1047 1
1048 1
1049 1
1050 1
1051 1
1052 1
1053 1
1054 1
1055 1
1056 1
1057 1
1058 1
1059 1
1060 1
1061 1
1062 1
1063 1
1064 1
1065 1
1066 1
1067 1
1068 1
1069 1
1070 1
1071 1
1072 1
1073 1
1074 1
1075 1
1076 1
1077 1
1078 1
1079 1
1080 1
1081 1
1082 1
1083 1
1084 1
1085 1
1086 1
1087 1
1088 1
1089 1
1090 1
1091 1
1092 1
1093 1
1094 1
1095 1
1096 1
1097 1
1098 1
1099 1
1100 1
1101 1
1102 1
1103 1
1104 1
1105 1
1106 1
1107 1
1108 1
1109 1
1110 1
1111 1
1112 1
1113 1
1114 1
1115 1
1116 1
1117 1
1118 1
1119 1
1120 1
1121 1
1122 1
1123 1
1124 1
1125 1
1126 1
1127 1
1128 1
1129 1
1130 1
1131 1
1132 1
1133 1
1134 1
1135 1
1136 1
1137 1
1138 1
1139 1
1140 1
1141 1
1142 1
1143 1
1144 1
1145 1
1146 1
1147 1
1148 1
1149 1
1150 1
1151 1
1152 1
1153 1
1154 1
1155 1
1156 1
1157 1
1158 1
1159 1
1160 1
1161 1
1162 1
1163 1
1164 1
1165 1
1166 1
1167 1
1168 1
1169 1
1170 1
1171 1
1172 1
1173 1
1174 1
1175 1
1176 1
1177 1
1178 1
1179 1
1180 1
1181 1
1182 1
1183 1
1184 1
1185 1
1186 1
1187 1
1188 1
1189 1
1190 1
1191 1
1192 1
1193 1
1194 1
1195 1
1196 1
1197 1
1198 1
1199 1
1200 1
1201 1
1202 1
1203 1
1204 1
1205 1
1206 1
1207 1
1208 1
1209 1
1210 1
1211 1
1212 1
1213 1
1214 1
1215 1
1216 1
1217 1
1218 1
1219 1
1220 1
1221 1
1222 1
1223 1
1224 1
1225 1
1226 1
1227 1
1228 1
1229 1
1230 1
1231 1
1232 1
1233 1
1234 1
1235 1
1236 1
1237 1
1238 1
1239 1
1240 1
1241 1
1242 1
1243 1
1244 1
1245 1
1246 1
1247 1
1248 1
1249 1
1250 1
1251 1
1252 1
1253 1
1254 1
1255 1
1256 1
1257 1
1258 1
1259 1
1260 1
1261 1
1262 1
1263 1
1264 1
1265 1
1266 1
1267 1
1268 1
1269 1
1270 1
1271 1
1272 1
1273 1
1274 1
1275 1
1276 1
1277 1
1278 1
1279 1
1280 1
1281 1
1282 1
1283 1
1284 1
1285 1
1286 1
1287 1
1288 1
1289 1
1290 1
1291 1
1292 2
1293 2
1294 2
1295 2
1296 2
1297 2
1298 2
1299 2
1300 2
1301 2
1302 2
1303 2
1304 2
1305 2
1306 2
1307 2
1308 2
1309 2
1310 2
1311 2
1312 2
1313 2
1314 2
1315 2
1316 2
1317 2
1318 2
1319 2
1320 2
1321 2
1322 2
1323 2
1324 2
1325 2
1326 2
1327 2
1328 2
1329 2
1330 2
1331 2
1332 2
1333 2
1334 2
1335 2
1336 2
1337 2
1338 2
1339 2
1340 2
1341 2
1342 2
1343 2
1344 2
1345 2
1346 2
1347 2
1348 2
1349 2
1350 2
1351 2
1352 2
1353 2
1354 2
1355 2
1356 2
1357 2
1358 2
1359 2
1360 2
1361 2
1362 2
1363 2
1364 2
1365 2
1366 2
1367 2
1368 2
1369 2
1370 2
1371 2
1372 2
1373 2
1374 2
1375 2
1376 2
1377 2
1378 2
1379 2
1380 2
1381 2
1382 2
1383 2
1384 2
1385 2
1386 2
1387 2
1388 2
1389 2
1390 2
1391 2
1392 2
1393 2
1394 2
1395 2
1396 2
1397 2
1398 2
1399 2
1400 2
1401 2
1402 2
1403 2
1404 2
1405 2
1406 2
1407 2
1408 2
1409 2
1410 2
1411 2
1412 2
1413 2
1414 2
1415 2
1416 2
1417 2
1418 2
1419 2
1420 2
1421 2
1422 2
1423 2
1424 2
1425 2
1426 2
1427 2
1428 2
1429 2
1430 2
1431 2
1432 2
1433 2
1434 2
1435 2
1436 2
1437 2
1438 2
1439 2
1440 2
1441 2
1442 2
1443 2
1444 2
1445 2
1446 2
1447 2
1448 2
1449 2
1450 2
1451 2
1452 2
1453 2
1454 2
1455 2
1456 2
1457 2
1458 2
1459 2
1460 2
1461 2
1462 2
1463 2
1464 2
1465 2
1466 2
1467 2
1468 2
1469 2
1470 2
1471 2
1472 2
1473 2
1474 2
1475 2
1476 2
1477 2
1478 2
1479 2
1480 2
1481 2
1482 2
1483 2
1484 2
1485 2
1486 2
1487 2
1488 2
1489 2
1490 2
1491 2
1492 2
1493 2
1494 2
1495 2
1496 2
1497 2
1498 2
1499 2
1500 2
1501 2
1502 2
1503 2
1504 2
1505 2
1506 2
1507 2
1508 2
1509 2
1510 2
1511 2
1512 2
1513 2
1514 2
1515 2
1516 2
1517 2
1518 2
1519 2
1520 2
1521 2
1522 2
1523 2
1524 2
1525 2
1526 2
1527 2
1528 2
1529 2
1530 2
1531 2
1532 2
1533 2
1534 2
1535 2
1536 2
1537 2
1538 2
1539 2
1540 2
1541 2
1542 2
1543 2
1544 2
1545 2
1546 2
1547 2
1548 2
1549 2
1550 2
1551 2
1552 2
1553 2
1554 2
1555 2
1556 2
1557 2
1558 2
1559 2
1560 2
1561 2
1562 2
1563 2
1564 2
1565 2
1566 2
1567 2
1568 2
1569 2
1570 2
1571 2
1572 2
1573 2
1574 2
1575 2
1576 2
1577 2
1578 2
1579 2
1580 2
1581 2
1582 2
1583 2
1584 2
1585 2
1586 2
1587 2
1588 2
1589 2
1590 2
1591 2
1592 2
1593 2
1594 2
1595 2
1596 2
1597 2
1598 2
1599 2
1600 2
1601 2
1602 2
1603 2
1604 2
1605 2
1606 2
1607 2
1608 2
1609 2
1610 2
1611 2
1612 2
1613 2
1614 2
1615 2
1616 2
1617 2
1618 2
1619 2
1620 2
1621 2
1622 2
1623 2
1624 2
1625 2
1626 2
1627 2
1628 2
1629 2
1630 2
1631 2
1632 3
1633 3
1634 3
1635 3
1636 3
1637 3
1638 3
1639 3
1640 3
1641 3
1642 3
1643 3
1644 3
1645 3
1646 3
1647 3
1648 3
1649 3
1650 3
1651 3
1652 3
1653 3
1654 3
1655 3
1656 3
1657 3
1658 3
1659 3
1660 3
1661 3
1662 3
1663 3
1664 3
1665 3
1666 3
1667 3
1668 3
1669 3
1670 3
1671 3
1672 3
1673 3
1674 3
1675 3
1676 3
1677 3
1678 3
1679 3
1680 3
1681 3
1682 3
1683 3
1684 3
1685 3
1686 3
1687 3
1688 3
1689 3
1690 3
1691 3
1692 3
1693 3
1694 3
1695 3
1696 3
1697 3
1698 3
1699 3
1700 3
1701 3
1702 3
1703 3
1704 3
1705 3
1706 3
1707 3
1708 3
1709 3
1710 3
1711 3
1712 3
1713 3
1714 3
1715 3
1716 3
1717 3
1718 3
1719 3
1720 3
1721 3
1722 3
1723 3
1724 3
1725 3
1726 3
1727 3
1728 3
1729 3
1730 3
1731 3
1732 3
1733 3
1734 3
1735 3
1736 3
1737 3
1738 3
1739 3
1740 3
1741 3
1742 3
1743 3
1744 3
1745 3
1746 3
1747 3
1748 3
1749 3
1750 3
1751 3
1752 3
1753 3
1754 3
1755 3
1756 3
1757 3
1758 3
1759 3
1760 3
1761 3
1762 3
1763 3
1764 3
1765 3
1766 3
1767 3
1768 3
1769 3
1770 3
1771 3
1772 3
1773 3
1774 3
1775 3
1776 3
1777 3
1778 3
1779 3
1780 3
1781 3
1782 3
1783 3
1784 3
1785 3
1786 3
1787 3
1788 3
1789 3
1790 3
1791 3
1792 3
1793 3
1794 3
1795 3
1796 3
1797 3
1798 3
1799 3
1800 3
1801 3
1802 3
1803 3
1804 3
1805 3
1806 3
1807 3
1808 3
1809 3
1810 3
1811 3
1812 3
1813 3
1814 3
1815 3
1816 3
1817 3
1818 3
1819 3
1820 3
1821 3
1822 3
1823 3
1824 3
1825 3
1826 3
1827 3
1828 3
1829 3
1830 3
1831 3
1832 3
1833 3
1834 3
1835 3
1836 3
1837 3
1838 3
1839 3
1840 3
1841 3
1842 3
1843 3
1844 3
1845 3
1846 3
1847 3
1848 3
1849 3
1850 3
1851 3
1852 3
1853 3
1854 3
1855 3
1856 3
1857 3
1858 3
1859 3
1860 3
1861 3
1862 3
1863 3
1864 3
1865 3
1866 3
1867 3
1868 3
1869 3
1870 3
1871 3
1872 3
1873 3
1874 3
1875 3
1876 3
1877 3
1878 3
1879 3
1880 3
1881 3
1882 3
1883 3
1884 3
1885 3
1886 3
1887 3
1888 3
1889 3
1890 3
1891 3
1892 3
1893 3
1894 3
1895 3
1896 3
1897 3
1898 3
1899 3
1900 3
1901 3
1902 3
1903 3
1904 3
1905 3
1906 3
1907 3
1908 3
1909 3
1910 3
1911 3
1912 3
1913 3
1914 3
1915 3
1916 3
1917 3
1918 3
1919 3
1920 3
1921 3
1922 3
1923 3
1924 3
1925 3
1926 3
1927 3
1928 3
1929 3
1930 3
1931 3
1932 3
1933 3
1934 3
1935 3
1936 3
1937 3
1938 3
1939 3
1940 3
1941 3
1942 3
1943 3
1944 3
1945 3
1946 3
1947 3
1948 3
1949 3
1950 3
1951 3
1952 3
1953 3
1954 3
1955 3
1956 3
1957 3
1958 3
1959 3
1960 3
1961 3
1962 3
1963 3
1964 3
1965 3
1966 3
1967 3
1968 3
1969 3
1970 3
1971 3
1972 3
1973 3
1974 3
1975 3
1976 3
1977 3
1978 3
1979 3
1980 3
1981 3
1982 3
1983 3
1984 3
1985 3
1986 3
1987 3
1988 3
1989 3
1990 3
1991 3
1992 3
1993 3
1994 3
1995 3
1996 3
1997 3
1998 3
1999 3
2000 3
2001 3
2002 3
2003 3
2004 3
2005 3
2006 3
2007 3
2008 3
2009 3
2010 3
2011 3
2012 3
2013 3
2014 3
2015 3
2016 3
2017 3
2018 3
2019 3
2020 3
2021 3
2022 3
2023 3
2024 3
2025 3
2026 3
2027 3
2028 3
2029 3
2030 3
2031 3
2032 3
2033 3
2034 3
2035 3
2036 3
2037 3
2038 3
2039 3
2040 3
2041 3
2042 3
2043 3
2044 3
2045 3
2046 3
2047 3
2048 3
2049 3
2050 3
2051 3
2052 3
2053 3
2054 3
2055 3
2056 3
2057 3
2058 3
2059 3
2060 3
2061 3
2062 3
2063 3
2064 3
2065 3
2066 3
2067 3
2068 3
2069 3
2070 3
2071 3
2072 3
2073 3
2074 3
2075 3
2076 3
2077 3
2078 3
2079 3
2080 3
2081 3
2082 3
2083 3
2084 3
2085 3
2086 3
2087 3
2088 3
2089 3
2090 3
2091 3
2092 3
2093 3
2094 3
2095 3
2096 3
2097 3
2098 3
2099 3
2100 3
2101 3
2102 3
2103 3
2104 3
2105 3
2106 3
2107 3
2108 3
2109 3
2110 3
2111 3
2112 3
2113 3
2114 3
2115 3
2116 3
2117 3
2118 3
2119 3
2120 3
2121 3
2122 3
2123 3
2124 3
2125 3
2126 3
2127 3
2128 3
2129 3
2130 3
2131 3
2132 3
2133 3
2134 3
2135 3
2136 3
2137 3
2138 3
2139 3
2140 3
2141 3
2142 3
2143 3
2144 3
2145 3
2146 3
2147 3
2148 3
2149 3
2150 3
2151 3
2152 3
2153 3
2154 3
2155 3
2156 3
2157 3
2158 3
2159 3
2160 3
2161 3
2162 3
2163 3
2164 3
2165 3
2166 3
2167 3
2168 3
2169 3
2170 3
2171 3
2172 3
2173 3
2174 3
2175 3
2176 3
2177 3
2178 3
2179 3
2180 3
2181 3
2182 3
2183 3
2184 3
2185 3
2186 3
2187 3
2188 3
2189 3
2190 3
2191 3
2192 3
2193 3
2194 3
2195 3
2196 3
2197 3
2198 3
2199 3
2200 3
2201 3
2202 3
2203 3
2204 3
2205 3
2206 3
2207 3
2208 3
2209 3
2210 3
2211 3
2212 3
2213 3
2214 3
2215 3
2216 3
2217 3
2218 3
2219 3
2220 3
2221 3
2222 3
2223 3
2224 3
2225 3
2226 3
2227 3
2228 3
2229 3
2230 3
2231 3
2232 3
2233 3
2234 3
2235 3
2236 3
2237 3
2238 3
2239 3
2240 3
2241 3
2242 3
2243 3
2244 3
2245 3
2246 3
2247 3
2248 3
2249 3
2250 3
2251 3
2252 3
2253 3
2254 3
2255 3
2256 3
2257 3
2258 3
2259 3
2260 3
2261 3
2262 3
2263 3
2264 3
2265 3
2266 3
2267 3
2268 3
2269 3
2270 3
2271 3
2272 3
2273 3
2274 3
2275 3
2276 3
2277 3
2278 3
2279 3
2280 3
2281 3
2282 3
2283 3
2284 3
2285 3
2286 3
2287 3
2288 3
2289 3
2290 3
2291 3
2292 3
2293 3
2294 3
2295 3
2296 3
2297 3
2298 3
2299 3
2300 3
2301 3
2302 3
2303 3
2304 3
2305 3
2306 3
2307 3
2308 3
2309 3
2310 3
2311 3
2312 3
2313 3
2314 3
2315 3
2316 3
2317 3
2318 3
2319 3
2320 3
2321 3
2322 3
2323 3
2324 3
2325 3
2326 3
2327 3
2328 3
2329 3
2330 3
2331 3
2332 3
2333 3
2334 3
2335 3
2336 3
2337 3
2338 3
2339 3
2340 3
2341 3
2342 3
2343 3
2344 3
2345 3
2346 3
2347 3
2348 3
2349 3
2350 3
2351 3
2352 3
2353 3
2354 3
2355 3
2356 3
2357 3
2358 3
2359 3
2360 3
2361 3
2362 3
2363 3
2364 3
2365 3
2366 3
2367 3
2368 3
2369 3
2370 3
2371 3
2372 3
2373 3
2374 3
2375 3
2376 3
2377 3
2378 3
2379 3
2380 3
2381 3
2382 3
2383 3
2384 3
2385 3
2386 3
2387 3
2388 3
2389 3
2390 3
2391 3
2392 3
2393 3
2394 3
2395 3
2396 3
2397 3
2398 3
2399 3
2400 3
2401 3
2402 3
2403 3
2404 3
2405 3
2406 3
2407 3
2408 3
2409 3
2410 3
2411 3
2412 3
2413 3
2414 3
2415 3
2416 3
2417 3
2418 3
2419 3
2420 3
2421 3
2422 3
2423 3
2424 3
2425 3
2426 3
2427 3
2428 3
2429 3
2430 3
2431 3
2432 3
2433 3
2434 3
2435 3
2436 3
2437 3
2438 3
2439 3
2440 3
2441 3
2442 3
2443 3
2444 3
2445 3
2446 3
2447 3
2448 3
2449 3
2450 3
2451 3
2452 3
2453 3
2454 3
2455 3
2456 3
2457 3
2458 3
2459 3
2460 3
2461 3
2462 3
2463 3
2464 3
2465 3
2466 3
2467 3
2468 3
2469 3
2470 3
2471 3
2472 3
2473 3
2474 3
2475 3
2476 3
2477 3
2478 3
2479 3
2480 3
2481 3
2482 3
2483 3
2484 3
2485 3
2486 3
2487 3
2488 3
2489 3
2490 3
2491 3
2492 3
2493 3
2494 3
2495 3
2496 3
2497 3
2498 3
2499 3
2500 3
2501 3
2502 3
2503 3
2504 3
2505 3
2506 3
2507 3
2508 3
2509 3
2510 3
2511 3
2512 3
2513 3
2514 3
2515 3
2516 3
2517 3
2518 3
2519 3
2520 3
2521 3
2522 3
2523 3
2524 3
2525 3
2526 3
2527 3
2528 3
2529 3
2530 3
2531 3
2532 3
2533 3
2534 3
2535 3
2536 3
2537 3
2538 3
2539 3
2540 3
2541 3
2542 3
2543 3
2544 3
2545 3
2546 3
2547 3
2548 3
2549 3
2550 3
2551 3
2552 3
2553 3
2554 3
2555 3
2556 3
2557 3
2558 3
2559 3
2560 3
2561 3
2562 3
2563 3
2564 3
2565 3
2566 3
2567 3
2568 3
2569 3
2570 3
2571 3
2572 3
2573 3
2574 3
2575 3
2576 3
2577 3
2578 3
2579 3
2580 3
2581 3
2582 3
2583 3
2584 3
2585 3
2586 3
2587 3
2588 3
2589 3
2590 3
2591 3
2592 3
2593 3
2594 3
2595 3
2596 3
2597 3
2598 3
2599 3
2600 3
2601 3
2602 3
2603 3
2604 3
2605 3
2606 3
2607 3
2608 3
2609 3
2610 3
2611 3
2612 3
2613 3
2614 3
2615 3
2616 3
2617 3
2618 3
2619 3
2620 3
2621 3
2622 3
2623 3
2624 3
2625 3
2626 3
2627 3
2628 3
2629 3
2630 3
2631 3
2632 3
2633 3
2634 3
2635 3
2636 3
2637 3
2638 3
2639 3
2640 3
2641 3
2642 3
2643 3
2644 3
2645 3
2646 3
2647 3
2648 3
2649 3
2650 3
2651 3
2652 3
2653 3
2654 3
2655 3
2656 3
2657 3
2658 3
2659 3
2660 3
2661 3
2662 3
2663 3
2664 3
2665 3
2666 3
2667 3
2668 3
2669 3
2670 3
2671 3
2672 3
2673 3
2674 3
2675 3
2676 3
2677 3
2678 3
2679 3
2680 3
2681 3
2682 3
2683 3
2684 3
2685 3
2686 3
2687 3
2688 3
2689 3
2690 3
2691 3
2692 3
2693 3
2694 3
2695 3
2696 3
2697 3
2698 3
2699 3
2700 3
2701 3
2702 3
2703 3
2704 3
2705 3
2706 3
2707 3
2708 3
2709 3
2710 3
2711 3
2712 3
2713 3
2714 3
2715 3
2716 3
2717 3
2718 3
2719 3
2720 3
2721 3
2722 3
2723 3
2724 3
2725 3
2726 3
2727 3
2728 3
2729 3
2730 3
2731 3
2732 3
2733 3
2734 3
2735 3
2736 3
2737 3
2738 3
2739 3
2740 3
2741 3
2742 3
2743 3
2744 3
2745 3
2746 3
2747 3
2748 3
2749 3
2750 3
2751 3
2752 3
2753 3
2754 3
2755 3
2756 3
2757 3
2758 3
2759 3
2760 3
2761 3
2762 3
2763 3
2764 3
2765 3
2766 3
2767 3
2768 3
2769 3
2770 3
2771 3
2772 3
2773 3
2774 3
2775 3
2776 3
2777 3
2778 3
2779 3
2780 3
2781 3
2782 3
2783 3
2784 3
2785 3
2786 3
2787 3
2788 3
2789 3
2790 3
2791 3
2792 3
2793 3
2794 3
2795 3
2796 3
2797 3
2798 3
2799 3
2800 3
2801 3
2802 3
2803 3
2804 3
2805 3
2806 3
2807 3
2808 3
2809 3
2810 3
2811 4
2812 4
2813 4
2814 4
2815 4
2816 4
2817 4
2818 4
2819 4
2820 4
2821 4
2822 4
2823 4
2824 4
2825 4
2826 4
2827 4
2828 4
2829 4
2830 4
2831 4
2832 4
2833 4
2834 4
2835 4
2836 4
2837 4
2838 4
2839 4
2840 4
2841 4
2842 4
2843 4
2844 4
2845 4
2846 4
2847 4
2848 4
2849 4
2850 4
2851 4
2852 4
2853 4
2854 4
2855 4
2856 4
2857 4
2858 4
2859 4
2860 4
2861 4
2862 4
2863 4
2864 4
2865 4
2866 4
2867 4
2868 4
2869 4
2870 4
2871 4
2872 4
2873 4
2874 4
2875 4
2876 4
2877 4
2878 4
2879 4
2880 4
2881 4
2882 4
2883 4
2884 4
2885 4
2886 4
2887 4
2888 4
2889 4
2890 4
2891 4
2892 4
2893 4
2894 4
2895 4
2896 4
2897 4
2898 4
2899 4
2900 4
2901 4
2902 4
2903 4
2904 4
2905 4
2906 4
2907 4
2908 4
2909 4
2910 4
2911 4
2912 4
2913 4
2914 4
2915 4
2916 4
2917 4
2918 4
2919 4
2920 4
2921 4
2922 4
2923 4
2924 4
2925 4
2926 4
2927 4
2928 4
2929 4
2930 4
2931 4
2932 4
2933 4
2934 4
2935 4
2936 4
2937 4
2938 4
2939 4
2940 4
2941 4
2942 4
2943 4
2944 4
2945 4
2946 4
2947 4
2948 4
2949 4
2950 4
2951 4
2952 4
2953 4
2954 4
2955 4
2956 4
2957 4
2958 4
2959 4
2960 4
2961 4
2962 4
2963 4
2964 4
2965 4
2966 4
2967 4
2968 4
2969 4
2970 4
2971 4
2972 4
2973 4
2974 4
2975 4
2976 4
2977 4
2978 4
2979 4
2980 4
2981 4
2982 4
2983 4
2984 4
2985 4
2986 4
2987 4
2988 4
2989 4
2990 4
2991 4
2992 4
2993 4
2994 4
2995 4
2996 4
2997 4
2998 4
2999 4
3000 4
3001 4
3002 4
3003 4
3004 4
3005 4
3006 4
3007 4
3008 4
3009 4
3010 4
3011 4
3012 4
3013 4
3014 4
3015 4
3016 4
3017 4
3018 4
3019 4
3020 4
3021 4
3022 4
3023 4
3024 4
3025 4
3026 4
3027 4
3028 4
3029 4
3030 4
3031 4
3032 4
3033 4
3034 4
3035 4
3036 4
3037 4
3038 4
3039 4
3040 4
3041 4
3042 4
3043 4
3044 4
3045 4
3046 4
3047 4
3048 4
3049 4
3050 4
3051 4
3052 4
3053 4
3054 4
3055 4
3056 4
3057 4
3058 4
3059 4
3060 4
3061 4
3062 4
3063 4
3064 4
3065 4
3066 4
3067 4
3068 4
3069 4
3070 4
3071 4
3072 4
3073 4
3074 4
3075 4
3076 4
3077 4
3078 4
3079 4
3080 4
3081 4
3082 4
3083 4
3084 4
3085 4
3086 4
3087 4
3088 4
3089 4
3090 4
3091 4
3092 4
3093 4
3094 4
3095 4
3096 4
3097 4
3098 4
3099 4
3100 4
3101 4
3102 4
3103 4
3104 4
3105 4
3106 4
3107 4
3108 4
3109 4
3110 4
3111 4
3112 4
3113 4
3114 4
3115 4
3116 4
3117 4
3118 4
3119 4
3120 4
3121 4
3122 4
3123 4
3124 4
3125 4
3126 4
3127 4
3128 4
3129 4
3130 4
3131 4
3132 4
3133 4
3134 4
3135 4
3136 4
3137 4
3138 4
3139 4
3140 4
3141 4
3142 4
3143 4
3144 4
3145 4
3146 4
3147 4
3148 4
3149 4
3150 4
3151 4
3152 4
3153 4
3154 4
3155 4
3156 4
3157 4
3158 4
3159 4
3160 4
3161 4
3162 4
3163 4
3164 4
3165 4
3166 4
3167 4
3168 4
3169 4
3170 4
3171 4
3172 4
3173 4
3174 4
3175 4
3176 4
3177 4
3178 4
3179 4
3180 4
3181 4
3182 4
3183 4
3184 4
3185 4
3186 4
3187 4
3188 4
3189 4
3190 4
3191 4
3192 4
3193 4
3194 4
3195 4
3196 4
3197 4
3198 4
3199 4
3200 4
3201 4
3202 4
3203 4
3204 4
3205 4
3206 4
3207 4
3208 4
3209 4
3210 4
3211 4
3212 4
3213 4
3214 4
3215 4
3216 4
3217 4
3218 4
3219 4
3220 4
3221 4
3222 4
3223 4
3224 4
3225 4
3226 4
3227 4
3228 4
3229 4
3230 4
3231 4
3232 4
3233 4
3234 4
3235 4
3236 4
3237 4
3238 4
3239 4
3240 4
3241 4
3242 4
3243 4
3244 4
3245 4
3246 4
3247 4
3248 4
3249 4
3250 4
3251 4
3252 4
3253 4
3254 4
3255 4
3256 4
3257 4
3258 4
3259 4
3260 4
3261 4
3262 4
3263 4
3264 4
3265 4
3266 4
3267 4
3268 4
3269 4
3270 4
3271 4
3272 4
3273 4
3274 4
3275 4
3276 4
3277 4
3278 4
3279 4
3280 4
3281 4
3282 4
3283 4
3284 4
3285 4
3286 4
3287 4
3288 4
3289 4
3290 4
3291 4
3292 4
3293 4
3294 4
3295 4
3296 4
3297 4
3298 4
3299 4
3300 4
3301 4
3302 4
3303 4
3304 4
3305 4
3306 4
3307 4
3308 4
3309 4
3310 4
3311 4
3312 4
3313 4
3314 4
3315 4
3316 4
3317 4
3318 4
3319 4
3320 4
3321 4
3322 4
3323 4
3324 4
3325 4
3326 4
3327 4
3328 4
3329 4
3330 4
3331 4
3332 4
3333 4
3334 4
3335 4
3336 4
3337 4
3338 4
3339 4
3340 4
3341 4
3342 4
3343 4
3344 4
3345 4
3346 4
3347 4
3348 4
3349 4
3350 4
3351 4
3352 4
3353 4
3354 4
3355 4
3356 4
3357 4
3358 4
3359 4
3360 4
3361 4
3362 4
3363 4
3364 4
3365 4
3366 4
3367 4
3368 4
3369 4
3370 4
3371 4
3372 4
3373 4
3374 4
3375 4
3376 4
3377 4
3378 4
3379 4
3380 4
3381 4
3382 4
3383 4
3384 4
3385 4
3386 4
3387 4
3388 4
3389 4
3390 4
3391 4
3392 4
3393 4
3394 4
3395 4
3396 4
3397 4
3398 4
3399 4
3400 4
3401 4
3402 4
3403 4
3404 4
3405 4
3406 4
3407 4
3408 4
3409 4
3410 4
3411 4
3412 4
3413 4
3414 4
3415 4
3416 4
3417 4
3418 4
3419 4
3420 4
3421 4
3422 4
3423 4
3424 4
3425 4
3426 4
3427 4
3428 4
3429 4
3430 4
3431 4
3432 4
3433 4
3434 4
3435 4
3436 4
3437 4
3438 4
3439 4
3440 4
3441 4
3442 4
3443 4
3444 4
3445 4
3446 5
3447 5
3448 5
3449 5
3450 5
3451 5
3452 5
3453 5
3454 5
3455 5
3456 5
3457 5
3458 5
3459 5
3460 5
3461 5
3462 5
3463 5
3464 5
3465 5
3466 5
3467 5
3468 5
3469 5
3470 5
3471 5
3472 5
3473 5
3474 5
3475 5
3476 5
3477 5
3478 5
3479 5
3480 5
3481 5
3482 5
3483 5
3484 5
3485 5
3486 5
3487 5
3488 5
3489 5
3490 5
3491 5
3492 5
3493 5
3494 5
3495 5
3496 5
3497 5
3498 5
3499 5
3500 5
3501 5
3502 5
3503 5
3504 5
3505 5
3506 5
3507 5
3508 5
3509 5
3510 5
3511 5
3512 5
3513 5
3514 5
3515 5
3516 5
3517 5
3518 5
3519 5
3520 5
3521 5
3522 5
3523 5
3524 5
3525 5
3526 5
3527 5
3528 5
3529 5
3530 5
3531 5
3532 5
3533 5
3534 5
3535 5
3536 5
3537 5
3538 5
3539 5
3540 5
3541 5
3542 5
3543 5
3544 5
3545 5
3546 5
3547 5
3548 5
3549 5
3550 5
3551 5
3552 5
3553 5
3554 5
3555 5
3556 5
3557 5
3558 5
3559 5
3560 5
3561 5
3562 5
3563 5
3564 5
3565 5
3566 5
3567 5
3568 5
3569 5
3570 5
3571 5
3572 5
3573 5
3574 5
3575 5
3576 5
3577 5
3578 5
3579 5
3580 5
3581 5
3582 5
3583 5
3584 5
3585 5
3586 5
3587 5
3588 5
3589 5
3590 5
3591 5
3592 5
3593 5
3594 5
3595 5
3596 5
3597 5
3598 5
3599 5
3600 5
3601 5
3602 5
3603 5
3604 5
3605 5
3606 5
3607 5
3608 5
3609 5
3610 5
3611 5
3612 5
3613 5
3614 5
3615 5
3616 5
3617 5
3618 5
3619 5
3620 5
3621 5
3622 5
3623 5
3624 5
3625 5
3626 5
3627 5
3628 5
3629 5
3630 5
3631 5
3632 5
3633 5
3634 5
3635 5
3636 5
3637 5
3638 5
3639 5
3640 5
3641 5
3642 5
3643 5
3644 5
3645 5
3646 5
3647 5
3648 5
3649 5
3650 5
3651 5
3652 5
3653 5
3654 5
3655 5
3656 5
3657 5
3658 5
3659 5
3660 5
3661 5
3662 5
3663 5
3664 5
3665 5
3666 5
3667 5
3668 5
3669 5
3670 5
3671 5
3672 5
3673 5
3674 5
3675 5
3676 5
3677 5
3678 5
3679 5
3680 5
3681 5
3682 5
3683 5
3684 5
3685 5
3686 5
3687 5
3688 5
3689 5
3690 5
3691 5
3692 5
3693 5
3694 5
3695 5
3696 5
3697 5
3698 5
3699 5
3700 5
3701 5
3702 5
3703 5
3704 5
3705 5
3706 5
3707 5
3708 5
3709 5
3710 5
3711 5
3712 5
3713 5
3714 5
3715 5
3716 5
3717 5
3718 5
3719 5
3720 5
3721 5
3722 5
3723 5
3724 5
3725 5
3726 5
3727 5
3728 5
3729 5
3730 5
3731 5
3732 5
3733 5
3734 5
3735 5
3736 5
3737 5
3738 5
3739 5
3740 5
3741 5
3742 5
3743 5
3744 5
3745 5
3746 5
3747 5
3748 5
3749 5
3750 5
3751 5
3752 5
3753 5
3754 5
3755 6
3756 6
3757 6
3758 6
3759 6
3760 6
3761 6
3762 6
3763 6
3764 6
3765 6
3766 6
3767 6
3768 6
3769 6
3770 6
3771 6
3772 6
3773 6
3774 6
3775 6
3776 6
3777 6
3778 6
3779 6
3780 6
3781 6
3782 6
3783 6
3784 6
3785 6
3786 6
3787 6
3788 6
3789 6
3790 6
3791 6
3792 6
3793 6
3794 6
3795 6
3796 6
3797 6
3798 6
3799 6
3800 6
3801 6
3802 6
3803 6
3804 6
3805 6
3806 6
3807 6
3808 6
3809 6
3810 6
3811 6
3812 6
3813 6
3814 6
3815 6
3816 6
3817 6
3818 6
3819 6
3820 6
3821 6
3822 6
3823 6
3824 6
3825 6
3826 6
3827 6
3828 6
3829 6
3830 6
3831 6
3832 6
3833 6
3834 6
3835 6
3836 6
3837 6
3838 6
3839 6
3840 6
3841 6
3842 6
3843 6
3844 6
3845 6
3846 6
3847 6
3848 6
3849 6
3850 6
3851 6
3852 6
3853 6
3854 6
3855 6
3856 6
3857 6
3858 6
3859 6
3860 6
3861 6
3862 6
3863 6
3864 6
3865 6
3866 6
3867 6
3868 6
3869 6
3870 6
3871 6
3872 6
3873 6
3874 6
3875 6
3876 6
3877 6
3878 6
3879 6
3880 6
3881 6
3882 6
3883 6
3884 6
3885 6
3886 6
3887 6
3888 6
3889 6
3890 6
3891 6
3892 6
3893 6
3894 6
3895 6
3896 6
3897 6
3898 6
3899 6
3900 6
3901 6
3902 6
3903 6
3904 6
3905 6
3906 6
3907 6
3908 6
3909 6
3910 6
3911 6
3912 6
3913 6
3914 6
3915 6
3916 6
3917 6
3918 6
3919 6
3920 6
3921 6
3922 6
3923 6
3924 6
3925 6
3926 6
3927 6
3928 6
3929 6
3930 6
3931 6
3932 6
3933 6
3934 6
3935 6
3936 6
3937 6
3938 6
3939 6
3940 6
3941 6
3942 6
3943 6
3944 6
3945 6
3946 6
3947 6
3948 6
3949 6
3950 6
3951 6
3952 6
3953 6
3954 6
3955 6
3956 6
3957 6
3958 6
3959 6
3960 6
3961 6
3962 6
3963 6
3964 6
3965 6
3966 6
3967 6
3968 6
3969 6
3970 6
3971 6
3972 6
3973 6
3974 6
3975 6
3976 6
3977 6
3978 6
3979 6
3980 6
3981 6
3982 6
3983 6
3984 6
3985 6
3986 6
3987 6
3988 6
3989 6
3990 6
3991 6
3992 6
3993 6
3994 6
3995 6
3996 6
3997 6
3998 6
3999 6
4000 6
4001 6
4002 6
4003 6
4004 6
4005 6
4006 6
4007 6
4008 6
4009 6
4010 6
4011 6
4012 6
4013 6
4014 6
4015 6
4016 6
4017 6
4018 6
4019 6
4020 6
4021 6
4022 6
4023 6
4024 6
4025 6
4026 6
4027 6
4028 6
4029 6
4030 6
4031 6
4032 6
4033 6
4034 6
4035 6
4036 6
4037 6
4038 6
4039 6
4040 6
4041 6
4042 6
4043 6
4044 6
4045 6
4046 6
4047 6
4048 6
4049 6
4050 6
4051 6
4052 6
4053 6
4054 6
4055 6
4056 6
4057 6
4058 6
4059 6
4060 6
4061 6
4062 6
4063 6
4064 6
4065 6
4066 6
4067 6
4068 6
4069 6
4070 6
4071 6
4072 6
4073 6
4074 6
4075 6
4076 6
4077 6
4078 6
4079 6
4080 6
4081 6
4082 6
4083 6
4084 6
4085 6
4086 6
4087 6
4088 6
4089 6
4090 6
4091 6
4092 6
4093 6
4094 6
4095 6
4096 6
4097 6
4098 6
4099 6
4100 6
4101 6
4102 6
4103 6
4104 6
4105 6
4106 6
4107 6
4108 6
4109 6
4110 6
4111 6
4112 6
4113 6
4114 6
4115 6
4116 6
4117 6
4118 6
4119 6
4120 6
4121 6
4122 6
4123 6
4124 6
4125 6
4126 6
4127 6
4128 6
4129 6
4130 6
4131 6
4132 6
4133 6
4134 6
4135 6
4136 6
4137 6
4138 6
4139 6
4140 6
4141 6
4142 6
4143 6
4144 6
4145 6
4146 6
4147 6
4148 6
4149 6
4150 6
4151 6
4152 6
4153 6
4154 6
4155 6
4156 6
4157 6
4158 6
4159 6
4160 6
4161 6
4162 6
4163 6
4164 6
4165 6
4166 6
4167 6
4168 6
4169 6
4170 6
4171 6
4172 6
4173 6
4174 6
4175 6
4176 6
4177 6
4178 6
4179 6
4180 6
4181 6
4182 6
4183 6
4184 6
4185 6
4186 6
4187 6
4188 6
4189 6
4190 6
4191 6
4192 6
4193 6
4194 6
4195 6
4196 6
4197 6
4198 6
4199 6
4200 6
4201 6
4202 6
4203 6
4204 6
4205 6
4206 6
4207 6
4208 6
4209 6
4210 6
4211 6
4212 6
4213 6
4214 6
4215 6
4216 6
4217 6
4218 6
4219 6
4220 6
4221 6
4222 6
4223 6
4224 6
4225 6
4226 6
4227 6
4228 6
4229 6
4230 6
4231 6
4232 6
4233 6
4234 6
4235 6
4236 6
4237 6
4238 6
4239 6
4240 6
4241 6
4242 6
4243 6
4244 6
4245 6
4246 6
4247 6
4248 6
4249 6
4250 6
4251 6
4252 6
4253 6
4254 6
4255 6
4256 6
4257 6
4258 6
4259 6
4260 6
4261 6
4262 6
4263 6
4264 6
4265 6
4266 6
4267 6
4268 6
4269 6
4270 6
4271 6
4272 6
4273 6
4274 6
4275 6
4276 6
4277 6
4278 6
4279 6
4280 6
4281 6
4282 6
4283 6
4284 6
4285 6
4286 6
4287 6
4288 6
4289 6
4290 6
4291 6
4292 6
4293 6
4294 6
4295 6
4296 6
4297 6
4298 6
4299 6
4300 6
4301 6
4302 6
4303 6
4304 6
4305 6
4306 6
4307 6
4308 6
4309 6
4310 6
4311 6
4312 6
4313 6
4314 6
4315 6
4316 6
4317 6
4318 6
4319 6
4320 6
4321 6
4322 6
4323 6
4324 6
4325 6
4326 6
4327 6
4328 6
4329 6
4330 6
4331 6
4332 6
4333 6
4334 6
4335 6
4336 6
4337 6
4338 6
4339 6
4340 6
4341 6
4342 6
4343 6
4344 6
4345 6
4346 6
4347 6
4348 6
4349 6
4350 6
4351 6
4352 6
4353 6
4354 6
4355 6
4356 6
4357 6
4358 6
4359 6
4360 6
4361 6
4362 6
4363 6
4364 6
4365 6
4366 6
4367 6
4368 6
4369 6
4370 6
4371 6
4372 6
4373 6
4374 6
4375 6
4376 6
4377 6
4378 6
4379 6
4380 6
4381 6
4382 6
4383 6
4384 6
4385 6
4386 6
4387 6
4388 6
4389 6
4390 6
4391 6
4392 6
4393 6
4394 6
4395 6
4396 6
4397 6
4398 6
4399 6
4400 6
4401 6
4402 6
4403 6
4404 6
4405 6
4406 6
4407 6
4408 6
4409 6
4410 6
4411 6
4412 6
4413 6
4414 6
4415 6
4416 6
4417 6
4418 6
4419 6
4420 6
4421 6
4422 6
4423 6
4424 6
4425 6
4426 6
4427 6
4428 6
4429 6
4430 6
4431 6
4432 6
4433 6
4434 6
4435 6
4436 6
4437 6
4438 6
4439 6
4440 6
4441 6
4442 6
4443 6
4444 6
4445 6
4446 6
4447 6
4448 6
4449 6
4450 6
4451 6
4452 6
4453 6
4454 6
4455 6
4456 6
4457 6
4458 6
4459 6
4460 6
4461 6
4462 6
4463 6
4464 6
4465 6
4466 6
4467 6
4468 6
4469 6
4470 6
4471 6
4472 6
4473 6
4474 6
4475 6
4476 6
4477 6
4478 6
4479 6
4480 6
4481 6
4482 6
4483 6
4484 6
4485 6
4486 6
4487 6
4488 6
4489 6
4490 6
4491 6
4492 6
4493 6
4494 6
4495 6
4496 6
4497 6
4498 6
4499 6
4500 6
4501 6
4502 6
4503 6
4504 6
4505 6
4506 6
4507 6
4508 6
4509 6
4510 6
4511 6
4512 6
4513 6
4514 6
4515 6
4516 6
4517 6
4518 6
4519 6
4520 6
4521 6
4522 6
4523 6
4524 6
4525 6
4526 6
4527 6
4528 6
4529 6
4530 6
4531 6
4532 6
4533 6
4534 6
4535 6
4536 6
4537 6
4538 6
4539 6
4540 6
4541 6
4542 6
4543 6
4544 6
4545 6
4546 6
4547 6
4548 6
4549 6
4550 6
4551 6
4552 6
4553 6
4554 6
4555 6
4556 6
4557 6
4558 6
4559 6
4560 6
4561 6
4562 6
4563 6
4564 6
4565 6
4566 6
4567 6
4568 6
4569 6
4570 6
4571 6
4572 6
4573 6
4574 6
4575 6
4576 6
4577 6
4578 6
4579 6
4580 6
4581 6
4582 6
4583 6
4584 6
4585 6
4586 6
4587 6
4588 6
4589 6
4590 6
4591 6
4592 6
4593 6
4594 6
4595 6
4596 6
4597 6
4598 6
4599 6
4600 6
4601 6
4602 6
4603 6
4604 6
4605 6
4606 6
4607 6
4608 6
4609 6
4610 6
4611 6
4612 6
4613 6
4614 6
4615 6
4616 6
4617 6
4618 6
4619 6
4620 6
4621 6
4622 6
4623 6
4624 6
4625 6
4626 6
4627 6
4628 6
4629 6
4630 6
4631 6
4632 6
4633 6
4634 6
4635 6
4636 6
4637 6
4638 6
4639 6
4640 6
4641 6
4642 6
4643 6
4644 6
4645 6
4646 6
4647 6
4648 6
4649 6
4650 6
4651 6
4652 6
4653 6
4654 6
4655 6
4656 6
4657 6
4658 6
4659 6
4660 6
4661 6
4662 6
4663 6
4664 6
4665 6
4666 6
4667 6
4668 6
4669 6
4670 6
4671 6
4672 6
4673 6
4674 6
4675 6
4676 6
4677 6
4678 6
4679 6
4680 6
4681 6
4682 6
4683 6
4684 6
4685 6
4686 6
4687 6
4688 6
4689 6
4690 6
4691 6
4692 6
4693 6
4694 6
4695 6
4696 6
4697 6
4698 6
4699 6
4700 6
4701 6
4702 6
4703 6
4704 6
4705 6
4706 6
4707 6
4708 6
4709 6
4710 6
4711 6
4712 6
4713 6
4714 6
4715 6
4716 6
4717 6
4718 6
4719 6
4720 6
4721 6
4722 6
4723 6
4724 6
4725 6
4726 6
4727 6
4728 6
4729 6
4730 6
4731 6
4732 6
4733 6
4734 6
4735 6
4736 6
4737 6
4738 6
4739 6
4740 6
4741 6
4742 6
4743 6
4744 6
4745 6
4746 6
4747 6
4748 6
4749 6
4750 6
4751 6
4752 6
4753 6
4754 6
4755 6
4756 6
4757 6
4758 6
4759 6
4760 6
4761 6
4762 6
4763 6
4764 6
4765 6
4766 6
4767 6
4768 6
4769 6
4770 6
4771 6
4772 6
4773 6
4774 6
4775 6
4776 6
4777 6
4778 6
4779 6
4780 6
4781 6
4782 6
4783 6
4784 6
4785 6
4786 6
4787 6
4788 6
4789 6
4790 6
4791 6
4792 6
4793 6
4794 6
4795 6
4796 6
4797 6
4798 6
4799 6
4800 6
4801 6
4802 6
4803 6
4804 6
4805 6
4806 6
4807 6
4808 6
4809 6
4810 6
4811 6
4812 6
4813 6
4814 6
4815 6
4816 6
4817 6
4818 6
4819 6
4820 6
4821 6
4822 6
4823 6
4824 6
4825 6
4826 6
4827 6
4828 6
4829 6
4830 6
4831 6
4832 6
4833 6
4834 6
4835 6
4836 6
4837 6
4838 6
4839 6
4840 6
4841 6
4842 6
4843 6
4844 6
4845 6
4846 6
4847 6
4848 6
4849 6
4850 6
4851 6
4852 6
4853 6
4854 6
4855 6
4856 6
4857 6
4858 6
4859 6
4860 6
4861 6
4862 6
4863 6
4864 6
4865 6
4866 6
4867 6
4868 6
4869 6
4870 6
4871 6
4872 6
4873 6
4874 6
4875 7
4876 7
4877 7
4878 7
4879 7
4880 7
4881 7
4882 7
4883 7
4884 7
4885 7
4886 7
4887 7
4888 7
4889 7
4890 7
4891 7
4892 7
4893 7
4894 7
4895 7
4896 7
4897 7
4898 7
4899 7
4900 7
4901 7
4902 7
4903 7
4904 7
4905 7
4906 7
4907 7
4908 7
4909 7
4910 7
4911 7
4912 7
4913 7
4914 7
4915 7
4916 7
4917 7
4918 7
4919 7
4920 7
4921 7
4922 7
4923 7
4924 7
4925 7
4926 7
4927 7
4928 7
4929 7
4930 7
4931 7
4932 7
4933 7
4934 7
4935 7
4936 7
4937 7
4938 7
4939 7
4940 7
4941 7
4942 7
4943 7
4944 7
4945 7
4946 7
4947 7
4948 7
4949 7
4950 7
4951 7
4952 7
4953 7
4954 7
4955 7
4956 7
4957 7
4958 7
4959 7
4960 7
4961 7
4962 7
4963 7
4964 7
4965 7
4966 7
4967 7
4968 7
4969 7
4970 7
4971 7
4972 7
4973 7
4974 7
4975 7
4976 7
4977 7
4978 7
4979 7
4980 7
4981 7
4982 7
4983 7
4984 7
4985 7
4986 7
4987 7
4988 7
4989 7
4990 7
4991 7
4992 7
4993 7
4994 7
4995 7
4996 7
4997 7
4998 7
4999 7
5000 7
5001 7
5002 7
5003 7
5004 7
5005 7
5006 7
5007 7
5008 7
5009 7
5010 7
5011 7
5012 7
5013 7
5014 7
5015 7
5016 7
5017 7
5018 7
5019 7
5020 7
5021 7
5022 7
5023 7
5024 7
5025 7
5026 7
5027 7
5028 7
5029 7
5030 7
5031 7
5032 7
5033 7
5034 7
5035 7
5036 7
5037 7
5038 7
5039 7
5040 7
5041 7
5042 7
5043 7
5044 7
5045 7
5046 7
5047 7
5048 7
5049 7
5050 7
5051 7
5052 7
5053 7
5054 7
5055 7
5056 7
5057 7
5058 7
5059 7
5060 7
5061 7
5062 7
5063 7
5064 7
5065 7
5066 7
5067 7
5068 7
5069 7
5070 7
5071 7
5072 7
5073 7
5074 7
5075 7
5076 7
5077 7
5078 7
5079 7
5080 7
5081 7
5082 7
5083 7
5084 7
5085 7
5086 7
5087 7
5088 7
5089 7
5090 7
5091 7
5092 7
5093 7
5094 7
5095 7
5096 7
5097 7
5098 7
5099 7
5100 7
5101 7
5102 7
5103 7
5104 7
5105 7
5106 7
5107 7
5108 7
5109 7
5110 7
5111 7
5112 7
5113 7
5114 7
5115 7
5116 7
5117 7
5118 7
5119 7
5120 7
5121 7
5122 7
5123 7
5124 7
5125 7
5126 7
5127 7
5128 7
5129 7
5130 7
5131 7
5132 7
5133 7
5134 7
5135 7
5136 7
5137 7
5138 7
5139 7
5140 7
5141 7
5142 7
5143 7
5144 7
5145 7
5146 7
5147 7
5148 7
5149 7
5150 7
5151 7
5152 7
5153 7
5154 7
5155 7
5156 7
5157 7
5158 7
5159 7
5160 7
5161 7
5162 7
5163 7
5164 7
5165 7
5166 7
5167 7
5168 7
5169 7
5170 7
5171 7
5172 7
5173 7
5174 7
5175 7
5176 7
5177 7
5178 7
5179 7
5180 7
5181 7
5182 7
5183 7
5184 7
5185 7
5186 7
5187 7
5188 7
5189 7
5190 7
5191 7
5192 7
5193 7
5194 7
5195 7
5196 7
5197 7
5198 7
5199 7
5200 7
5201 7
5202 7
5203 7
5204 7
5205 7
5206 7
5207 7
5208 7
5209 7
5210 7
5211 7
5212 7
5213 7
5214 7
5215 7
5216 7
5217 7
5218 7
5219 7
5220 8
5221 8
5222 8
5223 8
5224 8
5225 8
5226 8
5227 8
5228 8
5229 8
5230 8
5231 8
5232 8
5233 8
5234 8
5235 8
5236 8
5237 8
5238 8
5239 8
5240 8
5241 8
5242 8
5243 8
5244 8
5245 8
5246 8
5247 8
5248 8
5249 8
5250 8
5251 8
5252 8
5253 8
5254 8
5255 8
5256 8
5257 8
5258 8
5259 8
5260 8
5261 8
5262 8
5263 8
5264 8
5265 8
5266 8
5267 8
5268 8
5269 8
5270 8
5271 8
5272 8
5273 8
5274 8
5275 8
5276 8
5277 8
5278 8
5279 8
5280 8
5281 8
5282 8
5283 8
5284 8
5285 8
5286 8
5287 8
5288 8
5289 8
5290 8
5291 8
5292 8
5293 8
5294 8
5295 8
5296 8
5297 8
5298 8
5299 8
5300 8
5301 8
5302 8
5303 8
5304 8
5305 8
5306 8
5307 8
5308 8
5309 8
5310 8
5311 8
5312 8
5313 8
5314 8
5315 8
5316 8
5317 8
5318 8
5319 8
5320 8
5321 8
5322 8
5323 8
5324 8
5325 8
5326 8
5327 8
5328 8
5329 8
5330 8
5331 8
5332 8
5333 8
5334 8
5335 8
5336 8
5337 8
5338 8
5339 8
5340 8
5341 8
5342 8
5343 8
5344 8
5345 8
5346 8
5347 8
5348 8
5349 8
5350 8
5351 8
5352 8
5353 8
5354 8
5355 8
5356 8
5357 8
5358 8
5359 8
5360 8
5361 8
5362 8
5363 8
5364 8
5365 8
5366 8
5367 8
5368 8
5369 8
5370 8
5371 8
5372 8
5373 8
5374 8
5375 8
5376 8
5377 8
5378 8
5379 8
5380 8
5381 8
5382 8
5383 8
5384 8
5385 8
5386 8
5387 8
5388 8
5389 8
5390 8
5391 8
5392 8
5393 8
5394 8
5395 8
5396 8
5397 8
5398 8
5399 8
5400 8
5401 8
5402 8
5403 8
5404 8
5405 8
5406 8
5407 8
5408 8
5409 8
5410 8
5411 8
5412 8
5413 8
5414 8
5415 8
5416 8
5417 8
5418 8
5419 8
5420 8
5421 8
5422 8
5423 8
5424 8
5425 8
5426 8
5427 8
5428 8
5429 8
5430 8
5431 8
5432 8
5433 8
5434 8
5435 8
5436 8
5437 8
5438 8
5439 8
5440 8
5441 8
5442 8
5443 8
5444 8
5445 8
5446 8
5447 8
5448 8
5449 8
5450 8
5451 8
5452 8
5453 8
5454 8
5455 8
5456 8
5457 8
5458 8
5459 8
5460 8
5461 8
5462 8
5463 8
5464 8
5465 8
5466 8
5467 8
5468 8
5469 8
5470 8
5471 8
5472 8
5473 8
5474 8
5475 8
5476 8
5477 9
5478 9
5479 9
5480 9
5481 9
5482 9
5483 9
5484 9
5485 9
5486 9
5487 9
5488 9
5489 9
5490 9
5491 9
5492 9
5493 9
5494 9
5495 9
5496 9
5497 9
5498 9
5499 9
5500 9
5501 9
5502 9
5503 9
5504 9
5505 9
5506 9
5507 9
5508 9
5509 9
5510 9
5511 9
5512 9
5513 9
5514 9
5515 9
5516 9
5517 9
5518 9
5519 9
5520 9
5521 9
5522 9
5523 9
5524 9
5525 9
5526 9
5527 9
5528 9
5529 9
5530 9
5531 9
5532 9
5533 9
5534 9
5535 9
5536 9
5537 9
5538 9
5539 9
5540 9
5541 9
5542 9
5543 9
5544 9
5545 9
5546 9
5547 9
5548 9
5549 9
5550 9
5551 9
5552 9
5553 9
5554 9
5555 9
5556 9
5557 9
5558 9
5559 9
5560 9
5561 9
5562 9
5563 9
5564 9
5565 9
5566 9
5567 9
5568 9
5569 9
5570 9
5571 9
5572 9
5573 9
5574 9
5575 9
5576 9
5577 9
5578 9
5579 9
5580 9
5581 9
5582 9
5583 9
5584 9
5585 9
5586 9
5587 9
5588 9
5589 9
5590 9
5591 9
5592 9
5593 9
5594 9
5595 9
5596 9
5597 9
5598 9
5599 9
5600 9
5601 9
5602 9
5603 9
5604 9
5605 9
5606 9
5607 9
5608 9
5609 9
5610 9
5611 9
5612 9
5613 9
5614 9
5615 9
5616 9
5617 9
5618 9
5619 9
5620 9
5621 9
5622 9
5623 9
5624 9
5625 9
5626 9
5627 9
5628 9
5629 9
5630 9
5631 9
5632 9
5633 9
5634 9
5635 9
5636 9
5637 9
5638 9
5639 9
5640 9
5641 9
5642 9
5643 9
5644 9
5645 9
5646 9
5647 9
5648 9
5649 9
5650 9
5651 9
5652 9
5653 9
5654 9
5655 9
5656 9
5657 9
5658 9
5659 9
5660 9
5661 10
5662 10
5663 10
5664 10
5665 10
5666 10
5667 10
5668 10
5669 10
5670 10
5671 10
5672 10
5673 10
5674 10
5675 10
5676 10
5677 10
5678 10
5679 10
5680 10
5681 10
5682 10
5683 10
5684 10
5685 10
5686 10
5687 10
5688 10
5689 10
5690 10
5691 10
5692 10
5693 10
5694 10
5695 10
5696 10
5697 10
5698 10
5699 10
5700 10
5701 10
5702 10
5703 10
5704 10
5705 10
5706 10
5707 10
5708 10
5709 10
5710 10
5711 10
5712 10
5713 10
5714 10
5715 10
5716 10
5717 10
5718 10
5719 10
5720 10
5721 10
5722 10
5723 10
5724 10
5725 10
5726 10
5727 10
5728 10
5729 10
5730 10
5731 10
5732 10
5733 10
5734 10
5735 10
5736 10
5737 10
5738 10
5739 10
5740 10
5741 10
5742 10
5743 10
5744 10
5745 10
5746 10
5747 10
5748 10
5749 10
5750 10
5751 10
5752 10
5753 10
5754 10
5755 10
5756 10
5757 10
5758 10
5759 10
5760 10
5761 10
5762 10
5763 10
5764 10
5765 10
5766 10
5767 10
5768 10
5769 10
5770 10
5771 10
5772 10
5773 10
5774 10
5775 10
5776 10
5777 10
5778 10
5779 10
5780 10
5781 10
5782 10
5783 10
5784 10
5785 10
5786 10
5787 10
5788 10
5789 10
5790 10
5791 10
5792 10
5793 10
5794 10
5795 10
5796 10
5797 10
5798 10
5799 10
5800 10
5801 10
5802 10
5803 10
5804 10
5805 10
5806 10
5807 10
5808 10
5809 10
5810 10
5811 10
5812 10
5813 10
5814 10
5815 10
5816 10
5817 10
5818 10
5819 10
5820 10
5821 10
5822 10
5823 10
5824 10
5825 10
5826 10
5827 10
5828 10
5829 10
5830 10
5831 10
5832 10
5833 10
5834 10
5835 10
5836 10
5837 10
5838 10
5839 10
5840 10
5841 10
5842 10
5843 10
5844 10
5845 10
5846 10
5847 10
5848 10
5849 10
5850 10
5851 10
5852 10
5853 10
5854 10
5855 10
5856 10
5857 10
5858 10
5859 10
5860 10
5861 10
5862 10
5863 10
5864 10
5865 10
5866 10
5867 10
5868 10
5869 10
5870 10
5871 10
5872 10
5873 10
5874 10
5875 10
5876 10
5877 10
5878 10
5879 10
5880 10
5881 10
5882 10
5883 10
5884 10
5885 10
5886 10
5887 10
5888 10
5889 10
5890 10
5891 10
5892 10
5893 10
5894 10
5895 10
5896 10
5897 10
5898 10
5899 10
5900 10
5901 10
5902 10
5903 10
5904 10
5905 10
5906 10
5907 10
5908 10
5909 10
5910 10
5911 10
5912 10
5913 10
5914 10
5915 10
5916 10
5917 10
5918 10
5919 10
5920 10
5921 10
5922 10
5923 10
5924 10
5925 10
5926 10
5927 10
5928 10
5929 10
5930 10
5931 10
5932 10
5933 10
5934 10
5935 10
5936 10
5937 10
5938 10
5939 10
5940 10
5941 10
5942 10
5943 10
5944 10
5945 10
5946 10
5947 10
5948 10
5949 10
5950 10
5951 10
5952 10
5953 10
5954 10
5955 10
5956 10
5957 10
5958 10
5959 10
5960 10
5961 10
5962 10
5963 10
5964 10
5965 10
5966 10
5967 10
5968 10
5969 10
5970 10
5971 10
5972 10
5973 10
5974 10
5975 10
5976 10
5977 10
5978 10
5979 10
5980 10
5981 10
5982 10
5983 10
5984 10
5985 10
5986 10
5987 10
5988 10
5989 10
5990 10
5991 10
5992 10
5993 10
5994 10
5995 10
5996 10
5997 10
5998 10
5999 10
6000 10
6001 10
6002 10
6003 10
6004 10
6005 10
6006 10
6007 10
6008 10
6009 10
6010 10
6011 10
6012 10
6013 10
6014 10
6015 10
6016 10
6017 10
6018 10
6019 10
6020 10
6021 10
6022 10
6023 10
6024 10
6025 10
6026 10
6027 10
6028 10
6029 10
6030 10
6031 10
6032 10
6033 10
6034 10
6035 10
6036 10
6037 10
6038 10
6039 10
6040 10
6041 10
6042 10
6043 10
6044 10
6045 10
6046 10
6047 10
6048 10
6049 10
6050 10
6051 10
6052 10
6053 10
6054 10
6055 10
6056 10
6057 10
6058 10
6059 10
6060 10
6061 10
6062 11
6063 11
6064 11
6065 11
6066 11
6067 11
6068 11
6069 11
6070 11
6071 11
6072 11
6073 11
6074 11
6075 11
6076 11
6077 11
6078 11
6079 11
6080 11
6081 11
6082 11
6083 11
6084 11
6085 11
6086 11
6087 11
6088 11
6089 11
6090 11
6091 11
6092 11
6093 11
6094 11
6095 11
6096 11
6097 11
6098 11
6099 11
6100 11
6101 11
6102 11
6103 11
6104 11
6105 11
6106 11
6107 11
6108 11
6109 11
6110 11
6111 11
6112 11
6113 11
6114 11
6115 11
6116 11
6117 11
6118 11
6119 11
6120 11
6121 11
6122 11
6123 11
6124 11
6125 11
6126 11
6127 11
6128 11
6129 11
6130 11
6131 11
6132 11
6133 11
6134 11
6135 11
6136 11
6137 11
6138 11
6139 11
6140 11
6141 11
6142 11
6143 11
6144 11
6145 11
6146 11
6147 11
6148 11
6149 11
6150 11
6151 11
6152 11
6153 11
6154 11
6155 11
6156 11
6157 11
6158 11
6159 11
6160 11
6161 11
6162 11
6163 11
6164 11
6165 11
6166 11
6167 11
6168 11
6169 11
6170 11
6171 11
6172 11
6173 11
6174 11
6175 11
6176 11
6177 11
6178 11
6179 11
6180 11
6181 11
6182 11
6183 11
6184 11
6185 11
6186 11
6187 11
6188 11
6189 11
6190 11
6191 11
6192 11
6193 11
6194 11
6195 11
6196 11
6197 11
6198 11
6199 11
6200 11
6201 11
6202 11
6203 11
6204 11
6205 11
6206 11
6207 11
6208 11
6209 11
6210 11
6211 11
6212 11
6213 11
6214 11
6215 11
6216 11
6217 11
6218 11
6219 11
6220 11
6221 11
6222 11
6223 11
6224 11
6225 11
6226 11
6227 12
6228 12
6229 12
6230 12
6231 12
6232 12
6233 12
6234 12
6235 12
6236 12
6237 12
6238 12
6239 12
6240 12
6241 12
6242 12
6243 12
6244 12
6245 12
6246 12
6247 12
6248 12
6249 12
6250 12
6251 12
6252 12
6253 12
6254 12
6255 12
6256 12
6257 12
6258 12
6259 12
6260 12
6261 12
6262 12
6263 12
6264 12
6265 12
6266 12
6267 12
6268 12
6269 12
6270 12
6271 12
6272 12
6273 12
6274 12
6275 12
6276 12
6277 12
6278 12
6279 12
6280 12
6281 12
6282 12
6283 12
6284 12
6285 12
6286 12
6287 12
6288 12
6289 12
6290 12
6291 12
6292 12
6293 12
6294 12
6295 12
6296 12
6297 12
6298 12
6299 12
6300 12
6301 12
6302 12
6303 12
6304 12
6305 12
6306 12
6307 12
6308 12
6309 12
6310 12
6311 12
6312 12
6313 12
6314 13
6315 13
6316 13
6317 13
6318 13
6319 13
6320 13
6321 13
6322 13
6323 13
6324 13
6325 13
6326 13
6327 13
6328 13
6329 13
6330 13
6331 13
6332 13
6333 13
6334 13
6335 13
6336 13
6337 13
6338 13
6339 13
6340 13
6341 13
6342 13
6343 13
6344 13
6345 13
6346 13
6347 13
6348 13
6349 13
6350 13
6351 13
6352 13
6353 13
6354 13
6355 13
6356 13
6357 13
6358 13
6359 13
6360 13
6361 13
6362 13
6363 13
6364 13
6365 13
6366 13
6367 13
6368 13
6369 13
6370 13
6371 13
6372 13
6373 13
6374 13
6375 13
6376 13
6377 13
6378 13
6379 13
6380 13
6381 13
6382 13
6383 13
6384 13
6385 13
6386 13
6387 13
6388 13
6389 13
6390 13
6391 13
6392 14
6393 14
6394 14
6395 14
6396 14
6397 14
6398 14
6399 14
6400 14
6401 14
6402 14
6403 14
6404 14
6405 14
6406 14
6407 14
6408 14
6409 14
6410 14
6411 14
6412 14
6413 14
6414 14
6415 14
6416 14
6417 14
6418 14
6419 14
6420 14
6421 14
6422 14
6423 14
6424 14
6425 14
6426 14
6427 14
6428 14
6429 14
6430 14
6431 14
6432 14
6433 14
6434 14
6435 14
6436 14
6437 14
6438 14
6439 14
6440 14
6441 14
6442 14
6443 14
6444 14
6445 14
6446 14
6447 14
6448 14
6449 14
6450 14
6451 14
6452 14
6453 14
6454 14
6455 14
6456 14
6457 14
6458 14
6459 14
6460 14
6461 14
6462 14
6463 14
6464 -1
6465 -1
6466 -1
6467 -1
6468 -1
6469 -1
6470 -1
6471 -1
6472 -1
6473 -1
6474 -1
6475 -1
6476 -1
6477 -1
6478 -1
6479 -1
6480 -1
6481 -1
6482 -1
6483 -1
6484 -1
6485 -1
6486 -1
6487 -1
6488 -1
6489 -1
6490 -1
6491 -1
6492 -1
6493 -1
6494 -1
6495 -1
6496 -1
6497 -1
6498 -1
6499 -1
6500 -1
6501 -1
6502 -1
6503 -1
6504 -1
6505 -1
6506 -1
6507 -1
6508 -1
6509 -1
6510 -1
6511 -1
6512 -1
6513 -1
6514 -1
6515 -1
6516 -1
6517 -1
6518 -1
6519 -1
6520 -1
6521 -1
6522 -1
6523 -1
6524 -1
6525 -1
6526 -1
6527 -1
6528 -1
6529 -1
6530 -1
6531 -1
6532 -1
6533 -1
6534 -1
6535 -1
6536 -1
6537 -1
6538 -1
6539 -1
6540 -1
6541 -1
6542 -1
6543 -1
6544 -1
6545 -1
6546 -1
6547 -1
6548 -1
6549 -1
6550 -1
6551 -1
6552 -1
6553 -1
6554 -1
6555 -1
6556 -1
6557 -1
6558 -1
6559 -1
6560 -1
6561 -1
6562 -1
6563 -1
6564 -1
6565 -1
6566 -1
6567 -1
6568 -1
6569 -1
6570 -1
6571 -1
6572 -1
6573 -1
6574 -1
6575 -1
6576 -1
6577 -1
6578 -1
6579 -1
6580 -1
6581 -1
6582 -1
6583 -1
6584 -1
6585 -1
6586 -1
6587 -1
6588 -1
6589 -1
6590 -1
6591 -1
6592 -1
6593 -1
6594 -1
6595 -1
6596 -1
6597 -1
6598 -1
6599 -1
6600 -1
6601 -1
6602 -1
6603 -1
6604 -1
6605 -1
6606 -1
6607 -1
6608 -1
6609 -1
6610 -1
6611 -1
6612 -1
6613 -1
6614 -1
6615 -1
6616 -1
6617 -1
6618 -1
6619 -1
6620 -1
6621 -1
6622 -1
6623 -1
6624 -1
6625 -1
6626 -1
6627 -1
6628 -1
6629 -1
6630 -1
6631 -1
6632 -1
6633 -1
6634 -1
6635 -1
6636 -1
6637 -1
6638 -1
6639 -1
6640 -1
6641 -1
6642 -1
6643 -1
6644 -1
6645 -1
6646 -1
6647 -1
6648 -1
6649 -1
6650 -1
6651 -1
6652 -1
6653 -1
6654 -1
6655 -1
6656 -1
6657 -1
6658 -1
6659 -1
6660 -1
6661 -1
6662 -1
6663 -1
6664 -1
6665 -1
6666 -1
6667 -1
6668 -1
6669 -1
6670 -1
6671 -1
6672 -1
6673 -1
6674 -1
6675 -1
6676 -1
6677 -1
6678 -1
6679 -1
6680 -1
6681 -1
6682 -1
6683 -1
6684 -1
6685 -1
6686 -1
6687 -1
6688 -1
6689 -1
6690 -1
6691 -1
6692 -1
6693 -1
6694 -1
6695 -1
6696 -1
6697 -1
6698 -1
6699 -1
6700 -1
6701 -1
6702 -1
6703 -1
6704 -1
6705 -1
6706 -1
6707 -1
6708 -1
6709 -1
6710 -1
6711 -1
6712 -1
6713 -1
6714 -1
6715 -1
6716 -1
6717 -1
6718 -1
6719 -1
6720 -1
6721 -1
6722 -1
6723 -1
6724 -1
6725 -1
6726 -1
6727 -1
6728 -1
6729 -1
6730 -1
6731 -1
6732 -1
6733 -1
6734 -1
6735 -1
6736 -1
6737 -1
6738 -1
6739 -1
6740 -1
6741 -1
6742 -1
6743 -1
6744 -1
6745 -1
6746 -1
6747 -1
6748 -1
6749 -1
6750 -1
6751 -1
6752 -1
6753 -1
6754 -1
6755 -1
6756 -1
6757 -1
6758 -1
6759 -1
6760 -1
6761 -1
6762 -1
6763 -1
6764 -1
6765 -1
6766 -1
6767 -1
6768 -1
6769 -1
6770 -1
6771 -1
6772 -1
6773 -1
6774 -1
6775 -1
6776 -1
6777 -1
6778 -1
6779 -1
6780 -1
6781 -1
6782 -1
6783 -1
6784 -1
6785 -1
6786 -1
6787 -1
6788 -1
6789 -1
6790 -1
6791 -1
6792 -1
6793 -1
6794 -1
6795 -1
6796 -1
6797 -1
6798 -1
6799 -1
6800 -1
6801 -1
6802 -1
6803 -1
6804 -1
6805 -1
6806 -1
6807 -1
6808 -1
6809 -1
6810 -1
6811 -1
6812 -1
6813 -1
6814 -1
6815 -1
6816 -1
6817 -1
6818 -1
6819 -1
6820 -1
6821 -1
6822 -1
6823 -1
6824 -1
6825 -1
6826 -1
6827 -1
6828 -1
6829 -1
6830 -1
6831 -1
6832 -1
6833 -1
6834 -1
6835 -1
6836 -1
6837 -1
6838 -1
6839 -1
6840 -1
6841 -1
6842 -1
6843 -1
6844 -1
6845 -1
6846 -1
6847 -1
6848 -1
6849 -1
6850 -1
6851 -1
6852 -1
6853 -1
6854 -1
6855 -1
6856 -1
6857 -1
6858 -1
6859 -1
6860 -1
6861 -1
6862 -1
6863 -1
6864 -1
6865 -1
6866 -1
6867 -1
6868 -1
6869 -1
