0 0
1 0
2 0
3 0
4 0
5 0
6 0
7 0
8 0
9 0
10 0
11 0
12 0
13 0
14 0
15 0
16 0
17 0
18 0
19 0
20 0
21 0
22 0
23 0
24 0
25 0
26 0
27 0
28 0
29 0
30 0
31 0
32 0
33 0
34 0
35 0
36 0
37 0
38 0
39 0
40 0
41 0
42 0
43 0
44 0
45 0
46 0
47 0
48 0
49 0
50 0
51 0
52 0
53 0
54 0
55 0
56 0
57 0
58 0
59 0
60 0
61 0
62 0
63 0
64 0
65 0
66 0
67 0
68 0
69 0
70 0
71 0
72 0
73 0
74 0
75 0
76 0
77 0
78 0
79 0
80 0
81 0
82 0
83 0
84 0
85 0
86 0
87 0
88 0
89 0
90 0
91 0
92 0
93 0
94 0
95 0
96 0
97 0
98 0
99 0
100 0
101 0
102 0
103 0
104 0
105 0
106 0
107 0
108 0
109 0
110 0
111 0
112 0
113 0
114 0
115 0
116 0
117 0
118 0
119 0
120 0
121 0
122 0
123 0
124 0
125 0
126 0
127 0
128 0
129 0
130 0
131 0
132 0
133 0
134 0
135 0
136 0
137 0
138 0
139 0
140 0
141 0
142 0
143 0
144 0
145 0
146 0
147 0
148 0
149 0
150 0
151 0
152 0
153 0
154 0
155 0
156 0
157 0
158 0
159 0
160 0
161 0
162 0
163 0
164 0
165 0
166 0
167 0
168 0
169 0
170 0
171 0
172 0
173 0
174 0
175 0
176 0
177 0
178 0
179 0
180 0
181 0
182 0
183 0
184 0
185 0
186 0
187 0
188 0
189 0
190 0
191 0
192 0
193 0
194 0
195 0
196 0
197 0
198 0
199 0
200 0
201 0
202 0
203 0
204 0
205 0
206 0
207 0
208 0
209 0
210 0
211 0
212 0
213 0
214 0
215 0
216 0
217 0
218 0
219 0
220 0
221 0
222 0
223 0
224 0
225 0
226 0
227 0
228 0
229 0
230 0
231 0
232 0
233 0
234 0
235 0
236 0
237 0
238 0
239 0
240 0
241 0
242 0
243 0
244 0
245 0
246 0
247 0
248 0
249 0
250 0
251 0
252 0
253 0
254 0
255 0
256 0
257 0
258 0
259 0
260 0
261 0
262 0
263 0
264 0
265 0
266 0
267 0
268 0
269 0
270 0
271 0
272 0
273 0
274 0
275 0
276 0
277 0
278 0
279 0
280 0
281 0
282 0
283 0
284 0
285 0
286 0
287 0
288 0
289 0
290 0
291 0
292 0
293 0
294 0
295 0
296 0
297 0
298 0
299 0
300 0
301 0
302 0
303 0
304 0
305 0
306 0
307 0
308 0
309 0
310 0
311 0
312 0
313 0
314 0
315 0
316 0
317 0
318 0
319 0
320 0
321 0
322 0
323 0
324 0
325 0
326 0
327 0
328 0
329 0
330 0
331 0
332 0
333 0
334 0
335 0
336 0
337 0
338 0
339 0
340 0
341 0
342 0
343 0
344 0
345 0
346 0
347 0
348 0
349 0
350 0
351 0
352 0
353 0
354 0
355 0
356 0
357 0
358 0
359 0
360 0
361 0
362 0
363 0
364 0
365 0
366 0
367 0
368 0
369 0
370 0
371 0
372 0
373 0
374 0
375 0
376 0
377 0
378 0
379 0
380 0
381 0
382 0
383 0
384 0
385 0
386 0
387 0
388 0
389 0
390 0
391 0
392 0
393 0
394 0
395 0
396 0
397 0
398 0
399 0
400 0
401 0
402 0
403 0
404 0
405 0
406 0
407 0
408 0
409 0
410 0
411 0
412 0
413 0
414 0
415 0
416 1
417 1
418 1
419 1
420 1
421 1
422 1
423 1
424 1
425 1
426 1
427 1
428 1
429 1
430 1
431 1
432 1
433 1
434 1
435 1
436 1
437 1
438 1
439 1
440 1
441 1
442 1
443 1
444 1
445 1
446 1
447 1
448 1
449 1
450 1
451 1
452 1
453 1
454 1
455 1
456 1
457 1
458 1
459 1
460 1
461 1
462 1
463 1
464 1
465 1
466 1
467 1
468 1
469 1
470 1
471 1
472 1
473 1
474 1
475 1
476 1
477 1
478 1
479 1
480 1
481 1
482 1
483 1
484 1
485 1
486 1
487 1
488 1
489 1
490 1
491 1
492 1
493 1
494 1
495 1
496 1
497 1
498 1
499 1
500 1
501 1
502 1
503 1
504 1
505 1
506 1
507 1
508 1
509 1
510 1
511 1
512 1
513 1
514 1
515 1
516 1
517 1
518 1
519 1
520 1
521 1
522 1
523 1
524 1
525 1
526 1
527 1
528 1
529 1
530 1
531 1
532 1
533 1
534 1
535 1
536 1
537 1
538 1
539 1
540 1
541 1
542 1
543 1
544 1
545 1
546 1
547 1
548 1
549 1
550 1
551 1
552 1
553 1
554 1
555 1
556 1
557 1
558 1
559 1
560 1
561 1
562 1
563 1
564 1
565 1
566 1
567 1
568 1
569 1
570 1
571 1
572 1
573 1
574 1
575 1
576 1
577 1
578 1
579 1
580 1
581 1
582 1
583 1
584 1
585 1
586 1
587 1
588 1
589 1
590 1
591 1
592 1
593 1
594 1
595 1
596 1
597 1
598 1
599 1
600 1
601 1
602 1
603 1
604 1
605 1
606 1
607 1
608 1
609 1
610 1
611 1
612 1
613 1
614 1
615 1
616 1
617 1
618 1
619 1
620 1
621 1
622 1
623 1
624 1
625 1
626 1
627 1
628 1
629 1
630 1
631 1
632 1
633 1
634 1
635 1
636 1
637 1
638 1
639 1
640 1
641 1
642 1
643 1
644 1
645 1
646 1
647 1
648 1
649 1
650 1
651 1
652 1
653 1
654 1
655 1
656 1
657 1
658 1
659 1
660 1
661 1
662 1
663 1
664 1
665 1
666 1
667 1
668 1
669 1
670 1
671 1
672 1
673 1
674 1
675 1
676 1
677 1
678 1
679 1
680 1
681 1
682 1
683 1
684 1
685 1
686 1
687 1
688 1
689 1
690 1
691 1
692 1
693 1
694 1
695 1
696 1
697 1
698 1
699 1
700 1
701 1
702 1
703 1
704 1
705 1
706 1
707 1
708 1
709 1
710 1
711 1
712 1
713 1
714 1
715 1
716 1
717 1
718 1
719 1
720 1
721 1
722 1
723 1
724 1
725 1
726 1
727 1
728 1
729 1
730 1
731 1
732 1
733 1
734 1
735 1
736 1
737 1
738 1
739 1
740 1
741 1
742 1
743 1
744 1
745 1
746 1
747 1
748 1
749 1
750 1
751 1
752 1
753 1
754 1
755 1
756 1
757 1
758 1
759 1
760 1
761 1
762 1
763 1
764 1
765 1
766 1
767 1
768 1
769 1
770 1
771 1
772 1
773 1
774 1
775 1
776 1
777 1
778 1
779 1
780 1
781 1
782 1
783 1
784 1
785 1
786 1
787 1
788 1
789 1
790 1
791 1
792 1
793 1
794 1
795 1
796 1
797 1
798 1
799 1
800 1
801 1
802 1
803 1
804 1
805 1
806 1
807 1
808 1
809 1
810 1
811 1
812 1
813 1
814 1
815 1
816 1
817 1
818 1
819 1
820 1
821 1
822 1
823 1
824 1
825 1
826 1
827 1
828 1
829 1
830 1
831 1
832 1
833 1
834 1
835 1
836 1
837 1
838 1
839 1
840 1
841 1
842 1
843 1
844 1
845 1
846 1
847 1
848 1
849 1
850 1
851 1
852 1
853 1
854 1
855 1
856 1
857 1
858 1
859 1
860 1
861 1
862 1
863 1
864 1
865 1
866 1
867 1
868 1
869 1
870 1
871 1
872 1
873 1
874 1
875 1
876 1
877 1
878 1
879 1
880 1
881 1
882 1
883 1
884 1
885 1
886 1
887 1
888 1
889 1
890 1
891 1
892 1
893 1
894 1
895 1
896 1
897 1
898 1
899 1
900 1
901 1
902 1
903 1
904 1
905 1
906 1
907 1
908 1
909 1
910 1
911 1
912 1
913 1
914 1
915 1
916 1
917 1
918 1
919 1
920 1
921 1
922 1
923 1
924 1
925 1
926 1
927 1
928 1
929 1
930 1
931 1
932 1
933 1
934 1
935 1
936 1
937 1
938 1
939 1
940 1
941 1
942 1
943 1
944 1
945 1
946 1
947 1
948 1
949 1
950 1
951 1
952 1
953 1
954 1
955 1
956 1
957 1
958 1
959 1
960 1
961 1
962 1
963 1
964 1
965 1
966 1
967 1
968 1
969 1
970 1
971 1
972 1
973 1
974 1
975 1
976 1
977 1
978 1
979 1
980 1
981 1
982 1
983 1
984 1
985 1
986 1
987 1
988 1
989 1
990 1
991 1
992 1
993 1
994 1
995 1
996 1
997 1
998 1
999 1
1000 1
1001 1
1002 1
1003 1
1004 1
1005 1
1006 1
1007 1
1008 1
1009 1
1010 1
1011 1
1012 1
1013 1
1014 1
1015 1
1016 1
1017 1
1018 1
1019 1
1020 1
1021 1
1022 1
1023 1
1024 1
1025 1
1026 1
1027 1
1028 1
1029 1
1030 1
1031 1
1032 1
1033 1
1034 1
1035 1
1036 1
1037 1
1038 1
1039 1
1040 1
1041 1
1042 1
1043 1
1044 1
1045 1
1046 1
1047 1
1048 1
1049 1
1050 1
1051 1
1052 1
1053 1
1054 1
1055 1
1056 1
1057 1
1058 1
1059 1
1060 1
1061 1
1062 1
1063 1
1064 1
1065 1
1066 1
1067 1
1068 1
1069 1
1070 1
1071 1
1072 1
1073 1
1074 1
1075 1
1076 1
1077 1
1078 1
1079 1
1080 1
1081 1
1082 1
1083 1
1084 1
1085 1
1086 1
1087 1
1088 1
1089 1
1090 1
1091 1
1092 1
1093 1
1094 1
1095 1
1096 1
1097 1
1098 1
1099 1
1100 1
1101 1
1102 1
1103 1
1104 1
1105 1
1106 1
1107 1
1108 1
1109 1
1110 1
1111 1
1112 1
1113 1
1114 1
1115 1
1116 1
1117 1
1118 1
1119 1
1120 1
1121 1
1122 1
1123 1
1124 1
1125 1
1126 1
1127 1
1128 1
1129 1
1130 1
1131 1
1132 1
1133 1
1134 1
1135 1
1136 1
1137 1
1138 1
1139 1
1140 1
1141 1
1142 1
1143 1
1144 1
1145 1
1146 1
1147 1
1148 1
1149 1
1150 1
1151 1
1152 1
1153 1
1154 1
1155 1
1156 1
1157 1
1158 1
1159 1
1160 1
1161 1
1162 1
1163 1
1164 1
1165 1
1166 1
1167 1
1168 1
1169 1
1170 1
1171 1
1172 1
1173 1
1174 1
1175 1
1176 1
1177 1
1178 1
1179 1
1180 1
1181 1
1182 1
1183 1
1184 1
1185 1
1186 1
1187 1
1188 1
1189 1
1190 1
1191 1
1192 1
1193 1
1194 1
1195 1
1196 1
1197 1
1198 1
1199 1
1200 1
1201 1
1202 1
1203 1
1204 1
1205 1
1206 1
1207 1
1208 1
1209 1
1210 1
1211 1
1212 1
1213 1
1214 1
1215 1
1216 1
1217 1
1218 1
1219 1
1220 1
1221 1
1222 1
1223 1
1224 1
1225 1
1226 1
1227 1
1228 1
1229 1
1230 1
1231 1
1232 1
1233 1
1234 1
1235 1
1236 1
1237 1
1238 1
1239 1
1240 1
1241 1
1242 1
1243 1
1244 1
1245 1
1246 1
1247 1
1248 1
1249 1
1250 1
1251 1
1252 1
1253 1
1254 1
1255 1
1256 1
1257 1
1258 1
1259 1
1260 1
1261 1
1262 1
1263 1
1264 1
1265 1
1266 1
1267 1
1268 1
1269 1
1270 1
1271 1
1272 1
1273 1
1274 1
1275 1
1276 1
1277 1
1278 1
1279 1
1280 1
1281 1
1282 1
1283 1
1284 1
1285 1
1286 1
1287 1
1288 1
1289 1
1290 1
1291 1
1292 1
1293 1
1294 1
1295 1
1296 1
1297 1
1298 1
1299 1
1300 1
1301 1
1302 1
1303 1
1304 1
1305 1
1306 1
1307 1
1308 1
1309 1
1310 1
1311 1
1312 1
1313 1
1314 1
1315 1
1316 1
1317 1
1318 1
1319 1
1320 1
1321 1
1322 1
1323 1
1324 1
1325 1
1326 1
1327 1
1328 1
1329 1
1330 1
1331 1
1332 1
1333 1
1334 1
1335 1
1336 1
1337 1
1338 1
1339 1
1340 1
1341 1
1342 1
1343 1
1344 1
1345 1
1346 1
1347 1
1348 1
1349 1
1350 1
1351 1
1352 1
1353 1
1354 1
1355 1
1356 1
1357 1
1358 1
1359 1
1360 1
1361 1
1362 1
1363 1
1364 1
1365 1
1366 1
1367 1
1368 1
1369 1
1370 1
1371 1
1372 1
1373 1
1374 1
1375 1
1376 1
1377 1
1378 1
1379 1
1380 1
1381 1
1382 1
1383 1
1384 1
1385 1
1386 1
1387 1
1388 1
1389 1
1390 1
1391 1
1392 1
1393 1
1394 1
1395 1
1396 1
1397 1
1398 1
1399 1
1400 1
1401 1
1402 1
1403 1
1404 1
1405 1
1406 1
1407 1
1408 1
1409 1
1410 1
1411 1
1412 1
1413 1
1414 1
1415 1
1416 1
1417 1
1418 1
1419 1
1420 1
1421 1
1422 1
1423 1
1424 1
1425 1
1426 1
1427 1
1428 1
1429 1
1430 1
1431 1
1432 1
1433 2
1434 2
1435 2
1436 2
1437 2
1438 2
1439 2
1440 2
1441 2
1442 2
1443 2
1444 2
1445 2
1446 2
1447 2
1448 2
1449 2
1450 2
1451 2
1452 2
1453 2
1454 2
1455 2
1456 2
1457 2
1458 2
1459 2
1460 2
1461 2
1462 2
1463 2
1464 2
1465 2
1466 2
1467 2
1468 2
1469 2
1470 2
1471 2
1472 2
1473 2
1474 2
1475 2
1476 2
1477 2
1478 2
1479 2
1480 2
1481 2
1482 2
1483 2
1484 2
1485 2
1486 2
1487 2
1488 2
1489 2
1490 2
1491 2
1492 2
1493 2
1494 2
1495 2
1496 2
1497 2
1498 2
1499 2
1500 2
1501 2
1502 2
1503 2
1504 2
1505 2
1506 2
1507 2
1508 2
1509 2
1510 2
1511 2
1512 2
1513 2
1514 2
1515 2
1516 2
1517 2
1518 2
1519 2
1520 2
1521 2
1522 2
1523 2
1524 2
1525 2
1526 2
1527 2
1528 2
1529 2
1530 2
1531 2
1532 2
1533 2
1534 2
1535 2
1536 2
1537 2
1538 2
1539 2
1540 2
1541 2
1542 2
1543 2
1544 2
1545 2
1546 2
1547 2
1548 2
1549 2
1550 2
1551 2
1552 2
1553 2
1554 2
1555 2
1556 2
1557 2
1558 2
1559 2
1560 2
1561 2
1562 2
1563 2
1564 2
1565 2
1566 2
1567 2
1568 2
1569 2
1570 2
1571 2
1572 2
1573 2
1574 2
1575 2
1576 2
1577 2
1578 2
1579 2
1580 2
1581 2
1582 2
1583 2
1584 2
1585 2
1586 2
1587 2
1588 2
1589 2
1590 2
1591 2
1592 2
1593 2
1594 2
1595 2
1596 2
1597 2
1598 2
1599 2
1600 2
1601 2
1602 2
1603 2
1604 2
1605 2
1606 2
1607 2
1608 2
1609 2
1610 2
1611 2
1612 2
1613 2
1614 2
1615 2
1616 2
1617 2
1618 2
1619 2
1620 2
1621 2
1622 2
1623 2
1624 2
1625 2
1626 2
1627 2
1628 2
1629 2
1630 2
1631 2
1632 2
1633 2
1634 2
1635 2
1636 2
1637 2
1638 2
1639 2
1640 2
1641 2
1642 2
1643 2
1644 2
1645 2
1646 2
1647 2
1648 2
1649 2
1650 2
1651 2
1652 2
1653 2
1654 2
1655 2
1656 2
1657 2
1658 2
1659 2
1660 2
1661 2
1662 2
1663 2
1664 2
1665 2
1666 2
1667 2
1668 2
1669 2
1670 2
1671 2
1672 2
1673 2
1674 2
1675 2
1676 2
1677 2
1678 2
1679 2
1680 2
1681 2
1682 2
1683 2
1684 2
1685 2
1686 2
1687 2
1688 2
1689 2
1690 2
1691 2
1692 2
1693 2
1694 2
1695 2
1696 2
1697 2
1698 2
1699 2
1700 2
1701 2
1702 2
1703 2
1704 2
1705 2
1706 2
1707 2
1708 2
1709 2
1710 2
1711 2
1712 2
1713 2
1714 2
1715 2
1716 2
1717 2
1718 2
1719 2
1720 2
1721 2
1722 2
1723 2
1724 2
1725 2
1726 2
1727 2
1728 2
1729 2
1730 2
1731 2
1732 2
1733 2
1734 2
1735 2
1736 2
1737 2
1738 2
1739 2
1740 2
1741 2
1742 2
1743 2
1744 2
1745 2
1746 2
1747 2
1748 2
1749 2
1750 2
1751 2
1752 2
1753 2
1754 2
1755 2
1756 2
1757 2
1758 2
1759 2
1760 2
1761 2
1762 2
1763 2
1764 2
1765 2
1766 2
1767 2
1768 2
1769 2
1770 2
1771 2
1772 2
1773 2
1774 2
1775 2
1776 2
1777 2
1778 2
1779 2
1780 2
1781 2
1782 2
1783 2
1784 2
1785 2
1786 2
1787 2
1788 2
1789 2
1790 2
1791 2
1792 2
1793 2
1794 2
1795 2
1796 2
1797 2
1798 2
1799 2
1800 2
1801 2
1802 2
1803 2
1804 2
1805 2
1806 2
1807 2
1808 2
1809 2
1810 2
1811 2
1812 2
1813 2
1814 2
1815 2
1816 2
1817 2
1818 2
1819 2
1820 2
1821 2
1822 2
1823 2
1824 2
1825 2
1826 2
1827 2
1828 2
1829 2
1830 2
1831 2
1832 2
1833 2
1834 2
1835 2
1836 2
1837 2
1838 2
1839 2
1840 2
1841 2
1842 2
1843 2
1844 2
1845 2
1846 2
1847 2
1848 2
1849 2
1850 2
1851 2
1852 2
1853 2
1854 2
1855 2
1856 2
1857 2
1858 2
1859 2
1860 2
1861 2
1862 2
1863 2
1864 2
1865 2
1866 2
1867 2
1868 2
1869 3
1870 3
1871 3
1872 3
1873 3
1874 3
1875 3
1876 3
1877 3
1878 3
1879 3
1880 3
1881 3
1882 3
1883 3
1884 3
1885 3
1886 3
1887 3
1888 3
1889 3
1890 3
1891 3
1892 3
1893 3
1894 3
1895 3
1896 3
1897 3
1898 3
1899 3
1900 3
1901 3
1902 3
1903 3
1904 3
1905 3
1906 3
1907 3
1908 3
1909 3
1910 3
1911 3
1912 3
1913 3
1914 3
1915 3
1916 3
1917 3
1918 3
1919 3
1920 3
1921 3
1922 3
1923 3
1924 3
1925 3
1926 3
1927 3
1928 3
1929 3
1930 3
1931 3
1932 3
1933 3
1934 3
1935 3
1936 3
1937 3
1938 3
1939 3
1940 3
1941 3
1942 3
1943 3
1944 3
1945 3
1946 3
1947 3
1948 3
1949 3
1950 3
1951 3
1952 3
1953 3
1954 3
1955 3
1956 3
1957 3
1958 3
1959 3
1960 3
1961 3
1962 3
1963 3
1964 3
1965 3
1966 3
1967 3
1968 3
1969 3
1970 3
1971 3
1972 3
1973 3
1974 3
1975 3
1976 3
1977 3
1978 3
1979 3
1980 3
1981 3
1982 3
1983 3
1984 3
1985 3
1986 3
1987 3
1988 3
1989 3
1990 3
1991 3
1992 3
1993 3
1994 3
1995 3
1996 3
1997 3
1998 3
1999 3
2000 3
2001 3
2002 3
2003 3
2004 3
2005 3
2006 3
2007 3
2008 3
2009 3
2010 3
2011 3
2012 3
2013 3
2014 3
2015 3
2016 3
2017 3
2018 3
2019 3
2020 3
2021 3
2022 3
2023 3
2024 3
2025 3
2026 3
2027 3
2028 3
2029 3
2030 3
2031 3
2032 3
2033 3
2034 3
2035 3
2036 3
2037 3
2038 3
2039 3
2040 3
2041 3
2042 3
2043 3
2044 3
2045 3
2046 3
2047 3
2048 3
2049 3
2050 3
2051 3
2052 3
2053 3
2054 3
2055 3
2056 3
2057 3
2058 3
2059 3
2060 3
2061 3
2062 3
2063 3
2064 3
2065 3
2066 3
2067 3
2068 3
2069 3
2070 3
2071 3
2072 3
2073 3
2074 3
2075 3
2076 3
2077 3
2078 3
2079 3
2080 3
2081 3
2082 3
2083 3
2084 3
2085 3
2086 3
2087 3
2088 3
2089 3
2090 3
2091 3
2092 3
2093 3
2094 3
2095 3
2096 3
2097 3
2098 3
2099 3
2100 3
2101 3
2102 3
2103 3
2104 3
2105 3
2106 3
2107 3
2108 3
2109 3
2110 3
2111 3
2112 3
2113 3
2114 3
2115 3
2116 3
2117 3
2118 3
2119 3
2120 3
2121 3
2122 3
2123 3
2124 3
2125 3
2126 3
2127 3
2128 3
2129 3
2130 3
2131 3
2132 3
2133 3
2134 3
2135 3
2136 3
2137 3
2138 3
2139 3
2140 3
2141 3
2142 3
2143 3
2144 3
2145 3
2146 3
2147 3
2148 3
2149 3
2150 3
2151 3
2152 3
2153 3
2154 3
2155 3
2156 3
2157 3
2158 3
2159 3
2160 3
2161 3
2162 3
2163 3
2164 3
2165 3
2166 3
2167 3
2168 3
2169 3
2170 3
2171 3
2172 3
2173 3
2174 3
2175 3
2176 3
2177 3
2178 3
2179 3
2180 3
2181 3
2182 3
2183 3
2184 3
2185 3
2186 3
2187 3
2188 3
2189 3
2190 3
2191 3
2192 3
2193 3
2194 3
2195 3
2196 3
2197 3
2198 3
2199 3
2200 3
2201 3
2202 3
2203 3
2204 3
2205 3
2206 3
2207 3
2208 3
2209 3
2210 3
2211 3
2212 3
2213 3
2214 3
2215 3
2216 3
2217 3
2218 3
2219 3
2220 3
2221 3
2222 3
2223 3
2224 3
2225 3
2226 3
2227 3
2228 3
2229 3
2230 3
2231 3
2232 3
2233 3
2234 3
2235 3
2236 3
2237 3
2238 3
2239 3
2240 3
2241 3
2242 3
2243 3
2244 3
2245 3
2246 3
2247 3
2248 3
2249 3
2250 3
2251 3
2252 3
2253 3
2254 3
2255 3
2256 3
2257 3
2258 3
2259 3
2260 3
2261 3
2262 3
2263 3
2264 3
2265 3
2266 3
2267 3
2268 3
2269 3
2270 3
2271 3
2272 3
2273 3
2274 3
2275 3
2276 3
2277 3
2278 3
2279 3
2280 3
2281 3
2282 3
2283 3
2284 3
2285 3
2286 3
2287 3
2288 3
2289 3
2290 3
2291 3
2292 3
2293 3
2294 3
2295 3
2296 3
2297 3
2298 3
2299 3
2300 3
2301 3
2302 3
2303 3
2304 3
2305 3
2306 3
2307 3
2308 3
2309 3
2310 3
2311 3
2312 3
2313 3
2314 3
2315 3
2316 3
2317 3
2318 3
2319 3
2320 3
2321 3
2322 3
2323 3
2324 3
2325 3
2326 3
2327 3
2328 3
2329 3
2330 3
2331 3
2332 3
2333 3
2334 3
2335 3
2336 3
2337 3
2338 3
2339 3
2340 3
2341 3
2342 3
2343 3
2344 3
2345 3
2346 3
2347 3
2348 3
2349 3
2350 3
2351 3
2352 3
2353 3
2354 3
2355 3
2356 3
2357 3
2358 3
2359 3
2360 3
2361 3
2362 3
2363 3
2364 3
2365 3
2366 3
2367 3
2368 3
2369 3
2370 3
2371 3
2372 3
2373 3
2374 3
2375 3
2376 3
2377 3
2378 3
2379 3
2380 3
2381 3
2382 3
2383 3
2384 3
2385 3
2386 3
2387 3
2388 3
2389 3
2390 3
2391 3
2392 3
2393 3
2394 3
2395 3
2396 3
2397 3
2398 3
2399 3
2400 3
2401 3
2402 3
2403 3
2404 3
2405 3
2406 3
2407 3
2408 3
2409 3
2410 3
2411 3
2412 3
2413 3
2414 3
2415 3
2416 3
2417 3
2418 3
2419 3
2420 3
2421 3
2422 3
2423 3
2424 3
2425 3
2426 3
2427 3
2428 3
2429 3
2430 3
2431 3
2432 3
2433 3
2434 3
2435 3
2436 3
2437 3
2438 3
2439 3
2440 3
2441 3
2442 3
2443 3
2444 3
2445 3
2446 3
2447 3
2448 3
2449 3
2450 3
2451 3
2452 3
2453 3
2454 3
2455 3
2456 3
2457 3
2458 3
2459 3
2460 3
2461 3
2462 3
2463 3
2464 3
2465 3
2466 3
2467 3
2468 3
2469 3
2470 3
2471 3
2472 3
2473 3
2474 3
2475 3
2476 3
2477 3
2478 3
2479 3
2480 3
2481 3
2482 3
2483 3
2484 3
2485 3
2486 3
2487 3
2488 3
2489 3
2490 3
2491 3
2492 3
2493 3
2494 3
2495 3
2496 3
2497 3
2498 3
2499 3
2500 3
2501 3
2502 3
2503 3
2504 3
2505 3
2506 3
2507 3
2508 3
2509 3
2510 3
2511 3
2512 3
2513 3
2514 3
2515 3
2516 3
2517 3
2518 3
2519 3
2520 3
2521 3
2522 3
2523 3
2524 3
2525 3
2526 3
2527 3
2528 3
2529 3
2530 3
2531 3
2532 3
2533 3
2534 3
2535 3
2536 3
2537 3
2538 3
2539 3
2540 3
2541 3
2542 3
2543 3
2544 3
2545 3
2546 3
2547 3
2548 3
2549 3
2550 3
2551 3
2552 3
2553 3
2554 3
2555 3
2556 3
2557 3
2558 3
2559 3
2560 3
2561 3
2562 3
2563 3
2564 3
2565 3
2566 3
2567 3
2568 3
2569 3
2570 3
2571 3
2572 3
2573 3
2574 3
2575 3
2576 3
2577 3
2578 3
2579 3
2580 3
2581 3
2582 3
2583 3
2584 3
2585 3
2586 3
2587 3
2588 3
2589 3
2590 3
2591 3
2592 3
2593 3
2594 3
2595 3
2596 3
2597 3
2598 3
2599 3
2600 3
2601 3
2602 3
2603 3
2604 3
2605 3
2606 3
2607 3
2608 3
2609 3
2610 3
2611 3
2612 3
2613 3
2614 3
2615 3
2616 3
2617 3
2618 3
2619 3
2620 3
2621 3
2622 3
2623 3
2624 3
2625 3
2626 3
2627 3
2628 3
2629 3
2630 3
2631 3
2632 3
2633 3
2634 3
2635 3
2636 3
2637 3
2638 3
2639 3
2640 3
2641 3
2642 3
2643 3
2644 3
2645 3
2646 3
2647 3
2648 3
2649 3
2650 3
2651 3
2652 3
2653 3
2654 3
2655 3
2656 3
2657 3
2658 3
2659 3
2660 3
2661 3
2662 3
2663 3
2664 3
2665 3
2666 3
2667 3
2668 3
2669 3
2670 3
2671 3
2672 3
2673 3
2674 3
2675 3
2676 3
2677 3
2678 3
2679 3
2680 3
2681 3
2682 3
2683 3
2684 3
2685 3
2686 3
2687 3
2688 3
2689 3
2690 3
2691 3
2692 3
2693 3
2694 3
2695 3
2696 3
2697 3
2698 3
2699 3
2700 3
2701 3
2702 3
2703 3
2704 3
2705 3
2706 3
2707 3
2708 3
2709 3
2710 3
2711 3
2712 3
2713 3
2714 3
2715 3
2716 3
2717 3
2718 3
2719 3
2720 3
2721 3
2722 3
2723 3
2724 3
2725 3
2726 3
2727 3
2728 3
2729 3
2730 3
2731 3
2732 3
2733 3
2734 3
2735 3
2736 3
2737 3
2738 3
2739 3
2740 3
2741 3
2742 3
2743 3
2744 3
2745 3
2746 3
2747 3
2748 3
2749 3
2750 3
2751 3
2752 3
2753 3
2754 3
2755 3
2756 3
2757 3
2758 3
2759 3
2760 3
2761 3
2762 3
2763 3
2764 3
2765 3
2766 3
2767 3
2768 3
2769 3
2770 3
2771 3
2772 3
2773 3
2774 3
2775 3
2776 3
2777 3
2778 3
2779 3
2780 3
2781 3
2782 3
2783 3
2784 3
2785 3
2786 3
2787 3
2788 3
2789 3
2790 3
2791 3
2792 3
2793 3
2794 3
2795 3
2796 3
2797 3
2798 3
2799 3
2800 3
2801 3
2802 3
2803 3
2804 3
2805 3
2806 3
2807 3
2808 3
2809 3
2810 3
2811 3
2812 3
2813 3
2814 3
2815 3
2816 3
2817 3
2818 3
2819 3
2820 3
2821 3
2822 3
2823 3
2824 3
2825 3
2826 3
2827 3
2828 3
2829 3
2830 3
2831 3
2832 3
2833 3
2834 3
2835 3
2836 3
2837 3
2838 3
2839 3
2840 3
2841 3
2842 3
2843 3
2844 3
2845 3
2846 3
2847 3
2848 3
2849 3
2850 3
2851 3
2852 3
2853 3
2854 3
2855 3
2856 3
2857 3
2858 3
2859 3
2860 3
2861 3
2862 3
2863 3
2864 3
2865 3
2866 3
2867 3
2868 3
2869 3
2870 3
2871 3
2872 3
2873 3
2874 3
2875 3
2876 3
2877 3
2878 3
2879 3
2880 3
2881 3
2882 3
2883 3
2884 3
2885 3
2886 3
2887 3
2888 3
2889 3
2890 3
2891 3
2892 3
2893 3
2894 3
2895 3
2896 3
2897 3
2898 3
2899 3
2900 3
2901 3
2902 3
2903 3
2904 3
2905 3
2906 3
2907 3
2908 3
2909 3
2910 3
2911 3
2912 3
2913 3
2914 3
2915 3
2916 3
2917 3
2918 3
2919 3
2920 3
2921 3
2922 3
2923 3
2924 3
2925 3
2926 3
2927 3
2928 3
2929 3
2930 3
2931 3
2932 3
2933 3
2934 3
2935 3
2936 3
2937 3
2938 3
2939 3
2940 3
2941 3
2942 3
2943 3
2944 3
2945 3
2946 3
2947 3
2948 3
2949 3
2950 3
2951 3
2952 3
2953 3
2954 3
2955 3
2956 3
2957 3
2958 3
2959 3
2960 3
2961 3
2962 3
2963 3
2964 3
2965 3
2966 3
2967 3
2968 3
2969 3
2970 3
2971 3
2972 3
2973 3
2974 3
2975 3
2976 3
2977 3
2978 3
2979 3
2980 3
2981 3
2982 3
2983 3
2984 3
2985 3
2986 3
2987 3
2988 3
2989 3
2990 3
2991 3
2992 3
2993 3
2994 3
2995 3
2996 3
2997 3
2998 3
2999 3
3000 3
3001 3
3002 3
3003 3
3004 3
3005 3
3006 3
3007 3
3008 3
3009 3
3010 3
3011 3
3012 3
3013 3
3014 3
3015 3
3016 3
3017 3
3018 3
3019 3
3020 3
3021 3
3022 3
3023 3
3024 3
3025 3
3026 3
3027 3
3028 3
3029 3
3030 3
3031 3
3032 3
3033 3
3034 3
3035 3
3036 3
3037 3
3038 3
3039 3
3040 3
3041 3
3042 3
3043 3
3044 3
3045 3
3046 3
3047 3
3048 3
3049 3
3050 3
3051 3
3052 3
3053 3
3054 3
3055 3
3056 3
3057 3
3058 3
3059 3
3060 3
3061 3
3062 3
3063 3
3064 3
3065 3
3066 3
3067 3
3068 3
3069 3
3070 3
3071 3
3072 3
3073 3
3074 3
3075 3
3076 3
3077 3
3078 3
3079 3
3080 3
3081 3
3082 3
3083 3
3084 3
3085 3
3086 3
3087 3
3088 3
3089 3
3090 3
3091 3
3092 3
3093 3
3094 3
3095 3
3096 3
3097 3
3098 3
3099 3
3100 3
3101 3
3102 3
3103 3
3104 3
3105 3
3106 3
3107 3
3108 3
3109 3
3110 3
3111 3
3112 3
3113 3
3114 3
3115 3
3116 3
3117 3
3118 3
3119 3
3120 3
3121 3
3122 3
3123 3
3124 3
3125 3
3126 3
3127 3
3128 3
3129 3
3130 3
3131 3
3132 3
3133 3
3134 3
3135 3
3136 3
3137 3
3138 4
3139 4
3140 4
3141 4
3142 4
3143 4
3144 4
3145 4
3146 4
3147 4
3148 4
3149 4
3150 4
3151 4
3152 4
3153 4
3154 4
3155 4
3156 4
3157 4
3158 4
3159 4
3160 4
3161 4
3162 4
3163 4
3164 4
3165 4
3166 4
3167 4
3168 4
3169 4
3170 4
3171 4
3172 4
3173 4
3174 4
3175 4
3176 4
3177 4
3178 4
3179 4
3180 4
3181 4
3182 4
3183 4
3184 4
3185 4
3186 4
3187 4
3188 4
3189 4
3190 4
3191 4
3192 4
3193 4
3194 4
3195 4
3196 4
3197 4
3198 4
3199 4
3200 4
3201 4
3202 4
3203 4
3204 4
3205 4
3206 4
3207 4
3208 4
3209 4
3210 4
3211 4
3212 4
3213 4
3214 4
3215 4
3216 4
3217 4
3218 4
3219 4
3220 4
3221 4
3222 4
3223 4
3224 4
3225 4
3226 4
3227 4
3228 4
3229 4
3230 4
3231 4
3232 4
3233 4
3234 4
3235 4
3236 4
3237 4
3238 4
3239 4
3240 4
3241 4
3242 4
3243 4
3244 4
3245 4
3246 4
3247 4
3248 4
3249 4
3250 4
3251 4
3252 4
3253 4
3254 4
3255 4
3256 4
3257 4
3258 4
3259 4
3260 4
3261 4
3262 4
3263 4
3264 4
3265 4
3266 4
3267 4
3268 4
3269 4
3270 4
3271 4
3272 4
3273 4
3274 4
3275 4
3276 4
3277 4
3278 4
3279 4
3280 4
3281 4
3282 4
3283 4
3284 4
3285 4
3286 4
3287 4
3288 4
3289 4
3290 4
3291 4
3292 4
3293 4
3294 4
3295 4
3296 4
3297 4
3298 4
3299 4
3300 4
3301 4
3302 4
3303 4
3304 4
3305 4
3306 4
3307 4
3308 4
3309 4
3310 4
3311 4
3312 4
3313 4
3314 4
3315 4
3316 4
3317 4
3318 4
3319 4
3320 4
3321 4
3322 4
3323 4
3324 4
3325 4
3326 4
3327 4
3328 4
3329 4
3330 4
3331 4
3332 4
3333 4
3334 4
3335 4
3336 4
3337 4
3338 4
3339 4
3340 4
3341 4
3342 4
3343 4
3344 4
3345 4
3346 4
3347 4
3348 4
3349 4
3350 4
3351 4
3352 4
3353 4
3354 4
3355 4
3356 4
3357 4
3358 4
3359 4
3360 4
3361 4
3362 4
3363 4
3364 4
3365 4
3366 4
3367 4
3368 4
3369 4
3370 4
3371 4
3372 5
3373 5
3374 5
3375 5
3376 5
3377 5
3378 5
3379 5
3380 5
3381 5
3382 5
3383 5
3384 5
3385 5
3386 5
3387 5
3388 5
3389 5
3390 5
3391 5
3392 5
3393 5
3394 5
3395 5
3396 5
3397 5
3398 5
3399 5
3400 5
3401 5
3402 5
3403 5
3404 5
3405 5
3406 5
3407 5
3408 5
3409 5
3410 5
3411 5
3412 5
3413 5
3414 5
3415 5
3416 5
3417 5
3418 5
3419 5
3420 5
3421 5
3422 5
3423 5
3424 5
3425 5
3426 5
3427 5
3428 5
3429 5
3430 5
3431 5
3432 5
3433 5
3434 5
3435 5
3436 5
3437 5
3438 5
3439 5
3440 5
3441 5
3442 5
3443 5
3444 5
3445 5
3446 5
3447 5
3448 5
3449 5
3450 5
3451 5
3452 5
3453 5
3454 5
3455 5
3456 5
3457 5
3458 5
3459 5
3460 5
3461 5
3462 5
3463 5
3464 5
3465 5
3466 5
3467 5
3468 5
3469 5
3470 5
3471 5
3472 5
3473 5
3474 5
3475 5
3476 5
3477 5
3478 5
3479 5
3480 5
3481 5
3482 5
3483 5
3484 5
3485 5
3486 5
3487 5
3488 5
3489 5
3490 5
3491 5
3492 5
3493 5
3494 5
3495 5
3496 5
3497 5
3498 5
3499 5
3500 5
3501 5
3502 5
3503 5
3504 5
3505 5
3506 5
3507 5
3508 5
3509 5
3510 5
3511 5
3512 5
3513 5
3514 5
3515 5
3516 5
3517 5
3518 5
3519 5
3520 5
3521 5
3522 5
3523 5
3524 5
3525 5
3526 5
3527 5
3528 5
3529 5
3530 5
3531 5
3532 5
3533 5
3534 5
3535 5
3536 5
3537 5
3538 5
3539 5
3540 5
3541 5
3542 5
3543 5
3544 5
3545 5
3546 5
3547 5
3548 5
3549 5
3550 5
3551 5
3552 5
3553 5
3554 5
3555 5
3556 5
3557 5
3558 5
3559 5
3560 5
3561 5
3562 5
3563 5
3564 5
3565 5
3566 5
3567 5
3568 5
3569 5
3570 5
3571 5
3572 5
3573 5
3574 5
3575 5
3576 5
3577 5
3578 5
3579 5
3580 5
3581 5
3582 5
3583 5
3584 5
3585 5
3586 5
3587 5
3588 5
3589 5
3590 5
3591 5
3592 5
3593 5
3594 5
3595 5
3596 5
3597 5
3598 5
3599 5
3600 5
3601 5
3602 5
3603 5
3604 5
3605 5
3606 5
3607 5
3608 5
3609 5
3610 5
3611 5
3612 5
3613 5
3614 5
3615 5
3616 5
3617 5
3618 5
3619 5
3620 5
3621 5
3622 5
3623 5
3624 5
3625 5
3626 5
3627 5
3628 5
3629 5
3630 5
3631 5
3632 5
3633 5
3634 5
3635 5
3636 5
3637 5
3638 5
3639 5
3640 5
3641 5
3642 5
3643 5
3644 5
3645 5
3646 5
3647 5
3648 5
3649 5
3650 5
3651 5
3652 5
3653 5
3654 5
3655 5
3656 5
3657 5
3658 5
3659 5
3660 5
3661 5
3662 5
3663 5
3664 5
3665 5
3666 5
3667 5
3668 5
3669 5
3670 5
3671 5
3672 5
3673 5
3674 5
3675 5
3676 5
3677 5
3678 5
3679 5
3680 5
3681 5
3682 5
3683 5
3684 5
3685 5
3686 5
3687 5
3688 5
3689 5
3690 5
3691 5
3692 5
3693 5
3694 5
3695 5
3696 5
3697 5
3698 5
3699 5
3700 5
3701 5
3702 5
3703 5
3704 5
3705 5
3706 5
3707 5
3708 5
3709 5
3710 5
3711 5
3712 5
3713 5
3714 5
3715 5
3716 5
3717 5
3718 5
3719 5
3720 5
3721 5
3722 5
3723 5
3724 5
3725 5
3726 5
3727 5
3728 5
3729 5
3730 5
3731 5
3732 5
3733 5
3734 5
3735 5
3736 5
3737 5
3738 5
3739 5
3740 5
3741 5
3742 5
3743 5
3744 5
3745 5
3746 5
3747 5
3748 5
3749 5
3750 5
3751 5
3752 5
3753 5
3754 5
3755 5
3756 5
3757 5
3758 5
3759 5
3760 5
3761 5
3762 5
3763 5
3764 5
3765 5
3766 5
3767 5
3768 5
3769 5
3770 5
3771 5
3772 5
3773 5
3774 5
3775 5
3776 5
3777 5
3778 5
3779 5
3780 5
3781 5
3782 5
3783 5
3784 5
3785 5
3786 5
3787 5
3788 5
3789 5
3790 5
3791 5
3792 5
3793 5
3794 5
3795 5
3796 5
3797 5
3798 5
3799 5
3800 5
3801 5
3802 5
3803 5
3804 5
3805 5
3806 5
3807 5
3808 5
3809 5
3810 5
3811 5
3812 5
3813 5
3814 5
3815 5
3816 5
3817 5
3818 5
3819 5
3820 5
3821 5
3822 5
3823 5
3824 5
3825 5
3826 5
3827 5
3828 5
3829 5
3830 5
3831 5
3832 5
3833 5
3834 5
3835 5
3836 5
3837 5
3838 5
3839 5
3840 5
3841 5
3842 5
3843 5
3844 5
3845 5
3846 5
3847 5
3848 5
3849 5
3850 5
3851 5
3852 5
3853 5
3854 5
3855 5
3856 5
3857 5
3858 5
3859 5
3860 5
3861 5
3862 5
3863 5
3864 5
3865 5
3866 5
3867 5
3868 5
3869 5
3870 5
3871 5
3872 5
3873 5
3874 5
3875 5
3876 5
3877 5
3878 5
3879 5
3880 5
3881 5
3882 5
3883 5
3884 5
3885 5
3886 5
3887 5
3888 5
3889 5
3890 5
3891 5
3892 5
3893 5
3894 5
3895 5
3896 5
3897 5
3898 5
3899 5
3900 5
3901 5
3902 5
3903 5
3904 5
3905 5
3906 5
3907 5
3908 5
3909 5
3910 5
3911 5
3912 5
3913 5
3914 5
3915 5
3916 5
3917 5
3918 5
3919 5
3920 5
3921 5
3922 5
3923 5
3924 5
3925 5
3926 5
3927 5
3928 5
3929 5
3930 5
3931 5
3932 5
3933 5
3934 5
3935 5
3936 5
3937 5
3938 5
3939 5
3940 5
3941 5
3942 5
3943 5
3944 5
3945 5
3946 5
3947 5
3948 5
3949 5
3950 5
3951 5
3952 5
3953 5
3954 5
3955 5
3956 5
3957 5
3958 5
3959 5
3960 5
3961 5
3962 5
3963 5
3964 5
3965 5
3966 5
3967 5
3968 5
3969 5
3970 5
3971 5
3972 5
3973 5
3974 5
3975 5
3976 5
3977 5
3978 5
3979 5
3980 5
3981 5
3982 5
3983 5
3984 5
3985 5
3986 5
3987 5
3988 5
3989 5
3990 5
3991 5
3992 5
3993 5
3994 5
3995 5
3996 5
3997 5
3998 5
3999 5
4000 5
4001 5
4002 5
4003 5
4004 5
4005 5
4006 5
4007 5
4008 5
4009 5
4010 5
4011 5
4012 5
4013 5
4014 5
4015 5
4016 5
4017 5
4018 5
4019 5
4020 5
4021 5
4022 5
4023 5
4024 5
4025 5
4026 5
4027 5
4028 5
4029 5
4030 5
4031 5
4032 5
4033 5
4034 5
4035 5
4036 5
4037 5
4038 5
4039 5
4040 5
4041 5
4042 5
4043 5
4044 5
4045 5
4046 5
4047 5
4048 5
4049 5
4050 5
4051 5
4052 5
4053 5
4054 5
4055 5
4056 5
4057 5
4058 5
4059 5
4060 5
4061 5
4062 5
4063 5
4064 5
4065 5
4066 5
4067 5
4068 5
4069 5
4070 5
4071 5
4072 5
4073 5
4074 5
4075 5
4076 5
4077 5
4078 5
4079 5
4080 5
4081 5
4082 5
4083 5
4084 5
4085 5
4086 5
4087 5
4088 5
4089 5
4090 5
4091 5
4092 5
4093 5
4094 5
4095 5
4096 5
4097 5
4098 5
4099 5
4100 5
4101 5
4102 5
4103 5
4104 5
4105 5
4106 5
4107 5
4108 5
4109 5
4110 5
4111 5
4112 5
4113 5
4114 5
4115 5
4116 5
4117 5
4118 5
4119 5
4120 5
4121 5
4122 5
4123 5
4124 5
4125 5
4126 5
4127 5
4128 5
4129 5
4130 5
4131 5
4132 5
4133 5
4134 5
4135 5
4136 5
4137 5
4138 5
4139 5
4140 5
4141 5
4142 5
4143 5
4144 5
4145 5
4146 5
4147 5
4148 5
4149 5
4150 5
4151 5
4152 5
4153 5
4154 5
4155 5
4156 5
4157 5
4158 5
4159 5
4160 5
4161 5
4162 5
4163 5
4164 5
4165 5
4166 5
4167 5
4168 5
4169 5
4170 5
4171 5
4172 5
4173 5
4174 5
4175 5
4176 5
4177 5
4178 5
4179 5
4180 5
4181 5
4182 5
4183 5
4184 5
4185 5
4186 5
4187 5
4188 5
4189 5
4190 5
4191 5
4192 5
4193 5
4194 5
4195 5
4196 5
4197 5
4198 5
4199 5
4200 5
4201 5
4202 5
4203 5
4204 5
4205 5
4206 5
4207 5
4208 5
4209 5
4210 5
4211 5
4212 5
4213 5
4214 5
4215 5
4216 5
4217 5
4218 5
4219 5
4220 5
4221 5
4222 5
4223 5
4224 5
4225 5
4226 5
4227 5
4228 5
4229 5
4230 5
4231 5
4232 5
4233 5
4234 5
4235 5
4236 5
4237 5
4238 5
4239 5
4240 5
4241 5
4242 5
4243 5
4244 5
4245 5
4246 5
4247 5
4248 5
4249 5
4250 5
4251 5
4252 5
4253 5
4254 5
4255 5
4256 5
4257 5
4258 5
4259 5
4260 5
4261 5
4262 5
4263 5
4264 5
4265 5
4266 5
4267 5
4268 5
4269 5
4270 5
4271 5
4272 5
4273 5
4274 5
4275 5
4276 5
4277 5
4278 5
4279 5
4280 5
4281 5
4282 5
4283 5
4284 5
4285 5
4286 5
4287 5
4288 5
4289 5
4290 5
4291 5
4292 5
4293 5
4294 5
4295 5
4296 5
4297 5
4298 5
4299 5
4300 5
4301 5
4302 5
4303 5
4304 5
4305 5
4306 5
4307 5
4308 5
4309 5
4310 5
4311 5
4312 5
4313 5
4314 5
4315 5
4316 5
4317 5
4318 5
4319 5
4320 5
4321 5
4322 5
4323 5
4324 5
4325 5
4326 5
4327 5
4328 5
4329 5
4330 5
4331 5
4332 5
4333 5
4334 5
4335 5
4336 5
4337 5
4338 5
4339 5
4340 5
4341 5
4342 5
4343 5
4344 5
4345 5
4346 5
4347 5
4348 5
4349 5
4350 5
4351 5
4352 5
4353 5
4354 5
4355 5
4356 5
4357 5
4358 5
4359 5
4360 5
4361 5
4362 5
4363 5
4364 5
4365 5
4366 5
4367 5
4368 5
4369 5
4370 5
4371 5
4372 5
4373 5
4374 5
4375 5
4376 5
4377 5
4378 5
4379 5
4380 5
4381 5
4382 5
4383 5
4384 5
4385 5
4386 5
4387 5
4388 5
4389 5
4390 5
4391 5
4392 5
4393 5
4394 5
4395 5
4396 5
4397 5
4398 5
4399 5
4400 5
4401 5
4402 5
4403 5
4404 5
4405 5
4406 5
4407 5
4408 5
4409 5
4410 5
4411 5
4412 5
4413 5
4414 5
4415 5
4416 5
4417 5
4418 5
4419 5
4420 5
4421 5
4422 5
4423 5
4424 5
4425 5
4426 5
4427 5
4428 5
4429 5
4430 5
4431 5
4432 5
4433 5
4434 5
4435 5
4436 5
4437 5
4438 5
4439 5
4440 5
4441 5
4442 5
4443 5
4444 5
4445 5
4446 5
4447 5
4448 5
4449 5
4450 5
4451 5
4452 5
4453 5
4454 5
4455 5
4456 5
4457 5
4458 5
4459 5
4460 5
4461 5
4462 5
4463 5
4464 5
4465 5
4466 5
4467 5
4468 5
4469 5
4470 5
4471 5
4472 5
4473 5
4474 5
4475 5
4476 5
4477 5
4478 5
4479 5
4480 5
4481 5
4482 5
4483 5
4484 5
4485 5
4486 5
4487 5
4488 5
4489 5
4490 5
4491 5
4492 5
4493 5
4494 5
4495 5
4496 5
4497 5
4498 5
4499 5
4500 5
4501 5
4502 5
4503 5
4504 5
4505 5
4506 5
4507 5
4508 5
4509 5
4510 5
4511 5
4512 5
4513 5
4514 5
4515 5
4516 5
4517 5
4518 5
4519 5
4520 5
4521 5
4522 5
4523 5
4524 5
4525 5
4526 5
4527 5
4528 5
4529 5
4530 5
4531 5
4532 5
4533 5
4534 5
4535 5
4536 5
4537 5
4538 5
4539 5
4540 5
4541 5
4542 5
4543 5
4544 5
4545 5
4546 5
4547 5
4548 5
4549 5
4550 5
4551 5
4552 5
4553 5
4554 5
4555 5
4556 5
4557 5
4558 5
4559 5
4560 5
4561 5
4562 5
4563 5
4564 5
4565 5
4566 5
4567 5
4568 5
4569 5
4570 5
4571 5
4572 5
4573 5
4574 5
4575 5
4576 5
4577 5
4578 5
4579 5
4580 5
4581 5
4582 5
4583 5
4584 5
4585 5
4586 5
4587 5
4588 5
4589 5
4590 5
4591 5
4592 5
4593 5
4594 5
4595 5
4596 5
4597 5
4598 5
4599 5
4600 5
4601 5
4602 5
4603 5
4604 5
4605 5
4606 5
4607 5
4608 5
4609 5
4610 5
4611 5
4612 5
4613 5
4614 5
4615 5
4616 5
4617 5
4618 5
4619 5
4620 5
4621 5
4622 5
4623 5
4624 5
4625 5
4626 5
4627 5
4628 5
4629 5
4630 5
4631 5
4632 5
4633 5
4634 5
4635 5
4636 5
4637 5
4638 5
4639 5
4640 5
4641 5
4642 5
4643 5
4644 5
4645 5
4646 5
4647 5
4648 5
4649 5
4650 5
4651 5
4652 5
4653 5
4654 5
4655 5
4656 5
4657 5
4658 5
4659 5
4660 5
4661 5
4662 5
4663 5
4664 5
4665 5
4666 5
4667 5
4668 5
4669 5
4670 5
4671 5
4672 5
4673 5
4674 5
4675 5
4676 5
4677 5
4678 5
4679 5
4680 5
4681 5
4682 5
4683 5
4684 5
4685 5
4686 5
4687 5
4688 5
4689 5
4690 5
4691 5
4692 5
4693 5
4694 5
4695 5
4696 5
4697 5
4698 5
4699 5
4700 5
4701 5
4702 5
4703 5
4704 5
4705 5
4706 5
4707 5
4708 5
4709 5
4710 5
4711 5
4712 5
4713 5
4714 5
4715 5
4716 5
4717 5
4718 5
4719 5
4720 5
4721 5
4722 5
4723 5
4724 5
4725 5
4726 5
4727 5
4728 5
4729 5
4730 5
4731 5
4732 5
4733 5
4734 5
4735 5
4736 5
4737 5
4738 5
4739 5
4740 5
4741 5
4742 5
4743 5
4744 5
4745 5
4746 5
4747 5
4748 5
4749 5
4750 5
4751 5
4752 5
4753 5
4754 5
4755 5
4756 5
4757 5
4758 5
4759 5
4760 5
4761 5
4762 5
4763 5
4764 5
4765 5
4766 5
4767 5
4768 5
4769 5
4770 5
4771 5
4772 5
4773 5
4774 5
4775 5
4776 5
4777 5
4778 5
4779 5
4780 5
4781 5
4782 5
4783 5
4784 5
4785 5
4786 5
4787 5
4788 5
4789 5
4790 5
4791 5
4792 5
4793 5
4794 5
4795 5
4796 5
4797 5
4798 5
4799 5
4800 5
4801 5
4802 5
4803 5
4804 5
4805 5
4806 5
4807 5
4808 5
4809 5
4810 5
4811 5
4812 5
4813 5
4814 5
4815 5
4816 5
4817 5
4818 5
4819 5
4820 5
4821 5
4822 5
4823 5
4824 5
4825 5
4826 5
4827 5
4828 5
4829 5
4830 5
4831 5
4832 5
4833 5
4834 5
4835 5
4836 5
4837 5
4838 5
4839 5
4840 5
4841 5
4842 5
4843 5
4844 5
4845 5
4846 5
4847 5
4848 5
4849 5
4850 5
4851 5
4852 5
4853 5
4854 5
4855 5
4856 5
4857 5
4858 5
4859 5
4860 5
4861 5
4862 5
4863 5
4864 5
4865 5
4866 5
4867 5
4868 5
4869 5
4870 5
4871 5
4872 5
4873 5
4874 5
4875 5
4876 5
4877 5
4878 5
4879 5
4880 5
4881 5
4882 5
4883 5
4884 5
4885 5
4886 5
4887 5
4888 5
4889 5
4890 5
4891 5
4892 5
4893 5
4894 5
4895 5
4896 5
4897 5
4898 5
4899 5
4900 5
4901 5
4902 5
4903 5
4904 5
4905 5
4906 5
4907 5
4908 5
4909 5
4910 5
4911 5
4912 5
4913 5
4914 5
4915 5
4916 5
4917 5
4918 5
4919 5
4920 5
4921 5
4922 5
4923 5
4924 5
4925 5
4926 5
4927 5
4928 5
4929 5
4930 5
4931 5
4932 5
4933 5
4934 5
4935 5
4936 5
4937 5
4938 5
4939 5
4940 5
4941 5
4942 5
4943 5
4944 5
4945 5
4946 5
4947 5
4948 5
4949 5
4950 5
4951 5
4952 5
4953 5
4954 5
4955 5
4956 5
4957 5
4958 5
4959 5
4960 5
4961 5
4962 5
4963 5
4964 5
4965 5
4966 5
4967 5
4968 5
4969 5
4970 5
4971 5
4972 5
4973 5
4974 5
4975 5
4976 5
4977 5
4978 5
4979 5
4980 5
4981 5
4982 5
4983 5
4984 5
4985 5
4986 5
4987 5
4988 5
4989 5
4990 5
4991 5
4992 5
4993 5
4994 5
4995 5
4996 5
4997 5
4998 5
4999 5
5000 5
5001 5
5002 5
5003 5
5004 5
5005 5
5006 5
5007 5
5008 5
5009 5
5010 5
5011 5
5012 5
5013 5
5014 5
5015 5
5016 5
5017 5
5018 5
5019 5
5020 5
5021 5
5022 5
5023 5
5024 5
5025 5
5026 5
5027 5
5028 5
5029 5
5030 5
5031 5
5032 5
5033 5
5034 5
5035 5
5036 5
5037 5
5038 5
5039 5
5040 5
5041 5
5042 5
5043 5
5044 5
5045 5
5046 5
5047 5
5048 5
5049 5
5050 5
5051 5
5052 5
5053 5
5054 5
5055 5
5056 5
5057 5
5058 5
5059 5
5060 5
5061 5
5062 5
5063 5
5064 5
5065 5
5066 5
5067 5
5068 5
5069 5
5070 5
5071 5
5072 5
5073 5
5074 5
5075 5
5076 5
5077 5
5078 5
5079 5
5080 5
5081 5
5082 5
5083 5
5084 5
5085 5
5086 5
5087 5
5088 5
5089 5
5090 5
5091 5
5092 5
5093 5
5094 5
5095 5
5096 5
5097 5
5098 5
5099 5
5100 5
5101 5
5102 5
5103 5
5104 5
5105 5
5106 5
5107 5
5108 5
5109 5
5110 5
5111 5
5112 5
5113 5
5114 5
5115 5
5116 5
5117 5
5118 5
5119 5
5120 5
5121 5
5122 5
5123 5
5124 5
5125 5
5126 5
5127 5
5128 5
5129 5
5130 5
5131 5
5132 5
5133 5
5134 5
5135 5
5136 5
5137 5
5138 5
5139 5
5140 5
5141 5
5142 5
5143 5
5144 5
5145 5
5146 5
5147 5
5148 5
5149 5
5150 5
5151 5
5152 5
5153 5
5154 5
5155 5
5156 5
5157 5
5158 5
5159 5
5160 5
5161 5
5162 5
5163 5
5164 5
5165 5
5166 5
5167 5
5168 5
5169 5
5170 5
5171 5
5172 5
5173 5
5174 5
5175 5
5176 5
5177 5
5178 5
5179 5
5180 5
5181 5
5182 5
5183 5
5184 5
5185 5
5186 5
5187 5
5188 5
5189 5
5190 5
5191 5
5192 5
5193 5
5194 5
5195 5
5196 5
5197 5
5198 5
5199 5
5200 5
5201 5
5202 5
5203 5
5204 5
5205 5
5206 5
5207 5
5208 5
5209 5
5210 5
5211 5
5212 5
5213 5
5214 5
5215 5
5216 5
5217 5
5218 5
5219 5
5220 5
5221 5
5222 5
5223 5
5224 5
5225 5
5226 5
5227 5
5228 5
5229 5
5230 5
5231 5
5232 5
5233 5
5234 5
5235 5
5236 5
5237 5
5238 5
5239 5
5240 5
5241 5
5242 5
5243 5
5244 5
5245 5
5246 5
5247 5
5248 5
5249 5
5250 5
5251 5
5252 5
5253 5
5254 5
5255 5
5256 5
5257 5
5258 5
5259 5
5260 5
5261 5
5262 5
5263 5
5264 5
5265 5
5266 5
5267 5
5268 5
5269 5
5270 5
5271 5
5272 5
5273 5
5274 5
5275 5
5276 5
5277 5
5278 5
5279 5
5280 6
5281 6
5282 6
5283 6
5284 6
5285 6
5286 6
5287 6
5288 6
5289 6
5290 6
5291 6
5292 6
5293 6
5294 6
5295 6
5296 6
5297 6
5298 6
5299 6
5300 6
5301 6
5302 6
5303 6
5304 6
5305 6
5306 6
5307 6
5308 6
5309 6
5310 6
5311 6
5312 6
5313 6
5314 6
5315 6
5316 6
5317 6
5318 6
5319 6
5320 6
5321 6
5322 6
5323 6
5324 6
5325 6
5326 6
5327 6
5328 6
5329 6
5330 6
5331 6
5332 6
5333 6
5334 6
5335 6
5336 6
5337 6
5338 6
5339 6
5340 6
5341 6
5342 6
5343 6
5344 6
5345 6
5346 6
5347 6
5348 6
5349 6
5350 6
5351 6
5352 6
5353 6
5354 6
5355 6
5356 6
5357 6
5358 6
5359 6
5360 6
5361 6
5362 6
5363 6
5364 6
5365 6
5366 6
5367 6
5368 6
5369 6
5370 6
5371 6
5372 6
5373 6
5374 6
5375 6
5376 6
5377 6
5378 6
5379 6
5380 6
5381 6
5382 6
5383 6
5384 6
5385 6
5386 6
5387 6
5388 6
5389 6
5390 6
5391 6
5392 6
5393 6
5394 6
5395 6
5396 6
5397 6
5398 6
5399 6
5400 6
5401 6
5402 6
5403 6
5404 6
5405 6
5406 6
5407 6
5408 6
5409 6
5410 6
5411 6
5412 6
5413 6
5414 6
5415 6
5416 6
5417 6
5418 6
5419 6
5420 6
5421 6
5422 6
5423 6
5424 6
5425 6
5426 6
5427 6
5428 6
5429 6
5430 6
5431 6
5432 6
5433 6
5434 6
5435 6
5436 6
5437 6
5438 6
5439 6
5440 6
5441 6
5442 6
5443 6
5444 6
5445 6
5446 6
5447 6
5448 6
5449 6
5450 6
5451 6
5452 6
5453 6
5454 6
5455 6
5456 6
5457 6
5458 6
5459 6
5460 6
5461 6
5462 6
5463 6
5464 6
5465 6
5466 6
5467 6
5468 6
5469 6
5470 6
5471 6
5472 6
5473 6
5474 6
5475 6
5476 6
5477 6
5478 6
5479 6
5480 6
5481 6
5482 6
5483 6
5484 6
5485 6
5486 6
5487 6
5488 6
5489 6
5490 6
5491 6
5492 6
5493 6
5494 6
5495 6
5496 6
5497 6
5498 6
5499 6
5500 6
5501 6
5502 6
5503 6
5504 6
5505 6
5506 6
5507 6
5508 6
5509 6
5510 6
5511 6
5512 6
5513 6
5514 6
5515 6
5516 6
5517 6
5518 6
5519 6
5520 6
5521 6
5522 6
5523 6
5524 6
5525 6
5526 6
5527 6
5528 6
5529 6
5530 6
5531 6
5532 6
5533 6
5534 6
5535 6
5536 6
5537 6
5538 6
5539 6
5540 6
5541 6
5542 6
5543 6
5544 6
5545 6
5546 6
5547 6
5548 6
5549 6
5550 6
5551 6
5552 6
5553 6
5554 6
5555 6
5556 6
5557 6
5558 6
5559 6
5560 6
5561 6
5562 6
5563 6
5564 6
5565 6
5566 6
5567 6
5568 6
5569 6
5570 6
5571 6
5572 6
5573 6
5574 6
5575 6
5576 6
5577 6
5578 6
5579 6
5580 6
5581 6
5582 6
5583 6
5584 6
5585 6
5586 6
5587 6
5588 6
5589 6
5590 6
5591 6
5592 6
5593 6
5594 6
5595 6
5596 6
5597 6
5598 6
5599 6
5600 6
5601 6
5602 6
5603 6
5604 6
5605 6
5606 6
5607 6
5608 6
5609 6
5610 6
5611 6
5612 6
5613 6
5614 6
5615 6
5616 6
5617 6
5618 6
5619 6
5620 6
5621 6
5622 6
5623 6
5624 6
5625 6
5626 6
5627 6
5628 6
5629 6
5630 6
5631 6
5632 6
5633 6
5634 6
5635 6
5636 6
5637 6
5638 6
5639 6
5640 6
5641 6
5642 6
5643 6
5644 6
5645 6
5646 6
5647 6
5648 6
5649 6
5650 6
5651 6
5652 6
5653 6
5654 6
5655 6
5656 6
5657 6
5658 6
5659 6
5660 6
5661 6
5662 6
5663 6
5664 6
5665 6
5666 6
5667 6
5668 6
5669 6
5670 6
5671 6
5672 6
5673 6
5674 6
5675 6
5676 6
5677 6
5678 6
5679 6
5680 6
5681 6
5682 6
5683 6
5684 6
5685 6
5686 6
5687 6
5688 6
5689 6
5690 6
5691 6
5692 6
5693 6
5694 6
5695 6
5696 6
5697 6
5698 6
5699 6
5700 6
5701 6
5702 6
5703 6
5704 6
5705 6
5706 6
5707 6
5708 6
5709 6
5710 6
5711 6
5712 6
5713 6
5714 6
5715 6
5716 6
5717 6
5718 6
5719 6
5720 6
5721 6
5722 6
5723 6
5724 6
5725 6
5726 6
5727 6
5728 6
5729 6
5730 6
5731 6
5732 6
5733 6
5734 6
5735 6
5736 6
5737 6
5738 6
5739 6
5740 6
5741 6
5742 6
5743 6
5744 6
5745 6
5746 6
5747 6
5748 6
5749 6
5750 6
5751 6
5752 6
5753 6
5754 6
5755 6
5756 6
5757 6
5758 6
5759 6
5760 6
5761 6
5762 6
5763 6
5764 6
5765 6
5766 6
5767 6
5768 6
5769 6
5770 6
5771 6
5772 6
5773 6
5774 6
5775 6
5776 6
5777 6
5778 6
5779 6
5780 6
5781 6
5782 6
5783 6
5784 6
5785 6
5786 6
5787 6
5788 6
5789 6
5790 6
5791 6
5792 6
5793 6
5794 6
5795 6
5796 6
5797 6
5798 6
5799 6
5800 6
5801 6
5802 6
5803 6
5804 6
5805 6
5806 6
5807 6
5808 6
5809 6
5810 6
5811 6
5812 6
5813 6
5814 6
5815 6
5816 6
5817 6
5818 6
5819 6
5820 6
5821 6
5822 6
5823 6
5824 6
5825 6
5826 6
5827 6
5828 6
5829 6
5830 6
5831 6
5832 6
5833 6
5834 6
5835 6
5836 6
5837 6
5838 6
5839 6
5840 6
5841 6
5842 6
5843 6
5844 6
5845 6
5846 6
5847 6
5848 6
5849 6
5850 6
5851 6
5852 6
5853 6
5854 6
5855 6
5856 6
5857 6
5858 6
5859 6
5860 6
5861 6
5862 6
5863 6
5864 6
5865 6
5866 6
5867 6
5868 6
5869 6
5870 6
5871 6
5872 6
5873 6
5874 6
5875 6
5876 6
5877 6
5878 6
5879 6
5880 6
5881 6
5882 6
5883 6
5884 6
5885 6
5886 6
5887 6
5888 6
5889 6
5890 6
5891 6
5892 6
5893 6
5894 6
5895 6
5896 6
5897 6
5898 6
5899 6
5900 6
5901 6
5902 6
5903 6
5904 6
5905 6
5906 6
5907 6
5908 6
5909 6
5910 6
5911 6
5912 6
5913 6
5914 6
5915 6
5916 6
5917 6
5918 6
5919 6
5920 6
5921 6
5922 6
5923 6
5924 6
5925 6
5926 6
5927 6
5928 6
5929 6
5930 6
5931 6
5932 6
5933 6
5934 6
5935 6
5936 6
5937 6
5938 6
5939 6
5940 6
5941 6
5942 6
5943 6
5944 6
5945 6
5946 6
5947 6
5948 6
5949 6
5950 6
5951 6
5952 6
5953 6
5954 6
5955 6
5956 6
5957 6
5958 6
5959 6
5960 6
5961 6
5962 6
5963 6
5964 6
5965 6
5966 6
5967 6
5968 6
5969 6
5970 6
5971 6
5972 6
5973 6
5974 6
5975 6
5976 6
5977 6
5978 6
5979 6
5980 6
5981 6
5982 6
5983 6
5984 6
5985 6
5986 6
5987 6
5988 6
5989 6
5990 6
5991 6
5992 6
5993 6
5994 6
5995 6
5996 6
5997 6
5998 6
5999 6
6000 6
6001 6
6002 6
6003 6
6004 6
6005 6
6006 6
6007 6
6008 6
6009 6
6010 6
6011 6
6012 6
6013 6
6014 6
6015 6
6016 6
6017 6
6018 6
6019 6
6020 6
6021 6
6022 6
6023 6
6024 6
6025 6
6026 6
6027 6
6028 6
6029 6
6030 6
6031 6
6032 6
6033 6
6034 6
6035 6
6036 6
6037 6
6038 6
6039 6
6040 6
6041 6
6042 6
6043 6
6044 6
6045 6
6046 6
6047 6
6048 6
6049 6
6050 6
6051 6
6052 6
6053 6
6054 6
6055 6
6056 6
6057 6
6058 6
6059 6
6060 6
6061 6
6062 6
6063 6
6064 6
6065 6
6066 6
6067 6
6068 6
6069 6
6070 6
6071 6
6072 6
6073 6
6074 6
6075 6
6076 6
6077 6
6078 6
6079 6
6080 6
6081 6
6082 6
6083 6
6084 6
6085 6
6086 6
6087 6
6088 6
6089 6
6090 6
6091 6
6092 6
6093 6
6094 6
6095 6
6096 6
6097 6
6098 6
6099 6
6100 6
6101 6
6102 6
6103 6
6104 6
6105 6
6106 6
6107 6
6108 6
6109 6
6110 6
6111 6
6112 6
6113 6
6114 6
6115 6
6116 6
6117 6
6118 6
6119 6
6120 6
6121 6
6122 6
6123 6
6124 6
6125 6
6126 6
6127 6
6128 6
6129 6
6130 6
6131 6
6132 6
6133 6
6134 6
6135 6
6136 6
6137 6
6138 6
6139 6
6140 6
6141 6
6142 6
6143 6
6144 6
6145 6
6146 6
6147 6
6148 6
6149 6
6150 6
6151 6
6152 6
6153 6
6154 6
6155 6
6156 6
6157 6
6158 6
6159 6
6160 6
6161 6
6162 6
6163 6
6164 6
6165 6
6166 6
6167 6
6168 6
6169 6
6170 6
6171 6
6172 6
6173 6
6174 6
6175 6
6176 6
6177 6
6178 6
6179 6
6180 6
6181 6
6182 6
6183 6
6184 6
6185 6
6186 6
6187 6
6188 6
6189 6
6190 6
6191 6
6192 6
6193 6
6194 6
6195 6
6196 6
6197 6
6198 6
6199 6
6200 6
6201 6
6202 6
6203 6
6204 6
6205 6
6206 6
6207 6
6208 6
6209 6
6210 6
6211 6
6212 6
6213 6
6214 6
6215 6
6216 6
6217 6
6218 6
6219 6
6220 6
6221 6
6222 6
6223 6
6224 6
6225 6
6226 6
6227 6
6228 6
6229 6
6230 6
6231 6
6232 6
6233 6
6234 6
6235 6
6236 6
6237 6
6238 6
6239 6
6240 6
6241 6
6242 6
6243 6
6244 6
6245 6
6246 6
6247 6
6248 6
6249 6
6250 6
6251 6
6252 6
6253 6
6254 6
6255 6
6256 6
6257 6
6258 6
6259 6
6260 6
6261 6
6262 6
6263 6
6264 6
6265 6
6266 6
6267 6
6268 6
6269 6
6270 6
6271 6
6272 6
6273 6
6274 6
6275 6
6276 6
6277 6
6278 6
6279 6
6280 6
6281 6
6282 6
6283 6
6284 6
6285 6
6286 6
6287 6
6288 6
6289 6
6290 6
6291 6
6292 6
6293 6
6294 6
6295 6
6296 6
6297 6
6298 6
6299 6
6300 6
6301 6
6302 6
6303 6
6304 6
6305 6
6306 6
6307 6
6308 6
6309 6
6310 6
6311 6
6312 6
6313 6
6314 6
6315 6
6316 6
6317 6
6318 6
6319 6
6320 6
6321 6
6322 6
6323 6
6324 6
6325 6
6326 6
6327 6
6328 6
6329 6
6330 6
6331 6
6332 6
6333 6
6334 6
6335 6
6336 6
6337 6
6338 6
6339 6
6340 6
6341 6
6342 6
6343 6
6344 6
6345 6
6346 6
6347 6
6348 6
6349 6
6350 6
6351 6
6352 6
6353 6
6354 6
6355 6
6356 6
6357 6
6358 6
6359 6
6360 6
6361 6
6362 6
6363 6
6364 6
6365 6
6366 6
6367 6
6368 6
6369 6
6370 6
6371 6
6372 6
6373 6
6374 6
6375 6
6376 6
6377 6
6378 6
6379 6
6380 6
6381 6
6382 6
6383 6
6384 6
6385 6
6386 6
6387 6
6388 6
6389 6
6390 6
6391 6
6392 6
6393 6
6394 6
6395 6
6396 6
6397 6
6398 6
6399 6
6400 6
6401 6
6402 6
6403 6
6404 6
6405 6
6406 6
6407 6
6408 6
6409 6
6410 6
6411 6
6412 6
6413 6
6414 6
6415 6
6416 6
6417 6
6418 6
6419 6
6420 6
6421 6
6422 6
6423 6
6424 6
6425 6
6426 6
6427 6
6428 6
6429 6
6430 6
6431 6
6432 6
6433 6
6434 6
6435 6
6436 6
6437 6
6438 6
6439 6
6440 6
6441 6
6442 6
6443 6
6444 6
6445 6
6446 6
6447 6
6448 6
6449 6
6450 6
6451 6
6452 6
6453 6
6454 6
6455 6
6456 6
6457 6
6458 6
6459 6
6460 6
6461 6
6462 6
6463 6
6464 6
6465 6
6466 6
6467 6
6468 6
6469 6
6470 6
6471 6
6472 6
6473 6
6474 6
6475 6
6476 6
6477 6
6478 6
6479 6
6480 6
6481 6
6482 6
6483 6
6484 6
6485 6
6486 6
6487 6
6488 6
6489 6
6490 6
6491 6
6492 6
6493 6
6494 6
6495 6
6496 6
6497 6
6498 6
6499 6
6500 6
6501 6
6502 6
6503 6
6504 6
6505 6
6506 6
6507 6
6508 6
6509 6
6510 6
6511 6
6512 6
6513 6
6514 6
6515 6
6516 6
6517 6
6518 6
6519 6
6520 6
6521 6
6522 6
6523 6
6524 6
6525 6
6526 6
6527 6
6528 6
6529 6
6530 6
6531 6
6532 6
6533 6
6534 6
6535 6
6536 6
6537 6
6538 6
6539 6
6540 6
6541 6
6542 6
6543 6
6544 6
6545 6
6546 6
6547 6
6548 6
6549 6
6550 6
6551 6
6552 6
6553 6
6554 6
6555 6
6556 6
6557 6
6558 6
6559 6
6560 6
6561 6
6562 6
6563 6
6564 6
6565 6
6566 6
6567 6
6568 6
6569 6
6570 6
6571 6
6572 6
6573 6
6574 6
6575 6
6576 6
6577 6
6578 6
6579 6
6580 6
6581 6
6582 6
6583 6
6584 6
6585 6
6586 6
6587 6
6588 6
6589 6
6590 6
6591 6
6592 6
6593 6
6594 6
6595 6
6596 6
6597 6
6598 6
6599 6
6600 6
6601 6
6602 6
6603 6
6604 6
6605 6
6606 6
6607 6
6608 6
6609 6
6610 6
6611 6
6612 6
6613 6
6614 6
6615 6
6616 6
6617 6
6618 6
6619 6
6620 6
6621 6
6622 6
6623 6
6624 6
6625 6
6626 6
6627 6
6628 6
6629 6
6630 6
6631 6
6632 6
6633 6
6634 6
6635 6
6636 6
6637 6
6638 6
6639 6
6640 6
6641 6
6642 6
6643 6
6644 6
6645 6
6646 6
6647 6
6648 6
6649 6
6650 6
6651 6
6652 6
6653 6
6654 6
6655 6
6656 6
6657 6
6658 6
6659 6
6660 6
6661 6
6662 6
6663 6
6664 6
6665 6
6666 6
6667 6
6668 6
6669 6
6670 6
6671 6
6672 6
6673 6
6674 6
6675 6
6676 6
6677 6
6678 6
6679 6
6680 6
6681 6
6682 6
6683 6
6684 6
6685 6
6686 6
6687 6
6688 6
6689 6
6690 6
6691 6
6692 6
6693 6
6694 6
6695 6
6696 6
6697 6
6698 6
6699 6
6700 6
6701 6
6702 6
6703 6
6704 6
6705 6
6706 6
6707 6
6708 6
6709 6
6710 6
6711 6
6712 6
6713 6
6714 6
6715 6
6716 6
6717 6
6718 6
6719 6
6720 6
6721 6
6722 6
6723 6
6724 6
6725 6
6726 6
6727 6
6728 6
6729 6
6730 6
6731 6
6732 6
6733 6
6734 6
6735 6
6736 6
6737 6
6738 6
6739 6
6740 6
6741 6
6742 6
6743 6
6744 6
6745 6
6746 6
6747 6
6748 6
6749 6
6750 6
6751 6
6752 6
6753 6
6754 6
6755 6
6756 6
6757 6
6758 6
6759 6
6760 6
6761 6
6762 6
6763 6
6764 6
6765 6
6766 6
6767 6
6768 6
6769 6
6770 6
6771 6
6772 6
6773 6
6774 6
6775 6
6776 6
6777 6
6778 6
6779 6
6780 6
6781 6
6782 6
6783 6
6784 6
6785 6
6786 6
6787 6
6788 6
6789 6
6790 6
6791 6
6792 6
6793 6
6794 6
6795 6
6796 6
6797 6
6798 6
6799 6
6800 6
6801 6
6802 6
6803 6
6804 6
6805 6
6806 6
6807 6
6808 6
6809 6
6810 6
6811 6
6812 6
6813 6
6814 6
6815 6
6816 6
6817 6
6818 6
6819 6
6820 6
6821 6
6822 6
6823 6
6824 6
6825 6
6826 6
6827 6
6828 6
6829 6
6830 6
6831 6
6832 6
6833 6
6834 6
6835 6
6836 6
6837 6
6838 6
6839 6
6840 6
6841 6
6842 6
6843 6
6844 6
6845 6
6846 6
6847 6
6848 6
6849 6
6850 6
6851 6
6852 6
6853 6
6854 6
6855 6
6856 6
6857 6
6858 6
6859 6
6860 6
6861 6
6862 6
6863 6
6864 6
6865 6
6866 6
6867 6
6868 6
6869 6
6870 6
6871 6
6872 6
6873 6
6874 6
6875 6
6876 6
6877 6
6878 6
6879 6
6880 6
6881 6
6882 6
6883 6
6884 6
6885 6
6886 6
6887 6
6888 6
6889 6
6890 6
6891 6
6892 6
6893 6
6894 6
6895 6
6896 6
6897 6
6898 6
6899 6
6900 6
6901 6
6902 6
6903 6
6904 6
6905 6
6906 6
6907 6
6908 6
6909 6
6910 6
6911 6
6912 6
6913 6
6914 6
6915 6
6916 6
6917 6
6918 6
6919 6
6920 6
6921 6
6922 6
6923 6
6924 6
6925 6
6926 6
6927 6
6928 6
6929 6
6930 6
6931 6
6932 6
6933 6
6934 6
6935 6
6936 6
6937 6
6938 6
6939 6
6940 6
6941 6
6942 6
6943 6
6944 6
6945 6
6946 6
6947 6
6948 6
6949 6
6950 6
6951 6
6952 6
6953 6
6954 6
6955 6
6956 6
6957 6
6958 6
6959 6
6960 6
6961 6
6962 6
6963 6
6964 6
6965 6
6966 6
6967 6
6968 6
6969 6
6970 6
6971 6
6972 6
6973 6
6974 6
6975 6
6976 6
6977 6
6978 6
6979 6
6980 6
6981 6
6982 6
6983 6
6984 6
6985 6
6986 6
6987 6
6988 6
6989 6
6990 6
6991 6
6992 6
6993 6
6994 6
6995 6
6996 6
6997 6
6998 6
6999 6
7000 6
7001 6
7002 6
7003 6
7004 6
7005 6
7006 6
7007 6
7008 6
7009 6
7010 6
7011 6
7012 6
7013 6
7014 6
7015 6
7016 6
7017 6
7018 6
7019 6
7020 6
7021 6
7022 6
7023 6
7024 6
7025 6
7026 6
7027 6
7028 6
7029 6
7030 6
7031 6
7032 6
7033 6
7034 6
7035 6
7036 6
7037 6
7038 6
7039 6
7040 6
7041 6
7042 6
7043 6
7044 6
7045 6
7046 6
7047 6
7048 6
7049 6
7050 6
7051 6
7052 6
7053 6
7054 6
7055 6
7056 6
7057 6
7058 6
7059 6
7060 6
7061 6
7062 6
7063 6
7064 6
7065 6
7066 6
7067 6
7068 6
7069 6
7070 6
7071 6
7072 6
7073 6
7074 6
7075 6
7076 6
7077 6
7078 6
7079 6
7080 6
7081 6
7082 6
7083 6
7084 6
7085 6
7086 6
7087 6
7088 6
7089 6
7090 6
7091 6
7092 6
7093 6
7094 6
7095 6
7096 6
7097 6
7098 6
7099 6
7100 6
7101 6
7102 6
7103 6
7104 6
7105 6
7106 6
7107 6
7108 6
7109 6
7110 6
7111 6
7112 6
7113 6
7114 6
7115 6
7116 6
7117 6
7118 6
7119 6
7120 6
7121 6
7122 6
7123 6
7124 6
7125 6
7126 6
7127 6
7128 6
7129 6
7130 6
7131 6
7132 6
7133 6
7134 6
7135 6
7136 6
7137 6
7138 6
7139 6
7140 6
7141 6
7142 6
7143 6
7144 6
7145 6
7146 6
7147 6
7148 6
7149 6
7150 6
7151 6
7152 6
7153 6
7154 6
7155 6
7156 6
7157 6
7158 6
7159 6
7160 6
7161 6
7162 6
7163 6
7164 6
7165 6
7166 6
7167 6
7168 6
7169 6
7170 6
7171 6
7172 6
7173 6
7174 6
7175 6
7176 6
7177 6
7178 6
7179 6
7180 6
7181 6
7182 6
7183 6
7184 6
7185 6
7186 6
7187 6
7188 6
7189 6
7190 6
7191 6
7192 6
7193 6
7194 6
7195 6
7196 6
7197 6
7198 6
7199 6
7200 6
7201 6
7202 6
7203 6
7204 6
7205 6
7206 6
7207 6
7208 6
7209 6
7210 6
7211 6
7212 6
7213 6
7214 6
7215 6
7216 6
7217 6
7218 6
7219 6
7220 6
7221 6
7222 6
7223 6
7224 6
7225 6
7226 6
7227 6
7228 6
7229 6
7230 6
7231 6
7232 6
7233 6
7234 6
7235 6
7236 6
7237 6
7238 6
7239 6
7240 6
7241 6
7242 6
7243 6
7244 6
7245 6
7246 6
7247 6
7248 6
7249 6
7250 6
7251 6
7252 6
7253 6
7254 6
7255 6
7256 6
7257 6
7258 6
7259 6
7260 6
7261 6
7262 6
7263 6
7264 6
7265 6
7266 6
7267 6
7268 6
7269 6
7270 6
7271 6
7272 6
7273 6
7274 6
7275 6
7276 6
7277 6
7278 6
7279 6
7280 6
7281 6
7282 6
7283 6
7284 6
7285 6
7286 6
7287 6
7288 6
7289 6
7290 6
7291 6
7292 6
7293 6
7294 6
7295 6
7296 6
7297 6
7298 6
7299 6
7300 6
7301 6
7302 6
7303 6
7304 6
7305 6
7306 6
7307 6
7308 6
7309 6
7310 6
7311 6
7312 6
7313 6
7314 6
7315 6
7316 6
7317 6
7318 6
7319 6
7320 6
7321 6
7322 6
7323 6
7324 6
7325 6
7326 6
7327 6
7328 6
7329 6
7330 6
7331 6
7332 6
7333 6
7334 6
7335 6
7336 6
7337 6
7338 6
7339 6
7340 6
7341 6
7342 6
7343 6
7344 6
7345 6
7346 6
7347 6
7348 6
7349 6
7350 6
7351 6
7352 6
7353 6
7354 6
7355 6
7356 6
7357 6
7358 6
7359 6
7360 6
7361 6
7362 6
7363 6
7364 6
7365 6
7366 6
7367 6
7368 6
7369 6
7370 6
7371 6
7372 6
7373 6
7374 6
7375 6
7376 6
7377 6
7378 6
7379 6
7380 6
7381 6
7382 6
7383 6
7384 6
7385 6
7386 6
7387 6
7388 6
7389 6
7390 6
7391 6
7392 6
7393 6
7394 6
7395 6
7396 6
7397 6
7398 6
7399 6
7400 6
7401 6
7402 6
7403 6
7404 6
7405 6
7406 6
7407 6
7408 6
7409 6
7410 6
7411 6
7412 6
7413 6
7414 6
7415 6
7416 6
7417 6
7418 6
7419 6
7420 6
7421 6
7422 6
7423 6
7424 6
7425 6
7426 6
7427 6
7428 6
7429 6
7430 6
7431 6
7432 6
7433 6
7434 6
7435 6
7436 6
7437 6
7438 6
7439 6
7440 6
7441 6
7442 6
7443 6
7444 6
7445 6
7446 6
7447 6
7448 6
7449 6
7450 6
7451 6
7452 6
7453 6
7454 6
7455 6
7456 6
7457 6
7458 6
7459 6
7460 6
7461 6
7462 6
7463 6
7464 6
7465 6
7466 6
7467 6
7468 6
7469 6
7470 6
7471 6
7472 6
7473 6
7474 6
7475 6
7476 6
7477 6
7478 6
7479 6
7480 6
7481 6
7482 6
7483 6
7484 6
7485 6
7486 6
7487 6
7488 6
7489 6
7490 6
7491 6
7492 6
7493 6
7494 6
7495 6
7496 6
7497 6
7498 6
7499 6
7500 6
7501 6
7502 6
7503 6
7504 6
7505 6
7506 6
7507 6
7508 6
7509 6
7510 6
7511 6
7512 6
7513 6
7514 6
7515 6
7516 6
7517 6
7518 6
7519 6
7520 6
7521 6
7522 6
7523 6
7524 6
7525 6
7526 6
7527 6
7528 6
7529 6
7530 6
7531 6
7532 6
7533 6
7534 6
7535 6
7536 6
7537 6
7538 6
7539 6
7540 6
7541 6
7542 6
7543 6
7544 6
7545 6
7546 6
7547 6
7548 6
7549 6
7550 6
7551 6
7552 6
7553 6
7554 6
7555 6
7556 6
7557 6
7558 6
7559 6
7560 6
7561 6
7562 6
7563 6
7564 6
7565 6
7566 6
7567 6
7568 6
7569 6
7570 6
7571 6
7572 6
7573 6
7574 6
7575 6
7576 6
7577 6
7578 6
7579 6
7580 6
7581 6
7582 6
7583 6
7584 6
7585 6
7586 6
7587 6
7588 6
7589 6
7590 6
7591 6
7592 6
7593 6
7594 6
7595 6
7596 6
7597 6
7598 6
7599 6
7600 6
7601 6
7602 6
7603 6
7604 6
7605 6
7606 6
7607 6
7608 6
7609 6
7610 6
7611 6
7612 6
7613 6
7614 6
7615 6
7616 6
7617 6
7618 6
7619 6
7620 6
7621 6
7622 6
7623 6
7624 6
7625 6
7626 6
7627 6
7628 6
7629 6
7630 6
7631 6
7632 6
7633 6
7634 6
7635 6
7636 6
7637 6
7638 6
7639 6
7640 6
7641 6
7642 6
7643 6
7644 6
7645 6
7646 6
7647 6
7648 6
7649 6
7650 6
7651 6
7652 6
7653 6
7654 6
7655 6
7656 6
7657 6
7658 6
7659 6
7660 6
7661 6
7662 6
7663 6
7664 6
7665 6
7666 6
7667 6
7668 6
7669 6
7670 6
7671 6
7672 6
7673 6
7674 6
7675 6
7676 6
7677 6
7678 6
7679 6
7680 6
7681 6
7682 6
7683 6
7684 6
7685 6
7686 6
7687 6
7688 6
7689 6
7690 6
7691 6
7692 6
7693 6
7694 6
7695 6
7696 6
7697 6
7698 6
7699 6
7700 6
7701 6
7702 6
7703 6
7704 6
7705 6
7706 6
7707 6
7708 6
7709 6
7710 6
7711 6
7712 6
7713 6
7714 6
7715 6
7716 6
7717 6
7718 6
7719 6
7720 6
7721 6
7722 6
7723 6
7724 -1
7725 -1
7726 -1
7727 -1
7728 -1
7729 -1
7730 -1
7731 -1
7732 -1
7733 -1
7734 -1
7735 -1
7736 -1
7737 -1
7738 -1
7739 -1
7740 -1
7741 -1
7742 -1
7743 -1
7744 -1
7745 -1
7746 -1
7747 -1
7748 -1
7749 -1
7750 -1
7751 -1
7752 -1
7753 -1
7754 -1
7755 -1
7756 -1
7757 -1
7758 -1
7759 -1
7760 -1
7761 -1
7762 -1
7763 -1
7764 -1
7765 -1
7766 -1
7767 -1
7768 -1
7769 -1
7770 -1
7771 -1
7772 -1
7773 -1
7774 -1
7775 -1
7776 -1
7777 -1
7778 -1
7779 -1
7780 -1
7781 -1
7782 -1
7783 -1
7784 -1
7785 -1
7786 -1
7787 -1
7788 -1
7789 -1
7790 -1
7791 -1
7792 -1
7793 -1
7794 -1
7795 -1
7796 -1
7797 -1
7798 -1
7799 -1
7800 -1
7801 -1
7802 -1
7803 -1
7804 -1
7805 -1
7806 -1
7807 -1
7808 -1
7809 -1
7810 -1
7811 -1
7812 -1
7813 -1
7814 -1
7815 -1
7816 -1
7817 -1
7818 -1
7819 -1
7820 -1
7821 -1
7822 -1
7823 -1
7824 -1
7825 -1
7826 -1
7827 -1
7828 -1
7829 -1
7830 -1
7831 -1
7832 -1
7833 -1
7834 -1
7835 -1
7836 -1
7837 -1
7838 -1
7839 -1
7840 -1
7841 -1
7842 -1
7843 -1
7844 -1
7845 -1
7846 -1
7847 -1
7848 -1
7849 -1
7850 -1
7851 -1
7852 -1
7853 -1
7854 -1
7855 -1
7856 -1
7857 -1
7858 -1
7859 -1
7860 -1
7861 -1
7862 -1
7863 -1
7864 -1
7865 -1
7866 -1
7867 -1
7868 -1
7869 -1
7870 -1
7871 -1
7872 -1
7873 -1
7874 -1
7875 -1
7876 -1
7877 -1
7878 -1
7879 -1
7880 -1
7881 -1
7882 -1
7883 -1
7884 -1
7885 -1
7886 -1
7887 -1
7888 -1
7889 -1
7890 -1
7891 -1
7892 -1
7893 -1
7894 -1
7895 -1
7896 -1
7897 -1
7898 -1
7899 -1
7900 -1
7901 -1
7902 -1
7903 -1
7904 -1
7905 -1
7906 -1
7907 -1
7908 -1
7909 -1
7910 -1
7911 -1
7912 -1
7913 -1
7914 -1
7915 -1
7916 -1
7917 -1
7918 -1
7919 -1
7920 -1
7921 -1
7922 -1
7923 -1
7924 -1
7925 -1
7926 -1
7927 -1
7928 -1
7929 -1
7930 -1
7931 -1
7932 -1
7933 -1
7934 -1
7935 -1
7936 -1
7937 -1
7938 -1
7939 -1
7940 -1
7941 -1
7942 -1
7943 -1
7944 -1
7945 -1
7946 -1
7947 -1
7948 -1
7949 -1
7950 -1
7951 -1
7952 -1
7953 -1
7954 -1
7955 -1
7956 -1
7957 -1
7958 -1
7959 -1
7960 -1
7961 -1
7962 -1
7963 -1
7964 -1
7965 -1
7966 -1
7967 -1
7968 -1
7969 -1
7970 -1
7971 -1
7972 -1
7973 -1
7974 -1
7975 -1
7976 -1
7977 -1
7978 -1
7979 -1
7980 -1
7981 -1
7982 -1
7983 -1
7984 -1
7985 -1
7986 -1
7987 -1
7988 -1
7989 -1
7990 -1
7991 -1
7992 -1
7993 -1
7994 -1
7995 -1
7996 -1
7997 -1
7998 -1
7999 -1
8000 -1
8001 -1
8002 -1
8003 -1
8004 -1
8005 -1
8006 -1
8007 -1
8008 -1
8009 -1
8010 -1
8011 -1
8012 -1
8013 -1
8014 -1
8015 -1
8016 -1
8017 -1
8018 -1
8019 -1
8020 -1
8021 -1
8022 -1
8023 -1
8024 -1
8025 -1
8026 -1
8027 -1
8028 -1
8029 -1
8030 -1
8031 -1
8032 -1
8033 -1
8034 -1
8035 -1
8036 -1
8037 -1
8038 -1
8039 -1
8040 -1
8041 -1
8042 -1
8043 -1
8044 -1
8045 -1
8046 -1
8047 -1
8048 -1
8049 -1
8050 -1
8051 -1
8052 -1
8053 -1
8054 -1
8055 -1
8056 -1
8057 -1
8058 -1
8059 -1
8060 -1
8061 -1
8062 -1
8063 -1
8064 -1
8065 -1
8066 -1
8067 -1
8068 -1
8069 -1
8070 -1
8071 -1
8072 -1
8073 -1
8074 -1
8075 -1
8076 -1
8077 -1
8078 -1
8079 -1
8080 -1
8081 -1
8082 -1
8083 -1
8084 -1
8085 -1
8086 -1
8087 -1
8088 -1
8089 -1
8090 -1
8091 -1
8092 -1
8093 -1
8094 -1
8095 -1
8096 -1
8097 -1
8098 -1
8099 -1
8100 -1
8101 -1
8102 -1
8103 -1
8104 -1
8105 -1
8106 -1
8107 -1
8108 -1
8109 -1
8110 -1
8111 -1
8112 -1
8113 -1
8114 -1
8115 -1
8116 -1
8117 -1
8118 -1
8119 -1
8120 -1
8121 -1
8122 -1
8123 -1
8124 -1
8125 -1
8126 -1
8127 -1
8128 -1
8129 -1
8130 -1
8131 -1
8132 -1
8133 -1
8134 -1
8135 -1
8136 -1
8137 -1
8138 -1
8139 -1
8140 -1
8141 -1
8142 -1
8143 -1
8144 -1
8145 -1
8146 -1
8147 -1
8148 -1
8149 -1
8150 -1
8151 -1
8152 -1
8153 -1
8154 -1
8155 -1
8156 -1
8157 -1
8158 -1
8159 -1
8160 -1
8161 -1
8162 -1
8163 -1
8164 -1
8165 -1
8166 -1
8167 -1
8168 -1
8169 -1
8170 -1
8171 -1
8172 -1
8173 -1
8174 -1
8175 -1
8176 -1
8177 -1
8178 -1
8179 -1
8180 -1
8181 -1
8182 -1
8183 -1
8184 -1
8185 -1
8186 -1
8187 -1
8188 -1
8189 -1
8190 -1
8191 -1
8192 -1
8193 -1
8194 -1
8195 -1
8196 -1
8197 -1
8198 -1
8199 -1
8200 -1
8201 -1
8202 -1
8203 -1
8204 -1
8205 -1
8206 -1
8207 -1
8208 -1
8209 -1
8210 -1
8211 -1
8212 -1
8213 -1
8214 -1
8215 -1
8216 -1
8217 -1
8218 -1
8219 -1
8220 -1
8221 -1
8222 -1
8223 -1
8224 -1
8225 -1
8226 -1
8227 -1
8228 -1
8229 -1
8230 -1
8231 -1
8232 -1
8233 -1
8234 -1
8235 -1
8236 -1
8237 -1
8238 -1
8239 -1
8240 -1
8241 -1
8242 -1
8243 -1
8244 -1
8245 -1
8246 -1
8247 -1
8248 -1
8249 -1
8250 -1
8251 -1
8252 -1
8253 -1
8254 -1
8255 -1
8256 -1
8257 -1
8258 -1
8259 -1
8260 -1
8261 -1
8262 -1
8263 -1
8264 -1
8265 -1
8266 -1
8267 -1
8268 -1
8269 -1
8270 -1
8271 -1
8272 -1
8273 -1
8274 -1
8275 -1
8276 -1
8277 -1
8278 -1
8279 -1
8280 -1
8281 -1
8282 -1
8283 -1
8284 -1
8285 -1
8286 -1
8287 -1
8288 -1
8289 -1
8290 -1
8291 -1
8292 -1
8293 -1
8294 -1
8295 -1
8296 -1
8297 -1
8298 -1
8299 -1
8300 -1
8301 -1
8302 -1
8303 -1
8304 -1
8305 -1
8306 -1
8307 -1
8308 -1
8309 -1
8310 -1
8311 -1
8312 -1
8313 -1
8314 -1
8315 -1
8316 -1
8317 -1
8318 -1
8319 -1
8320 -1
8321 -1
8322 -1
8323 -1
8324 -1
8325 -1
8326 -1
8327 -1
8328 -1
8329 -1
8330 -1
8331 -1
8332 -1
8333 -1
8334 -1
8335 -1
8336 -1
8337 -1
8338 -1
8339 -1
8340 -1
8341 -1
8342 -1
8343 -1
8344 -1
8345 -1
8346 -1
8347 -1
8348 -1
8349 -1
8350 -1
8351 -1
8352 -1
8353 -1
8354 -1
8355 -1
8356 -1
8357 -1
8358 -1
8359 -1
8360 -1
8361 -1
8362 -1
8363 -1
8364 -1
8365 -1
8366 -1
8367 -1
8368 -1
8369 -1
8370 -1
8371 -1
8372 -1
8373 -1
8374 -1
8375 -1
8376 -1
8377 -1
8378 -1
8379 -1
8380 -1
8381 -1
8382 -1
8383 -1
8384 -1
8385 -1
8386 -1
8387 -1
8388 -1
8389 -1
8390 -1
8391 -1
8392 -1
8393 -1
8394 -1
8395 -1
8396 -1
8397 -1
8398 -1
8399 -1
8400 -1
8401 -1
8402 -1
8403 -1
8404 -1
8405 -1
8406 -1
8407 -1
8408 -1
8409 -1
8410 -1
8411 -1
8412 -1
8413 -1
8414 -1
8415 -1
8416 -1
8417 -1
8418 -1
8419 -1
8420 -1
8421 -1
8422 -1
8423 -1
8424 -1
8425 -1
8426 -1
8427 -1
8428 -1
8429 -1
8430 -1
8431 -1
8432 -1
8433 -1
8434 -1
8435 -1
8436 -1
8437 -1
8438 -1
8439 -1
8440 -1
8441 -1
8442 -1
8443 -1
8444 -1
8445 -1
8446 -1
8447 -1
8448 -1
8449 -1
8450 -1
8451 -1
8452 -1
8453 -1
8454 -1
8455 -1
8456 -1
8457 -1
8458 -1
8459 -1
8460 -1
8461 -1
8462 -1
8463 -1
8464 -1
8465 -1
8466 -1
8467 -1
8468 -1
8469 -1
8470 -1
8471 -1
8472 -1
8473 -1
8474 -1
8475 -1
8476 -1
8477 -1
8478 -1
8479 -1
8480 -1
8481 -1
8482 -1
8483 -1
8484 -1
8485 -1
8486 -1
8487 -1
8488 -1
8489 -1
8490 -1
8491 -1
8492 -1
8493 -1
8494 -1
8495 -1
8496 -1
8497 -1
8498 -1
8499 -1
8500 -1
8501 -1
8502 -1
8503 -1
8504 -1
8505 -1
8506 -1
8507 -1
8508 -1
8509 -1
8510 -1
8511 -1
8512 -1
8513 -1
8514 -1
8515 -1
8516 -1
8517 -1
8518 -1
8519 -1
8520 -1
8521 -1
8522 -1
8523 -1
8524 -1
8525 -1
8526 -1
8527 -1
8528 -1
8529 -1
8530 -1
8531 -1
8532 -1
8533 -1
8534 -1
8535 -1
8536 -1
8537 -1
8538 -1
8539 -1
8540 -1
8541 -1
8542 -1
8543 -1
8544 -1
8545 -1
8546 -1
8547 -1
8548 -1
8549 -1
8550 -1
8551 -1
8552 -1
8553 -1
8554 -1
8555 -1
8556 -1
8557 -1
8558 -1
8559 -1
8560 -1
8561 -1
8562 -1
8563 -1
8564 -1
8565 -1
8566 -1
8567 -1
8568 -1
8569 -1
8570 -1
8571 -1
8572 -1
8573 -1
8574 -1
8575 -1
8576 -1
8577 -1
8578 -1
8579 -1
8580 -1
8581 -1
8582 -1
8583 -1
8584 -1
8585 -1
8586 -1
8587 -1
8588 -1
8589 -1
8590 -1
8591 -1
8592 -1
8593 -1
8594 -1
8595 -1
8596 -1
8597 -1
8598 -1
8599 -1
8600 -1
8601 -1
8602 -1
8603 -1
8604 -1
8605 -1
8606 -1
8607 -1
8608 -1
8609 -1
8610 -1
8611 -1
8612 -1
8613 -1
8614 -1
8615 -1
8616 -1
8617 -1
8618 -1
8619 -1
8620 -1
8621 -1
8622 -1
8623 -1
8624 -1
8625 -1
8626 -1
8627 -1
8628 -1
8629 -1
8630 -1
8631 -1
8632 -1
8633 -1
8634 -1
8635 -1
8636 -1
8637 -1
8638 -1
8639 -1
8640 -1
8641 -1
8642 -1
8643 -1
8644 -1
8645 -1
8646 -1
8647 -1
8648 -1
8649 -1
8650 -1
8651 -1
8652 -1
8653 -1
8654 -1
8655 -1
8656 -1
8657 -1
8658 -1
8659 -1
8660 -1
8661 -1
8662 -1
8663 -1
8664 -1
8665 -1
8666 -1
8667 -1
8668 -1
8669 -1
8670 -1
8671 -1
8672 -1
8673 -1
8674 -1
8675 -1
8676 -1
8677 -1
8678 -1
8679 -1
8680 -1
8681 -1
8682 -1
8683 -1
8684 -1
8685 -1
8686 -1
8687 -1
8688 -1
8689 -1
8690 -1
8691 -1
8692 -1
8693 -1
8694 -1
8695 -1
8696 -1
8697 -1
8698 -1
8699 -1
8700 -1
8701 -1
8702 -1
8703 -1
8704 -1
8705 -1
8706 -1
8707 -1
8708 -1
8709 -1
8710 -1
8711 -1
8712 -1
8713 -1
8714 -1
8715 -1
8716 -1
8717 -1
8718 -1
8719 -1
8720 -1
8721 -1
8722 -1
8723 -1
8724 -1
8725 -1
8726 -1
8727 -1
8728 -1
8729 -1
8730 -1
8731 -1
8732 -1
8733 -1
8734 -1
8735 -1
8736 -1
8737 -1
8738 -1
8739 -1
8740 -1
8741 -1
8742 -1
8743 -1
8744 -1
8745 -1
8746 -1
8747 -1
8748 -1
8749 -1
8750 -1
8751 -1
8752 -1
8753 -1
8754 -1
8755 -1
8756 -1
8757 -1
8758 -1
8759 -1
8760 -1
8761 -1
8762 -1
8763 -1
8764 -1
8765 -1
8766 -1
8767 -1
8768 -1
8769 -1
8770 -1
8771 -1
8772 -1
8773 -1
8774 -1
8775 -1
8776 -1
8777 -1
8778 -1
8779 -1
8780 -1
8781 -1
8782 -1
8783 -1
8784 -1
8785 -1
8786 -1
8787 -1
8788 -1
8789 -1
8790 -1
8791 -1
8792 -1
8793 -1
8794 -1
8795 -1
8796 -1
8797 -1
8798 -1
8799 -1
8800 -1
8801 -1
8802 -1
8803 -1
8804 -1
8805 -1
8806 -1
8807 -1
8808 -1
8809 -1
8810 -1
8811 -1
8812 -1
8813 -1
8814 -1
8815 -1
8816 -1
8817 -1
8818 -1
8819 -1
8820 -1
8821 -1
8822 -1
8823 -1
8824 -1
8825 -1
8826 -1
8827 -1
8828 -1
8829 -1
8830 -1
8831 -1
8832 -1
8833 -1
8834 -1
8835 -1
8836 -1
8837 -1
8838 -1
8839 -1
8840 -1
8841 -1
8842 -1
8843 -1
8844 -1
8845 -1
8846 -1
8847 -1
8848 -1
8849 -1
8850 -1
8851 -1
8852 -1
8853 -1
8854 -1
8855 -1
8856 -1
8857 -1
8858 -1
8859 -1
8860 -1
8861 -1
8862 -1
8863 -1
8864 -1
8865 -1
8866 -1
8867 -1
8868 -1
8869 -1
8870 -1
8871 -1
8872 -1
8873 -1
8874 -1
8875 -1
8876 -1
8877 -1
8878 -1
8879 -1
8880 -1
8881 -1
8882 -1
8883 -1
8884 -1
8885 -1
8886 -1
8887 -1
8888 -1
8889 -1
8890 -1
8891 -1
8892 -1
8893 -1
8894 -1
8895 -1
8896 -1
8897 -1
8898 -1
8899 -1
8900 -1
8901 -1
8902 -1
8903 -1
8904 -1
8905 -1
8906 -1
8907 -1
8908 -1
8909 -1
8910 -1
8911 -1
8912 -1
8913 -1
8914 -1
8915 -1
8916 -1
8917 -1
8918 -1
8919 -1
8920 -1
8921 -1
8922 -1
8923 -1
8924 -1
8925 -1
8926 -1
8927 -1
8928 -1
8929 -1
8930 -1
8931 -1
8932 -1
8933 -1
8934 -1
8935 -1
8936 -1
8937 -1
8938 -1
8939 -1
8940 -1
8941 -1
8942 -1
8943 -1
8944 -1
8945 -1
8946 -1
8947 -1
8948 -1
8949 -1
8950 -1
8951 -1
8952 -1
8953 -1
8954 -1
8955 -1
8956 -1
8957 -1
8958 -1
8959 -1
8960 -1
8961 -1
8962 -1
8963 -1
8964 -1
8965 -1
8966 -1
8967 -1
8968 -1
8969 -1
8970 -1
8971 -1
8972 -1
8973 -1
8974 -1
8975 -1
8976 -1
8977 -1
8978 -1
8979 -1
8980 -1
8981 -1
8982 -1
8983 -1
8984 -1
8985 -1
8986 -1
8987 -1
8988 -1
8989 -1
8990 -1
8991 -1
8992 -1
8993 -1
8994 -1
8995 -1
8996 -1
8997 -1
8998 -1
8999 -1
9000 -1
9001 -1
9002 -1
9003 -1
9004 -1
9005 -1
9006 -1
9007 -1
9008 -1
9009 -1
9010 -1
9011 -1
9012 -1
9013 -1
9014 -1
9015 -1
9016 -1
9017 -1
9018 -1
9019 -1
9020 -1
9021 -1
9022 -1
9023 -1
9024 -1
9025 -1
9026 -1
9027 -1
9028 -1
9029 -1
9030 -1
9031 -1
9032 -1
9033 -1
9034 -1
9035 -1
9036 -1
9037 -1
9038 -1
9039 -1
9040 -1
9041 -1
9042 -1
9043 -1
9044 -1
9045 -1
9046 -1
9047 -1
9048 -1
9049 -1
9050 -1
9051 -1
9052 -1
9053 -1
9054 -1
9055 -1
9056 -1
9057 -1
9058 -1
9059 -1
9060 -1
9061 -1
9062 -1
9063 -1
9064 -1
9065 -1
9066 -1
9067 -1
9068 -1
9069 -1
9070 -1
9071 -1
9072 -1
9073 -1
9074 -1
9075 -1
9076 -1
9077 -1
9078 -1
9079 -1
9080 -1
9081 -1
9082 -1
9083 -1
9084 -1
9085 -1
9086 -1
9087 -1
9088 -1
9089 -1
9090 -1
9091 -1
9092 -1
9093 -1
9094 -1
9095 -1
9096 -1
9097 -1
9098 -1
9099 -1
9100 -1
9101 -1
9102 -1
9103 -1
9104 -1
9105 -1
9106 -1
9107 -1
9108 -1
9109 -1
9110 -1
9111 -1
9112 -1
9113 -1
9114 -1
9115 -1
9116 -1
9117 -1
9118 -1
9119 -1
9120 -1
9121 -1
9122 -1
9123 -1
9124 -1
9125 -1
9126 -1
9127 -1
9128 -1
9129 -1
9130 -1
9131 -1
9132 -1
9133 -1
9134 -1
9135 -1
9136 -1
9137 -1
9138 -1
9139 -1
9140 -1
9141 -1
9142 -1
9143 -1
9144 -1
9145 -1
9146 -1
9147 -1
9148 -1
9149 -1
9150 -1
9151 -1
9152 -1
9153 -1
9154 -1
9155 -1
9156 -1
9157 -1
9158 -1
9159 -1
9160 -1
9161 -1
9162 -1
9163 -1
9164 -1
9165 -1
9166 -1
9167 -1
9168 -1
9169 -1
9170 -1
9171 -1
9172 -1
9173 -1
9174 -1
9175 -1
9176 -1
9177 -1
9178 -1
9179 -1
9180 -1
9181 -1
9182 -1
9183 -1
9184 -1
9185 -1
9186 -1
9187 -1
9188 -1
9189 -1
9190 -1
9191 -1
9192 -1
9193 -1
9194 -1
9195 -1
9196 -1
9197 -1
9198 -1
9199 -1
9200 -1
9201 -1
9202 -1
9203 -1
9204 -1
