0 0
1 0
2 0
3 0
4 0
5 0
6 0
7 0
8 0
9 0
10 0
11 0
12 0
13 0
14 0
15 0
16 0
17 0
18 0
19 0
20 0
21 0
22 0
23 0
24 0
25 0
26 0
27 0
28 0
29 0
30 0
31 0
32 0
33 0
34 0
35 0
36 0
37 0
38 0
39 0
40 0
41 0
42 0
43 0
44 0
45 0
46 0
47 0
48 0
49 0
50 0
51 0
52 0
53 0
54 0
55 0
56 0
57 0
58 0
59 0
60 0
61 0
62 0
63 0
64 0
65 0
66 0
67 0
68 0
69 0
70 0
71 0
72 0
73 0
74 0
75 0
76 0
77 0
78 0
79 0
80 0
81 0
82 0
83 0
84 0
85 0
86 0
87 0
88 0
89 0
90 0
91 0
92 0
93 0
94 0
95 0
96 0
97 0
98 0
99 0
100 0
101 0
102 0
103 0
104 0
105 0
106 0
107 0
108 0
109 0
110 0
111 0
112 0
113 0
114 0
115 0
116 0
117 0
118 0
119 0
120 0
121 0
122 0
123 0
124 0
125 0
126 0
127 0
128 0
129 0
130 0
131 0
132 0
133 0
134 0
135 0
136 0
137 0
138 0
139 0
140 0
141 0
142 0
143 0
144 0
145 0
146 0
147 0
148 0
149 0
150 0
151 0
152 0
153 0
154 0
155 0
156 0
157 0
158 0
159 0
160 0
161 0
162 0
163 0
164 0
165 0
166 0
167 0
168 0
169 0
170 0
171 0
172 0
173 0
174 0
175 0
176 0
177 0
178 0
179 0
180 0
181 0
182 0
183 0
184 0
185 0
186 0
187 0
188 0
189 0
190 1
191 2
192 3
193 4
194 5
195 6
196 7
197 8
198 9
199 10
200 11
201 12
202 13
203 14
204 14
205 15
206 16
207 17
208 18
209 19
210 20
211 21
212 22
213 23
214 23
215 24
216 25
217 26
218 27
219 28
220 29
221 30
222 31
223 32
224 33
225 34
226 35
227 36
228 37
229 38
230 39
231 40
232 41
233 42
234 43
235 44
236 45
237 46
238 47
239 48
240 49
241 50
242 51
243 52
244 53
245 53
246 54
247 55
248 56
249 57
250 58
251 59
252 60
253 61
254 62
255 63
256 64
257 64
258 65
259 66
260 67
261 68
262 69
263 70
264 71
265 72
266 73
267 74
268 75
269 76
270 76
271 77
272 78
273 79
274 80
275 81
276 82
277 83
278 84
279 85
280 86
281 87
282 88
283 89
284 90
285 91
286 92
287 93
288 94
289 94
290 95
291 96
292 97
293 97
294 98
295 99
296 100
297 101
298 102
299 103
300 104
301 105
302 106
303 106
304 107
305 108
306 109
307 110
308 111
309 112
310 113
311 114
312 115
313 116
314 117
315 118
316 119
317 120
318 121
319 122
320 123
321 124
322 125
323 126
324 127
325 128
326 129
327 130
328 131
329 132
330 132
331 133
332 134
333 135
334 136
335 137
336 138
337 139
338 140
339 141
340 142
341 143
342 144
343 145
344 146
345 147
346 148
347 149
348 150
349 151
350 152
351 153
352 154
353 155
354 156
355 156
356 157
357 158
358 159
359 160
360 161
361 161
362 162
363 163
364 164
365 165
366 166
367 167
368 168
369 169
370 170
371 171
372 172
373 173
374 174
375 175
376 176
377 177
378 178
379 179
380 180
381 181
382 182
383 183
384 184
385 185
386 186
387 187
388 188
389 189
390 190
391 190
392 191
393 192
394 193
395 194
396 195
397 196
398 197
399 198
400 199
401 200
402 201
403 202
404 203
405 204
406 205
407 206
408 207
409 208
410 209
411 210
412 211
413 212
414 213
415 214
416 215
417 216
418 217
419 218
420 219
421 220
422 221
423 222
424 222
425 223
426 224
427 225
428 226
429 227
430 228
431 228
432 229
433 230
434 231
435 232
436 233
437 233
438 234
439 234
440 235
441 236
442 237
443 238
444 239
445 240
446 241
447 242
448 243
449 244
450 245
451 246
452 247
453 248
454 248
455 249
456 250
457 251
458 252
459 253
460 254
461 255
462 256
463 257
464 258
465 259
466 260
467 261
468 262
469 263
470 264
471 265
472 266
473 267
474 268
475 269
476 270
477 271
478 272
479 273
480 274
481 275
482 276
483 277
484 278
485 279
486 280
487 281
488 282
489 283
490 284
491 285
492 286
493 287
494 288
495 289
496 290
497 291
498 292
499 293
500 294
501 295
502 296
503 297
504 298
505 299
506 300
507 301
508 302
509 303
510 304
511 305
512 306
513 307
514 308
515 309
516 310
517 311
518 312
519 313
520 314
521 314
522 315
523 316
524 317
525 318
526 319
527 320
528 321
529 322
530 323
531 324
532 325
533 326
534 327
535 328
536 329
537 330
538 331
539 332
540 333
541 334
542 335
543 336
544 337
545 338
546 339
547 340
548 341
549 342
550 343
551 344
552 345
553 346
554 347
555 348
556 349
557 350
558 351
559 352
560 353
561 354
562 355
563 356
564 357
565 358
566 359
567 360
568 361
569 362
570 363
571 364
572 365
573 365
574 366
575 367
576 368
577 369
578 370
579 370
580 371
581 372
582 373
583 374
584 375
585 376
586 377
587 378
588 379
589 380
590 381
591 382
592 383
593 384
594 385
595 386
596 387
597 388
598 389
599 390
600 391
601 392
602 393
603 394
604 395
605 396
606 397
607 398
608 399
609 400
610 400
611 401
612 402
613 402
614 403
615 404
616 405
617 406
618 407
619 408
620 409
621 410
622 411
623 412
624 413
625 414
626 415
627 416
628 417
629 418
630 419
631 420
632 421
633 422
634 423
635 424
636 425
637 426
638 427
639 428
640 429
641 430
642 431
643 432
644 433
645 434
646 435
647 436
648 437
649 438
650 439
651 440
652 441
653 441
654 442
655 443
656 444
657 444
658 445
659 446
660 447
661 448
662 449
663 450
664 451
665 452
666 453
667 454
668 455
669 456
670 457
671 458
672 459
673 460
674 461
675 462
676 463
677 464
678 465
679 466
680 467
681 468
682 469
683 470
684 471
685 472
686 473
687 474
688 475
689 476
690 477
691 478
692 479
693 480
694 481
695 482
696 483
697 484
698 485
699 486
700 487
701 488
702 489
703 490
704 491
705 492
706 493
707 494
708 495
709 496
710 497
711 498
712 499
713 500
714 501
715 502
716 503
717 504
718 505
719 506
720 507
721 508
722 509
723 510
724 511
725 512
726 513
727 514
728 515
729 516
730 517
731 518
732 519
733 520
734 521
735 522
736 523
737 524
738 525
739 526
740 527
741 528
742 529
743 530
744 531
745 532
746 533
747 534
748 535
749 536
750 537
751 538
752 539
753 540
754 541
755 542
756 543
757 544
758 545
759 546
760 547
761 548
762 549
763 550
764 551
765 552
766 553
767 554
768 555
769 556
770 557
771 558
772 559
773 560
774 561
775 562
776 563
777 564
778 565
779 566
780 567
781 568
782 569
783 569
784 570
785 571
786 572
787 573
788 574
789 575
790 576
791 577
792 578
793 579
794 580
795 581
796 582
797 583
798 584
799 585
800 586
801 587
802 588
803 589
804 590
805 591
806 592
807 593
808 594
809 595
810 596
811 597
812 598
813 599
814 600
815 601
816 602
817 603
818 604
819 605
820 606
821 607
822 608
823 609
824 610
825 611
826 612
827 613
828 614
829 615
830 616
831 617
832 618
833 619
834 620
835 621
836 622
837 623
838 624
839 625
840 626
841 627
842 628
843 629
844 630
845 631
846 632
847 633
848 634
849 635
850 636
851 637
852 638
853 639
854 640
855 641
856 642
857 643
858 644
859 645
860 646
861 647
862 648
863 649
864 650
865 651
866 652
867 653
868 654
869 655
870 656
871 657
872 657
873 658
874 659
875 660
876 661
877 662
878 663
879 664
880 665
881 666
882 667
883 668
884 669
885 670
886 671
887 672
888 673
889 674
890 675
891 676
892 677
893 678
894 679
895 680
896 681
897 682
898 683
899 684
900 685
901 686
902 687
903 688
904 689
905 690
906 691
907 692
908 693
909 694
910 695
911 696
912 697
913 698
914 699
915 700
916 701
917 702
918 703
919 704
920 705
921 706
922 707
923 708
924 709
925 710
926 711
927 712
928 713
929 714
930 715
931 716
932 717
933 718
934 719
935 720
936 721
937 722
938 723
939 724
940 725
941 726
942 727
943 728
944 729
945 730
946 731
947 732
948 733
949 734
950 735
951 736
952 737
953 738
954 739
955 740
956 740
957 741
958 742
959 743
960 744
961 745
962 746
963 747
964 748
965 749
966 750
967 751
968 752
969 752
970 753
971 754
972 755
973 756
974 757
975 758
976 759
977 760
978 761
979 762
980 763
981 764
982 765
983 766
984 767
985 768
986 769
987 770
988 771
989 772
990 773
991 773
992 774
993 775
994 776
995 777
996 778
997 779
998 780
999 781
1000 782
1001 783
1002 784
1003 785
1004 786
1005 787
1006 788
1007 789
1008 790
1009 791
1010 792
1011 793
1012 794
1013 795
1014 796
1015 797
1016 798
1017 799
1018 800
1019 801
1020 802
1021 803
1022 804
1023 805
1024 806
1025 807
1026 808
1027 809
1028 810
1029 811
1030 812
1031 813
1032 814
1033 815
1034 816
1035 817
1036 818
1037 819
1038 820
1039 821
1040 822
1041 823
1042 824
1043 825
1044 826
1045 827
1046 828
1047 829
1048 830
1049 831
1050 832
1051 833
1052 834
1053 835
1054 836
1055 837
1056 838
1057 839
1058 840
1059 840
1060 841
1061 842
1062 843
1063 844
1064 845
1065 846
1066 847
1067 848
1068 849
1069 850
1070 851
1071 852
1072 853
1073 854
1074 855
1075 856
1076 856
1077 857
1078 858
1079 859
1080 860
1081 861
1082 862
1083 863
1084 864
1085 864
1086 865
1087 866
1088 867
1089 868
1090 869
1091 870
1092 871
1093 872
1094 873
1095 874
1096 875
1097 876
1098 877
1099 878
1100 879
1101 880
1102 881
1103 882
1104 883
1105 884
1106 885
1107 886
1108 887
1109 888
1110 889
1111 890
1112 891
1113 892
1114 893
1115 894
1116 895
1117 896
1118 897
1119 898
1120 899
1121 900
1122 901
1123 902
1124 903
1125 904
1126 905
1127 906
1128 907
1129 908
1130 909
1131 910
1132 911
1133 912
1134 913
1135 914
1136 915
1137 916
1138 917
1139 918
1140 919
1141 920
1142 921
1143 922
1144 923
1145 924
1146 925
1147 926
1148 927
1149 928
1150 929
1151 930
1152 931
1153 932
1154 933
1155 934
1156 935
1157 936
1158 937
1159 938
1160 939
1161 940
1162 941
1163 942
1164 943
1165 944
1166 945
1167 946
1168 947
1169 948
1170 948
1171 949
1172 950
1173 951
1174 952
1175 953
1176 954
1177 955
1178 956
1179 957
1180 958
1181 959
1182 960
1183 961
1184 962
1185 963
1186 964
1187 965
1188 966
1189 967
1190 968
1191 969
1192 970
1193 971
1194 972
1195 973
1196 974
1197 975
1198 976
1199 977
1200 978
1201 979
1202 980
1203 981
1204 982
1205 983
1206 984
1207 985
1208 986
1209 987
1210 988
1211 989
1212 990
1213 991
1214 992
1215 993
1216 994
1217 995
1218 996
1219 997
1220 998
1221 999
1222 1000
1223 1001
1224 1002
1225 1003
1226 1004
1227 1005
1228 1006
1229 1007
1230 1008
1231 1009
1232 1010
1233 1011
1234 1012
1235 1013
1236 1014
1237 1015
1238 1016
1239 1017
1240 1018
1241 1019
1242 1020
1243 1021
1244 1022
1245 1023
1246 1024
1247 1025
1248 1026
1249 1027
1250 1028
1251 1029
1252 1030
1253 1031
1254 1032
1255 1033
1256 1034
1257 1035
1258 1036
1259 1037
1260 1038
1261 1039
1262 1040
1263 1041
1264 1042
1265 1043
1266 1044
1267 1045
1268 1046
1269 1047
1270 1048
1271 1048
1272 1049
1273 1050
1274 1051
1275 1052
1276 1053
1277 1054
1278 1055
1279 1056
1280 1057
1281 1058
1282 1059
1283 1060
1284 1061
1285 1062
1286 1063
1287 1064
1288 1065
1289 1066
1290 1067
1291 1068
1292 1069
1293 1070
1294 1071
1295 1072
1296 1073
1297 1074
1298 1075
1299 1076
1300 1077
1301 1078
1302 1079
1303 1080
1304 1081
1305 1082
1306 1083
1307 1084
1308 1085
1309 1086
1310 1087
1311 1088
1312 1089
1313 1090
1314 1091
1315 1091
1316 1092
1317 1093
1318 1094
1319 1095
1320 1096
1321 1097
1322 1098
1323 1098
1324 1099
1325 1100
1326 1101
1327 1102
1328 1103
1329 1104
1330 1105
1331 1106
1332 1107
1333 1108
1334 1109
1335 1110
1336 1111
1337 1112
1338 1113
1339 1114
1340 1115
1341 1116
1342 1117
1343 1118
1344 1119
1345 1120
1346 1121
1347 1122
1348 1123
1349 1124
1350 1125
1351 1126
1352 1127
1353 1128
1354 1129
1355 1130
1356 1131
1357 1132
1358 1133
1359 1134
1360 1135
1361 1136
1362 1137
1363 1138
1364 1139
1365 1140
1366 1141
1367 1142
1368 1143
1369 1144
1370 1145
1371 1146
1372 1147
1373 1148
1374 1149
1375 1150
1376 1151
1377 1152
1378 1153
1379 1154
1380 1155
1381 1156
1382 1157
1383 1158
1384 1159
1385 1160
1386 1161
1387 1162
1388 1163
1389 1164
1390 1165
1391 1166
1392 1167
1393 1168
1394 1169
1395 1170
1396 1171
1397 1172
1398 1173
1399 1174
1400 1175
1401 1176
1402 1177
1403 1178
1404 1179
1405 1180
1406 1181
1407 1182
1408 1183
1409 1184
1410 1185
1411 1186
1412 1187
1413 1188
1414 1189
1415 1190
1416 1191
1417 1192
1418 1193
1419 1194
1420 1195
1421 1196
1422 1197
1423 1198
1424 1199
1425 1200
1426 1201
1427 1202
1428 1203
1429 1204
1430 1205
1431 1206
1432 1207
1433 1208
1434 1209
1435 1210
1436 1211
1437 1212
1438 1213
1439 1214
1440 1215
1441 1216
1442 1216
1443 1217
1444 1218
1445 1219
1446 1220
1447 1221
1448 1222
1449 1223
1450 1224
1451 1225
1452 1226
1453 1227
1454 1228
1455 1229
1456 1230
1457 1231
1458 1232
1459 1233
1460 1234
1461 1235
1462 1236
1463 1237
1464 1238
1465 1239
1466 1240
1467 1241
1468 1242
1469 1243
1470 1244
1471 1245
1472 1246
1473 1247
1474 1248
1475 1249
1476 1250
1477 1251
1478 1252
1479 1253
1480 1254
1481 1255
1482 1256
1483 1257
1484 1258
1485 1259
1486 1260
1487 1261
1488 1262
1489 1263
1490 1264
1491 1265
1492 1266
1493 1267
1494 1268
1495 1269
1496 1270
1497 1271
1498 1272
1499 1273
1500 1273
1501 1274
1502 1275
1503 1276
1504 1277
1505 1278
1506 1279
1507 1280
1508 1281
1509 1282
1510 1283
1511 1284
1512 1285
1513 1286
1514 1287
1515 1288
1516 1289
1517 1290
1518 1291
1519 1292
1520 1293
1521 1294
1522 1295
1523 1296
1524 1297
1525 1298
1526 1299
1527 1300
1528 1301
1529 1302
1530 1303
1531 1304
1532 1305
1533 1306
1534 1307
1535 1308
1536 1309
1537 1310
1538 1311
1539 1312
1540 1313
1541 1314
1542 1315
1543 1316
1544 1317
1545 1318
1546 1319
1547 1320
1548 1321
1549 1322
1550 1322
1551 1323
1552 1324
1553 1325
1554 1325
1555 1326
1556 1327
1557 1328
1558 1329
1559 1330
1560 1331
1561 1332
1562 1332
1563 1333
1564 1334
1565 1335
1566 1336
1567 1337
1568 1338
1569 1339
1570 1340
1571 1341
1572 1342
1573 1343
1574 1344
1575 1345
1576 1346
1577 1347
1578 1348
1579 1349
1580 1350
1581 1351
1582 1352
1583 1353
1584 1354
1585 1355
1586 1356
1587 1357
1588 1358
1589 1359
1590 1360
1591 1361
1592 1362
1593 1363
1594 1364
1595 1365
1596 1366
1597 1367
1598 1368
1599 1369
1600 1370
1601 1371
1602 1372
1603 1373
1604 1374
1605 1375
1606 1376
1607 1377
1608 1378
1609 1378
1610 1379
1611 1380
1612 1381
1613 1382
1614 1383
1615 1384
1616 1385
1617 1386
1618 1387
1619 1388
1620 1389
1621 1390
1622 1391
1623 1392
1624 1393
1625 1394
1626 1395
1627 1396
1628 1397
1629 1398
1630 1399
1631 1400
1632 1401
1633 1402
1634 1403
1635 1404
1636 1405
1637 1406
1638 1407
1639 1408
1640 1409
1641 1410
1642 1411
1643 1412
1644 1413
1645 1414
1646 1415
1647 1416
1648 1417
1649 1418
1650 1419
1651 1420
1652 1421
1653 1422
1654 1423
1655 1424
1656 1425
1657 1426
1658 1427
1659 1428
1660 1429
1661 1430
1662 1431
1663 1432
1664 1433
1665 1434
1666 1435
1667 1435
1668 1436
1669 1437
1670 1438
1671 1439
1672 1440
1673 1441
1674 1442
1675 1443
1676 1444
1677 1445
1678 1446
1679 1447
1680 1448
1681 1449
1682 1450
1683 1451
1684 1452
1685 1453
1686 1454
1687 1455
1688 1456
1689 1457
1690 1458
1691 1459
1692 1460
1693 1461
1694 1462
1695 1463
1696 1464
1697 1465
1698 1466
1699 1467
1700 1468
1701 1469
1702 1470
1703 1471
1704 1472
1705 1473
1706 1474
1707 1475
1708 1476
1709 1477
1710 1478
1711 1478
1712 1479
1713 1480
1714 1481
1715 1482
1716 1483
1717 1484
1718 1485
1719 1486
1720 1487
1721 1488
1722 1489
1723 1490
1724 1491
1725 1492
1726 1493
1727 1494
1728 1495
1729 1496
1730 1497
1731 1498
1732 1499
1733 1500
1734 1501
1735 1502
1736 1503
1737 1504
1738 1505
1739 1506
1740 1507
1741 1508
1742 1509
1743 1510
1744 1511
1745 1512
1746 1513
1747 1514
1748 1515
1749 1516
1750 1517
1751 1518
1752 1519
1753 1520
1754 1521
1755 1522
1756 1523
1757 1524
1758 1525
1759 1526
1760 1527
1761 1528
1762 1529
1763 1530
1764 1531
1765 1532
1766 1533
1767 1534
1768 1535
1769 1536
1770 1537
1771 1538
1772 1539
1773 1540
1774 1541
1775 1542
1776 1543
1777 1544
1778 1545
1779 1546
1780 1547
1781 1548
1782 1549
1783 1550
1784 1551
1785 1552
1786 1553
1787 1554
1788 1555
1789 1556
1790 1557
1791 1558
1792 1559
1793 1560
1794 1561
1795 1562
1796 1563
1797 1563
1798 1564
1799 1565
1800 1566
1801 1567
1802 1568
1803 1569
1804 1570
1805 1571
1806 1572
1807 1573
1808 1574
1809 1575
1810 1576
1811 1577
1812 1578
1813 1579
1814 1580
1815 1581
1816 1582
1817 1583
1818 1584
1819 1585
1820 1586
1821 1587
1822 1588
1823 1589
1824 1590
1825 1591
1826 1592
1827 1593
1828 1594
1829 1595
1830 1596
1831 1597
1832 1598
1833 1599
1834 1600
1835 1601
1836 1602
1837 1603
1838 1604
1839 1605
1840 1606
1841 1607
1842 1608
1843 1609
1844 1610
1845 1611
1846 1612
1847 1613
1848 1614
1849 1615
1850 1616
1851 1617
1852 1618
1853 1619
1854 1620
1855 1621
1856 1622
1857 1623
1858 1624
1859 1625
1860 1626
1861 1627
1862 1628
1863 1629
1864 1630
1865 1631
1866 1632
1867 1633
1868 1634
1869 1635
1870 1636
1871 1637
1872 1638
1873 1639
1874 1640
1875 1641
1876 1642
1877 1643
1878 1644
1879 1645
1880 1646
1881 1647
1882 1648
1883 1649
1884 1650
1885 1651
1886 1652
1887 1653
1888 1654
1889 1655
1890 1656
1891 1657
1892 1658
