0 0
0 1
0 2
0 3
0 4
0 5
0 6
0 7
0 8
0 9
0 10
0 11
0 12
0 13
0 14
0 15
0 16
0 17
0 18
0 19
0 20
0 21
0 25
0 38
0 58
1 1
1 2
1 3
1 4
1 5
1 6
1 7
1 8
1 9
1 10
1 11
1 12
1 13
1 14
1 15
1 16
1 17
1 18
1 19
1 36
1 47
1 57
1 74
1 83
1 99
2 2
2 3
2 4
2 5
2 6
2 7
2 8
2 9
2 10
2 11
2 12
2 13
2 14
2 15
2 16
2 17
2 18
2 19
2 33
2 64
3 3
3 4
3 5
3 6
3 7
3 8
3 9
3 10
3 11
3 12
3 13
3 14
3 15
3 16
3 17
3 18
3 19
3 25
3 31
3 50
3 55
3 59
3 64
4 4
4 5
4 6
4 7
4 8
4 9
4 10
4 11
4 12
4 13
4 14
4 15
4 16
4 17
4 18
4 19
4 21
4 24
4 27
4 48
4 74
4 80
4 97
5 5
5 6
5 7
5 8
5 9
5 10
5 11
5 12
5 13
5 14
5 15
5 16
5 17
5 18
5 19
5 33
5 44
5 47
5 80
6 6
6 7
6 8
6 9
6 10
6 11
6 12
6 13
6 14
6 15
6 16
6 17
6 18
6 19
6 68
6 71
6 80
7 7
7 8
7 9
7 10
7 11
7 12
7 13
7 14
7 15
7 16
7 17
7 18
7 19
7 33
7 64
7 76
7 83
8 8
8 9
8 10
8 11
8 12
8 13
8 14
8 15
8 16
8 17
8 18
8 19
8 20
8 28
8 39
8 54
8 95
8 96
9 9
9 10
9 11
9 12
9 13
9 14
9 15
9 16
9 17
9 18
9 19
9 25
9 38
9 50
9 96
9 97
9 99
10 10
10 11
10 12
10 13
10 14
10 15
10 16
10 17
10 18
10 19
10 46
11 11
11 12
11 13
11 14
11 15
11 16
11 17
11 18
11 19
11 47
12 12
12 13
12 14
12 15
12 16
12 17
12 18
12 19
12 55
13 13
13 14
13 15
13 16
13 17
13 18
13 19
13 26
13 51
13 55
13 57
13 64
13 83
13 99
14 14
14 15
14 16
14 17
14 18
14 19
14 97
15 15
15 16
15 17
15 18
15 19
15 28
15 74
15 99
16 16
16 17
16 18
16 19
16 21
16 24
16 46
16 47
16 54
16 68
16 95
17 17
17 18
17 19
17 20
17 35
17 44
17 99
18 18
18 19
18 25
18 28
18 30
18 51
19 19
19 46
19 83
19 95
20 20
20 21
20 26
21 21
22 22
22 39
23 23
24 24
25 25
25 44
26 26
26 78
27 27
27 30
28 28
29 29
30 30
31 31
31 42
32 32
32 55
32 80
33 33
34 34
34 43
35 35
36 36
36 55
37 37
38 38
39 39
40 40
41 41
42 42
43 43
44 44
44 46
45 45
46 46
46 70
47 47
47 64
47 68
48 48
48 99
49 49
49 91
50 50
51 51
52 52
53 53
54 54
55 55
55 58
56 56
57 57
58 58
59 59
60 60
61 61
62 62
63 63
64 64
64 72
65 65
66 66
67 67
68 68
69 69
70 70
71 71
72 72
73 73
73 84
74 74
75 75
76 76
77 77
78 78
79 79
80 80
81 81
82 82
83 83
84 84
85 85
86 86
87 87
88 88
89 89
90 90
90 96
91 91
92 92
93 93
94 94
95 95
96 96
97 97
98 98
99 99
