0 0
0 1
0 2
0 3
0 4
0 5
0 6
0 7
0 8
0 9
0 10
0 11
0 12
0 13
0 14
0 15
0 16
0 17
0 18
0 19
0 22
0 23
0 24
0 25
0 29
0 33
0 37
0 38
0 39
0 42
0 44
0 46
0 49
0 51
0 52
0 53
0 55
0 56
0 57
0 58
0 59
0 61
0 64
0 69
0 70
0 72
0 79
0 82
0 84
0 87
0 88
0 89
0 91
0 92
0 93
0 95
0 96
0 97
0 98
1 1
1 2
1 3
1 4
1 5
1 6
1 7
1 8
1 9
1 10
1 11
1 12
1 13
1 14
1 15
1 16
1 17
1 18
1 19
1 20
1 21
1 22
1 23
1 25
1 26
1 28
1 29
1 30
1 31
1 33
1 34
1 35
1 36
1 37
1 38
1 41
1 45
1 46
1 48
1 49
1 50
1 51
1 53
1 54
1 55
1 56
1 57
1 60
1 61
1 63
1 64
1 68
1 69
1 70
1 71
1 72
1 74
1 75
1 76
1 77
1 80
1 81
1 82
1 84
1 85
1 86
1 88
1 93
1 96
1 97
2 2
2 3
2 4
2 5
2 6
2 7
2 8
2 9
2 10
2 11
2 12
2 13
2 14
2 15
2 16
2 17
2 18
2 19
2 21
2 22
2 23
2 25
2 26
2 27
2 29
2 30
2 32
2 36
2 38
2 40
2 42
2 43
2 44
2 45
2 47
2 50
2 51
2 57
2 58
2 59
2 60
2 61
2 65
2 66
2 67
2 68
2 69
2 71
2 75
2 76
2 78
2 80
2 82
2 83
2 85
2 87
2 88
2 89
2 92
2 99
3 3
3 4
3 5
3 6
3 7
3 8
3 9
3 10
3 11
3 12
3 13
3 14
3 15
3 16
3 17
3 18
3 19
3 23
3 24
3 25
3 26
3 27
3 35
3 41
3 49
3 50
3 54
3 57
3 58
3 62
3 69
3 71
3 72
3 76
3 77
3 79
3 82
3 84
3 89
3 91
3 97
3 98
4 4
4 5
4 6
4 7
4 8
4 9
4 10
4 11
4 12
4 13
4 14
4 15
4 16
4 17
4 18
4 19
4 20
4 21
4 22
4 23
4 24
4 25
4 27
4 28
4 29
4 30
4 31
4 34
4 35
4 38
4 39
4 41
4 42
4 47
4 48
4 49
4 50
4 51
4 54
4 56
4 57
4 58
4 61
4 63
4 67
4 68
4 69
4 71
4 72
4 74
4 75
4 76
4 77
4 78
4 79
4 80
4 81
4 82
4 84
4 85
4 86
4 88
4 89
4 90
4 91
4 94
4 97
4 98
5 5
5 6
5 7
5 8
5 9
5 10
5 11
5 12
5 13
5 14
5 15
5 16
5 17
5 18
5 19
5 23
5 24
5 25
5 27
5 30
5 31
5 32
5 33
5 35
5 38
5 39
5 42
5 43
5 44
5 45
5 46
5 48
5 56
5 58
5 61
5 65
5 69
5 71
5 75
5 79
5 82
5 84
5 89
5 91
5 95
5 97
5 98
6 6
6 7
6 8
6 9
6 10
6 11
6 12
6 13
6 14
6 15
6 16
6 17
6 18
6 19
6 20
6 22
6 23
6 24
6 25
6 26
6 27
6 29
6 33
6 34
6 36
6 39
6 41
6 42
6 44
6 46
6 47
6 49
6 50
6 53
6 58
6 59
6 61
6 62
6 64
6 66
6 67
6 68
6 71
6 72
6 77
6 78
6 79
6 80
6 81
6 83
6 84
6 85
6 87
6 88
6 90
6 92
6 93
6 95
6 96
6 97
6 98
7 7
7 8
7 9
7 10
7 11
7 12
7 13
7 14
7 15
7 16
7 17
7 18
7 19
7 21
7 23
7 24
7 26
7 30
7 34
7 35
7 36
7 38
7 39
7 40
7 42
7 44
7 49
7 50
7 51
7 52
7 54
7 56
7 57
7 59
7 60
7 61
7 62
7 65
7 69
7 72
7 73
7 75
7 77
7 78
7 81
7 82
7 83
7 84
7 87
7 88
7 91
7 92
7 95
8 8
8 9
8 10
8 11
8 12
8 13
8 14
8 15
8 16
8 17
8 18
8 19
8 20
8 22
8 24
8 26
8 30
8 32
8 33
8 34
8 35
8 36
8 38
8 39
8 41
8 42
8 43
8 44
8 45
8 46
8 49
8 50
8 51
8 54
8 56
8 57
8 58
8 59
8 60
8 61
8 62
8 66
8 68
8 69
8 72
8 74
8 77
8 79
8 80
8 81
8 82
8 84
8 85
8 86
8 87
8 90
8 91
8 95
8 98
9 9
9 10
9 11
9 12
9 13
9 14
9 15
9 16
9 17
9 18
9 19
9 20
9 21
9 23
9 24
9 25
9 26
9 27
9 29
9 33
9 35
9 36
9 37
9 38
9 42
9 45
9 47
9 50
9 51
9 54
9 55
9 56
9 57
9 58
9 65
9 66
9 67
9 71
9 72
9 74
9 75
9 76
9 78
9 79
9 82
9 83
9 88
9 91
9 93
9 94
9 97
9 98
9 99
10 10
10 11
10 12
10 13
10 14
10 15
10 16
10 17
10 18
10 19
10 20
10 21
10 22
10 25
10 26
10 27
10 28
10 29
10 30
10 31
10 32
10 34
10 35
10 36
10 39
10 40
10 41
10 43
10 47
10 48
10 49
10 52
10 53
10 56
10 57
10 58
10 61
10 64
10 65
10 68
10 69
10 71
10 73
10 75
10 78
10 81
10 84
10 85
10 87
10 88
10 91
10 93
10 95
11 11
11 12
11 13
11 14
11 15
11 16
11 17
11 18
11 19
11 21
11 22
11 25
11 30
11 32
11 35
11 38
11 39
11 40
11 41
11 43
11 44
11 45
11 49
11 50
11 52
11 53
11 56
11 58
11 60
11 65
11 71
11 72
11 74
11 75
11 76
11 82
11 85
12 12
12 13
12 14
12 15
12 16
12 17
12 18
12 19
12 20
12 21
12 24
12 27
12 34
12 38
12 41
12 42
12 51
12 56
12 58
12 59
12 61
12 65
12 66
12 71
12 73
12 75
12 79
12 82
12 84
12 87
12 88
12 90
12 91
12 92
12 93
12 97
12 98
13 13
13 14
13 15
13 16
13 17
13 18
13 19
13 20
13 21
13 22
13 23
13 24
13 27
13 28
13 39
13 44
13 45
13 46
13 49
13 50
13 51
13 53
13 54
13 57
13 64
13 65
13 68
13 69
13 71
13 75
13 79
13 80
13 82
13 84
13 85
13 90
13 91
13 96
13 98
14 14
14 15
14 16
14 17
14 18
14 19
14 20
14 21
14 23
14 25
14 26
14 27
14 28
14 29
14 30
14 31
14 33
14 37
14 38
14 39
14 41
14 44
14 45
14 51
14 55
14 57
14 60
14 61
14 62
14 69
14 75
14 76
14 82
14 87
14 89
14 90
14 95
15 15
15 16
15 17
15 18
15 19
15 21
15 26
15 29
15 30
15 32
15 34
15 35
15 38
15 39
15 41
15 42
15 43
15 45
15 47
15 49
15 50
15 51
15 54
15 56
15 57
15 58
15 59
15 60
15 62
15 67
15 71
15 72
15 74
15 77
15 78
15 81
15 82
15 83
15 84
15 86
15 92
15 94
16 16
16 17
16 18
16 19
16 20
16 21
16 22
16 25
16 26
16 27
16 28
16 29
16 30
16 31
16 32
16 33
16 35
16 36
16 37
16 40
16 42
16 43
16 44
16 46
16 50
16 52
16 53
16 54
16 55
16 61
16 62
16 63
16 64
16 68
16 69
16 70
16 71
16 75
16 82
16 84
16 85
16 88
16 89
16 93
16 95
16 96
17 17
17 18
17 19
17 20
17 21
17 22
17 24
17 25
17 26
17 27
17 28
17 29
17 31
17 36
17 38
17 39
17 41
17 42
17 43
17 44
17 45
17 47
17 48
17 49
17 51
17 56
17 57
17 58
17 59
17 63
17 65
17 66
17 67
17 68
17 71
17 72
17 73
17 77
17 80
17 81
17 82
17 89
17 91
17 92
17 94
18 18
18 19
18 20
18 21
18 22
18 24
18 25
18 28
18 29
18 31
18 32
18 35
18 38
18 39
18 40
18 41
18 42
18 43
18 44
18 47
18 49
18 51
18 52
18 53
18 57
18 58
18 61
18 63
18 65
18 66
18 67
18 68
18 69
18 71
18 72
18 73
18 75
18 76
18 77
18 78
18 80
18 81
18 83
18 84
18 85
18 87
18 89
18 90
18 91
18 94
18 95
18 97
19 19
19 20
19 23
19 25
19 26
19 27
19 29
19 30
19 34
19 36
19 38
19 39
19 42
19 44
19 45
19 49
19 50
19 51
19 56
19 57
19 59
19 60
19 61
19 62
19 65
19 69
19 71
19 72
19 74
19 77
19 81
19 82
19 84
19 86
19 87
19 88
19 90
19 95
20 20
20 21
20 24
20 39
20 42
20 45
20 46
20 49
20 50
20 54
20 58
20 59
20 69
20 71
20 72
20 73
20 75
20 77
20 79
20 81
20 91
20 92
20 96
20 98
21 21
21 22
21 23
21 24
21 25
21 27
21 28
21 29
21 31
21 33
21 35
21 37
21 38
21 39
21 42
21 44
21 46
21 47
21 48
21 49
21 50
21 53
21 55
21 58
21 59
21 61
21 64
21 66
21 67
21 68
21 69
21 72
21 76
21 78
21 79
21 80
21 82
21 84
21 85
21 87
21 88
21 90
21 91
21 92
21 93
21 94
21 95
21 96
22 22
22 25
22 26
22 29
22 33
22 34
22 36
22 37
22 42
22 46
22 47
22 55
22 58
22 59
22 62
22 65
22 67
22 70
22 73
22 75
22 76
22 79
22 82
22 86
22 89
22 92
22 94
22 99
23 23
23 25
23 26
23 27
23 28
23 29
23 30
23 31
23 32
23 33
23 34
23 35
23 36
23 38
23 39
23 40
23 41
23 46
23 47
23 48
23 49
23 57
23 58
23 63
23 65
23 73
23 76
23 78
23 83
23 84
23 89
23 99
24 24
24 26
24 28
24 30
24 31
24 38
24 44
24 46
24 51
24 53
24 57
24 58
24 61
24 62
24 63
24 64
24 66
24 69
24 75
24 76
24 88
24 93
24 95
24 96
25 25
25 26
25 34
25 35
25 36
25 39
25 42
25 49
25 51
25 52
25 53
25 59
25 61
25 62
25 64
25 65
25 68
25 72
25 77
25 82
25 84
25 85
25 86
25 87
25 96
26 26
26 27
26 29
26 33
26 35
26 37
26 38
26 39
26 42
26 44
26 45
26 46
26 47
26 49
26 51
26 53
26 59
26 62
26 65
26 67
26 72
26 73
26 78
26 79
26 82
26 84
26 91
26 92
26 97
26 98
27 27
27 36
27 39
27 41
27 45
27 50
27 51
27 69
27 72
27 75
27 77
27 81
27 82
27 93
28 28
28 45
28 49
28 56
28 57
28 58
28 68
28 74
28 75
28 77
28 79
28 80
28 81
28 82
28 86
28 91
28 97
28 98
28 99
29 29
29 34
29 35
29 39
29 45
29 49
29 50
29 54
29 62
29 72
29 77
29 80
29 81
29 82
29 84
29 85
29 97
29 99
30 30
30 32
30 40
30 41
30 43
30 44
30 45
30 49
30 50
30 52
30 54
30 57
30 72
30 77
30 79
30 81
30 84
30 91
30 98
31 31
31 34
31 39
31 42
31 49
31 50
31 54
31 57
31 59
31 61
31 72
31 75
31 77
31 79
31 88
31 91
31 93
31 95
31 98
32 32
32 41
32 42
32 44
32 45
32 50
32 54
32 57
32 59
32 60
32 65
32 71
32 73
32 82
32 99
33 33
33 34
33 36
33 39
33 40
33 44
33 45
33 46
33 47
33 49
33 50
33 52
33 57
33 62
33 65
33 67
33 68
33 71
33 72
33 73
33 77
33 78
33 80
33 83
33 85
33 94
33 99
34 34
34 37
34 41
34 42
34 44
34 46
34 48
34 51
34 53
34 55
34 65
34 69
34 73
34 76
34 82
34 83
34 89
34 97
34 99
35 35
35 36
35 39
35 42
35 44
35 45
35 47
35 50
35 51
35 54
35 59
35 61
35 71
35 75
35 76
35 78
35 82
35 88
35 92
35 95
35 97
36 36
36 37
36 39
36 41
36 46
36 49
36 60
36 65
36 70
36 71
36 73
36 82
36 85
36 99
37 37
37 39
37 45
37 53
37 62
37 68
37 72
37 75
37 80
37 85
37 89
37 98
38 38
38 39
38 41
38 44
38 72
38 75
38 77
38 79
38 84
38 99
39 39
39 46
39 48
39 50
39 56
39 57
39 58
39 62
39 65
39 70
39 71
39 72
39 76
39 77
39 81
39 90
39 97
39 99
40 40
40 41
40 42
40 49
40 50
40 51
40 59
40 60
40 91
40 92
41 41
41 42
41 43
41 50
41 52
41 54
41 56
41 59
41 60
41 61
41 65
41 69
41 74
41 75
41 82
41 86
41 87
41 88
41 92
41 93
41 95
41 97
41 99
42 42
42 43
42 45
42 48
42 49
42 52
42 53
42 57
42 62
42 64
42 65
42 69
42 71
42 73
42 76
42 82
42 84
42 85
42 89
42 90
42 97
42 99
43 43
43 44
43 45
43 49
43 50
43 54
43 57
43 59
43 84
43 97
44 44
44 46
44 49
44 53
44 56
44 57
44 58
44 60
44 65
44 71
44 73
44 74
44 75
44 79
44 80
44 90
44 91
45 45
45 46
45 51
45 55
45 57
45 58
45 60
45 62
45 63
45 66
45 71
45 72
45 77
45 81
45 97
46 46
46 53
46 57
46 58
46 62
46 64
46 65
46 68
46 71
46 73
46 75
46 79
46 80
46 90
46 91
46 98
46 99
47 47
47 62
47 65
47 68
47 73
47 80
47 82
47 84
47 99
48 48
48 50
48 57
48 59
48 65
48 75
48 82
48 92
48 99
49 49
49 50
49 52
49 54
49 59
49 60
49 61
49 62
49 63
49 65
49 66
49 71
49 73
49 75
49 76
49 82
49 87
49 89
49 90
49 92
49 95
50 50
50 51
50 52
50 54
50 58
50 60
50 61
50 66
50 71
50 75
50 84
50 87
50 95
50 97
51 51
51 52
51 54
51 58
51 71
51 72
51 77
51 81
51 89
51 91
51 97
51 98
52 52
52 54
52 59
52 60
52 89
53 53
53 55
53 59
53 62
53 65
53 73
53 75
53 79
53 89
53 91
53 99
54 54
54 60
54 61
54 66
54 88
54 90
54 93
54 95
54 96
54 97
55 55
55 64
55 68
55 72
55 75
55 80
55 95
56 56
56 58
56 61
56 63
56 71
56 82
56 88
56 93
56 94
56 97
57 57
57 58
57 59
57 60
57 63
57 71
57 72
57 77
57 79
57 81
57 82
57 91
57 97
58 58
58 65
58 66
58 67
58 68
58 69
58 71
58 72
58 73
58 74
58 75
58 79
58 80
58 82
58 85
58 90
58 91
58 94
58 99
59 59
59 65
59 66
59 68
59 69
59 73
59 76
59 84
59 85
59 89
59 90
59 98
59 99
60 60
60 71
60 72
60 84
60 97
61 61
61 63
61 69
61 71
61 72
61 74
61 75
61 76
61 77
61 79
61 82
61 84
61 86
61 91
61 98
62 62
62 65
62 67
62 68
62 71
62 73
62 79
62 80
62 85
62 89
62 91
62 94
62 97
62 98
62 99
63 63
63 74
63 87
63 88
63 93
63 98
64 64
64 75
64 76
64 79
64 83
64 89
64 91
64 98
65 65
65 67
65 68
65 69
65 76
65 80
65 82
65 84
65 85
65 89
66 66
66 71
66 75
66 91
67 67
67 73
67 84
67 85
67 97
68 68
68 70
68 73
68 75
68 76
68 78
68 82
68 89
68 92
69 69
69 71
69 73
69 75
69 79
69 83
69 84
69 88
69 90
69 91
69 92
69 93
69 95
69 98
70 70
70 85
71 71
71 74
71 75
71 82
71 87
71 88
71 90
71 93
71 95
72 72
72 75
72 76
72 87
72 88
72 89
72 95
72 97
73 73
73 85
73 92
74 74
74 87
74 88
74 91
74 93
74 97
75 75
75 82
75 84
75 85
75 87
75 88
75 90
75 91
75 93
75 95
75 96
75 98
76 76
76 77
76 79
76 80
76 85
76 87
76 88
76 92
76 93
76 95
76 96
76 99
77 77
77 87
77 88
77 90
77 95
77 97
78 78
78 80
78 82
78 84
79 79
79 85
79 87
79 88
79 90
79 93
79 99
80 80
80 84
80 92
80 97
80 99
81 81
81 82
81 97
82 82
82 83
82 85
82 87
82 88
82 93
82 95
83 83
83 84
83 96
83 97
84 84
84 88
84 92
84 93
84 94
84 97
84 99
85 85
85 89
85 91
85 94
85 99
86 86
86 87
86 88
86 89
86 95
86 97
86 99
87 87
87 89
88 88
88 98
89 89
89 96
89 99
90 90
91 91
91 95
91 96
92 92
92 97
93 93
93 98
94 94
94 97
95 95
95 98
96 96
97 97
98 98
99 99
