0 2043
1 3648
1 3377
1 1666
1 2613
1 598
1 216
1 425
1 1391
2 1671
2 3853
2 1077
2 261
3 3315
3 1150
3 1158
3 1495
3 2750
3 3343
4 3146
5 1351
6 598
7 494
8 1259
8 3475
8 500
8 3503
8 1351
10 1176
10 1798
11 1351
12 688
13 1518
14 1351
15 3404
16 3377
16 859
17 3377
18 3191
19 930
20 1466
20 3667
21 967
21 1910
21 735
22 3863
22 2465
22 625
22 3477
22 2321
22 2330
22 235
23 995
24 544
24 3348
24 3045
24 3079
24 506
24 3869
25 3041
26 2041
27 1251
27 2807
28 2944
28 2753
28 1409
28 874
28 3835
28 2442
29 441
30 562
31 1351
32 1846
33 882
33 3703
34 859
35 2509
36 1840
36 458
37 979
37 500
38 1666
38 2607
39 688
39 1499
39 1351
40 1922
41 3549
42 425
42 1666
42 3146
43 2118
44 3863
45 1553
45 1522
45 3124
45 3703
45 858
45 795
45 746
46 1351
47 3736
47 2441
47 490
47 540
48 3736
48 2267
49 344
49 688
49 2117
50 3648
50 3377
50 1666
50 2613
50 598
50 2887
50 216
50 425
50 1391
51 1620
51 1908
52 2688
52 2907
52 1419
52 3525
52 199
52 616
52 379
52 3594
52 3303
52 3244
52 1261
52 2285
52 264
52 931
52 2773
52 1691
52 298
52 3806
52 351
53 1594
53 2491
55 3327
56 2317
57 3648
57 3715
57 2887
58 2581
59 1048
59 1150
59 2071
60 2064
60 1603
60 452
60 904
60 3100
60 1405
60 3247
61 874
62 216
62 3377
62 3221
62 2094
63 1612
63 598
64 2465
64 3170
64 1798
64 262
64 1351
64 3853
64 3280
64 977
64 2354
64 85
64 279
64 2749
64 929
65 216
66 3880
67 1351
68 1351
69 1736
70 216
70 1666
71 313
71 1533
72 426
72 899
72 1787
73 2065
73 770
73 2035
73 1798
73 3510
73 1529
73 2475
73 2654
73 2645
74 1424
74 1379
74 3315
74 895
75 1351
76 1750
77 3728
77 499
77 1438
77 967
78 3174
79 1351
80 882
80 2581
80 550
80 1351
80 2971
80 2989
80 2094
81 216
81 859
81 1846
82 2623
83 499
83 3404
83 3853
84 216
84 3377
84 859
84 1846
85 449
85 1475
85 1227
85 674
85 1743
85 2960
85 1363
85 1301
85 664
85 2841
85 987
85 413
85 1250
85 3177
85 427
85 1070
85 1779
85 1268
85 2485
85 3510
85 575
85 1596
85 1557
86 1516
86 3549
86 2213
87 859
88 1409
88 3275
88 1575
89 1351
90 1351
91 313
91 1052
92 2233
92 457
92 2442
92 1879
92 809
92 1102
92 1839
92 564
92 2869
92 311
92 1880
92 2041
93 716
94 3853
94 1351
95 3494
95 1119
96 2159
97 1351
98 2934
98 3165
98 1550
98 3143
99 688
99 449
100 3775
101 1351
102 688
103 950
104 688
104 2117
105 1351
106 862
107 2442
108 2678
109 196
110 986
111 449
111 3836
112 3549
112 318
113 459
114 1351
115 2033
116 620
116 3165
116 2213
117 343
118 1723
119 872
119 294
119 1351
120 2094
121 564
121 2035
121 3372
121 2071
122 598
122 1846
123 1990
124 1720
125 3262
126 2959
127 318
127 2707
127 2094
127 1899
127 3147
127 2670
128 2260
129 3539
130 216
130 3377
130 598
131 3272
131 2104
131 882
131 565
131 2793
131 3640
131 1132
131 3419
131 3148
132 1351
133 3110
134 698
135 1351
136 688
137 2242
137 3701
138 2219
139 2291
140 1584
140 512
140 2219
140 2013
141 2962
142 500
143 1351
144 2465
145 2207
146 3146
147 2219
147 1575
148 2035
149 1148
150 216
150 3377
150 2309
150 2623
151 1436
151 1924
151 1630
151 911
152 3853
152 2535
153 1533
154 3648
155 1424
155 2066
155 428
156 2219
157 3531
158 1489
158 3212
159 3208
160 2097
160 523
160 3853
160 2771
161 427
161 3126
162 1489
162 862
163 265
163 239
163 2607
164 3648
164 3377
164 1666
164 1251
164 2613
164 1846
164 1351
164 216
164 1031
164 598
164 1474
165 3129
165 795
166 1416
166 690
166 3701
166 3262
167 887
167 1788
167 2134
167 1351
168 1351
169 1819
170 3377
170 1666
170 1251
170 2613
170 598
170 1351
170 216
170 425
170 3754
170 859
170 1391
171 1351
172 2152
173 824
174 2465
174 2654
174 3879
175 3736
176 1518
177 512
178 482
179 257
179 3732
179 2197
179 327
179 264
179 315
179 2541
179 1261
180 2465
181 1437
182 1466
183 795
184 1351
185 1678
186 1176
187 2822
187 3082
187 3213
187 786
187 404
187 535
187 1178
187 1695
187 3872
187 675
187 3751
187 3241
187 1248
187 434
187 3507
187 1847
187 1592
187 825
187 2874
187 3103
187 906
187 2113
187 3524
187 3018
187 288
187 336
187 3412
187 1621
187 3801
187 2011
187 3578
187 1758
187 1376
187 2145
187 485
187 2662
187 2151
187 2920
187 3689
187 3218
187 2931
187 2302
187 1300
187 506
187 1022
188 1351
189 625
190 2904
190 1849
190 371
190 966
190 2094
191 2281
191 3701
192 601
192 2836
192 2788
192 3023
193 3280
193 3281
193 2698
193 594
194 2790
194 2991
195 1906
195 3413
195 3640
195 3754
195 1916
195 1549
195 1022
195 1349
196 2923
196 1491
196 428
197 1351
198 3660
200 2447
201 1441
201 1351
202 1351
203 3863
204 1603
205 859
205 371
205 598
206 856
206 265
207 1466
208 1351
209 1563
209 2446
210 952
211 825
212 2654
212 1351
213 344
213 3377
213 1666
213 688
213 2117
214 2771
215 2146
216 3843
216 3589
216 2822
216 513
216 3372
216 2314
216 2177
216 2572
216 1666
216 3854
216 3855
216 273
216 790
216 2071
216 1816
216 1049
216 1484
216 1612
216 289
216 3363
216 2080
216 817
216 1577
216 1579
216 1297
216 2098
216 2094
216 2607
216 3377
216 1589
216 1335
216 2380
216 2826
216 1605
216 3398
216 2730
216 1164
216 586
216 2615
216 1356
216 1506
216 336
216 850
216 1363
216 2062
216 1366
216 1367
216 2394
216 859
216 800
216 3677
216 862
216 3681
216 354
216 2049
216 3687
216 3432
216 2668
216 879
216 1904
216 882
216 2931
216 2530
216 3857
216 3201
216 1056
216 905
216 2443
216 3724
216 3133
216 714
216 1168
216 3217
216 1170
216 2963
216 3223
216 3012
216 1391
216 2462
216 2501
216 1497
216 675
216 2214
216 3497
216 1453
216 2736
216 1202
216 2485
216 2230
216 2146
216 2234
216 1468
216 2634
216 279
216 1729
216 3403
216 3780
216 3186
216 454
216 1479
216 3528
216 876
216 1738
216 1483
216 2508
216 717
216 1742
216 2513
216 466
216 3539
216 3030
216 3800
216 3801
216 2268
216 598
216 3039
216 1872
216 226
216 483
216 741
216 2385
216 3049
216 3281
216 491
216 239
216 497
216 754
216 1235
216 1012
216 3326
216 425
216 2296
216 3322
216 1020
216 1021
216 2558
216 767
217 1059
218 664
218 1099
218 2094
218 3071
219 2174
220 1351
221 598
222 2167
223 3879
224 999
225 3377
226 3648
226 3377
226 1846
226 598
226 859
227 344
228 1351
229 1351
230 3835
230 3315
231 2522
231 264
231 852
231 1351
231 1656
231 969
231 1658
231 1418
231 797
232 3404
233 1828
233 2157
233 671
234 2599
236 2290
237 3377
237 499
238 2398
239 1666
239 1221
239 425
239 2836
239 1858
239 1391
239 1750
239 3377
239 482
239 1251
239 276
239 2613
239 598
239 3129
239 1145
239 634
239 859
239 1373
240 459
241 1819
242 3315
243 1632
243 671
243 3605
243 1351
244 1001
244 3124
244 3022
245 1351
246 2796
247 2771
247 2213
247 3798
247 3775
247 1883
247 1167
247 2045
247 558
247 1647
248 3477
249 1666
250 744
251 2441
251 3203
252 1351
253 3520
253 795
253 3853
253 3621
253 1351
253 2159
253 363
253 3212
253 3549
253 2255
254 3757
255 928
255 340
255 2550
255 1351
255 702
255 1519
256 425
256 598
257 769
257 2164
257 2219
257 2798
257 1588
257 2129
257 1620
257 3445
257 1176
257 3124
257 1582
257 2197
258 2778
258 3564
259 1351
260 1466
260 902
261 3816
261 3107
261 1146
261 3640
261 986
261 2995
262 793
263 2465
264 962
264 3275
264 3013
264 447
264 3723
264 3650
264 2509
264 977
264 1620
264 2197
264 3863
264 600
264 2831
264 866
264 2465
264 482
264 1958
264 2025
264 2282
264 2283
264 3149
264 2287
264 1489
264 3445
264 2100
264 1176
264 3515
264 1148
264 1150
264 1717
265 851
265 3146
266 1351
267 3377
268 3339
268 3605
268 2742
268 857
268 1385
268 878
268 407
268 2076
268 3085
268 1870
268 3850
269 2213
270 2465
270 3853
270 2167
271 2145
272 344
273 598
274 1020
274 3124
274 278
274 1351
275 1351
276 2607
277 3736
277 1158
278 2560
278 1139
278 333
278 599
278 1881
278 3386
278 3535
278 3484
278 650
278 2893
279 3648
279 1666
279 3140
279 1846
279 3143
279 1526
279 859
279 972
279 1169
279 438
279 598
279 407
279 1391
279 3231
279 2977
279 1251
279 3377
279 425
279 1351
279 2861
279 1327
279 2417
279 2354
279 2613
279 758
279 3640
279 377
279 3260
280 2409
280 2574
281 1799
282 544
282 500
282 3182
282 2918
282 3831
282 3640
282 697
282 2487
282 2430
282 3149
282 3822
283 598
284 2465
285 980
285 1933
286 1444
287 1819
288 825
288 950
288 2887
289 3648
289 859
289 1846
290 3299
290 2294
291 1971
292 1424
293 3853
293 1886
294 2240
294 3106
294 1351
294 2441
294 2887
294 3212
294 2893
294 1678
294 2509
294 3377
294 2290
294 598
294 3631
294 3581
295 625
295 786
295 1292
295 2386
296 1351
297 3488
297 1721
297 1158
297 1334
299 600
299 2441
300 344
300 2953
300 3054
301 3779
302 2578
303 859
304 2055
305 3749
306 2362
306 1675
306 1228
307 500
308 3289
308 1798
308 942
308 3174
309 2817
309 2746
309 3853
310 3736
310 2989
311 404
311 1589
311 1142
311 1431
311 3594
311 2381
311 1325
312 1866
313 3058
314 3357
314 1975
314 1754
314 1594
314 2219
314 2778
314 2637
315 1176
316 2009
317 2303
318 2242
318 3203
318 713
318 2442
318 3340
318 3853
318 562
318 3545
318 1851
318 3357
319 3648
319 1666
320 2816
320 2167
321 1394
321 2740
322 1351
323 3174
324 1797
324 2599
324 3816
324 1130
324 3853
324 3535
324 1488
324 2472
324 3060
324 2746
324 795
324 1873
325 950
326 2816
326 3775
327 1908
327 1798
327 1158
327 2968
327 942
328 1351
329 1351
330 882
331 1351
332 3377
332 1666
332 1251
332 2613
332 598
332 425
332 859
333 2560
333 650
333 599
333 3855
334 950
334 1351
335 1176
335 3129
335 2164
336 449
336 1846
336 534
336 428
337 3523
338 2613
339 417
339 1172
339 3399
340 859
340 1195
340 2200
340 618
340 2411
341 950
342 2523
343 3640
343 2237
344 1537
344 2431
344 2663
344 1285
344 2950
344 1671
344 2440
344 2185
344 2314
344 1297
344 3474
344 2836
344 3862
344 1945
344 3738
344 2607
344 1109
344 1826
344 1317
344 1830
344 2215
344 3786
344 3045
344 1707
344 687
344 1416
344 2866
344 1331
344 3633
344 3510
344 3513
344 1203
344 970
344 3140
344 3553
344 586
344 3534
344 3847
344 3153
344 3288
344 3549
344 1759
344 2273
344 1702
344 2023
344 2154
344 3431
344 1773
344 3750
344 2548
344 3189
344 3832
344 377
344 656
344 763
344 2940
344 3070
344 3327
345 3775
346 688
346 3764
346 1907
346 3332
346 2117
347 2746
347 1798
347 598
348 1176
348 2009
349 942
350 1409
350 3835
351 2962
351 3060
351 3701
351 1575
351 1348
351 2772
351 2429
352 2202
352 2618
353 512
353 923
353 3845
354 1666
354 3171
354 1412
354 1349
354 2380
354 3283
354 3733
354 662
354 859
354 1826
354 1251
354 1896
354 554
354 3117
354 1391
354 2931
354 1078
354 2999
354 2623
354 3002
354 379
354 1150
354 2837
355 3377
356 2895
356 2863
357 3648
358 3640
358 1819
358 3775
359 3067
360 1390
361 3515
361 2487
361 942
361 1158
361 413
362 2119
362 1351
363 609
363 2226
363 1285
363 3640
363 1550
363 733
364 3853
365 1351
366 1701
367 2219
367 3060
368 2760
369 3853
369 1349
370 425
371 1798
371 859
371 598
371 885
371 2459
371 3278
371 3781
372 1819
373 2274
373 3404
373 3182
374 725
375 882
375 1130
375 2167
375 1528
375 874
375 1484
375 3853
376 1351
377 2205
377 3298
377 566
377 2281
377 1516
377 3853
377 942
377 3549
377 3728
377 499
377 2964
377 3182
377 534
377 3736
377 1081
377 986
377 1583
377 1434
377 3262
378 1351
379 664
379 1678
380 2498
381 3795
382 3362
382 2094
382 839
383 550
383 1423
384 1351
385 3841
386 1351
387 3377
387 1846
388 3617
388 1826
388 2435
388 438
388 3590
388 3404
388 2570
388 1932
388 1954
388 1870
388 2993
388 3651
388 534
388 2167
388 2073
388 732
388 3549
388 3646
389 3631
389 1351
390 3212
391 1466
391 2107
391 1738
391 742
391 1759
392 664
392 1379
393 1827
393 676
394 2446
395 3809
396 771
397 3277
398 1351
399 3549
400 438
401 3377
401 598
402 1342
402 3837
402 3246
403 3781
404 3648
404 2432
404 1731
404 3332
404 2441
404 716
404 3853
404 1678
404 2769
404 3203
404 2201
404 1052
404 862
404 3554
404 1445
404 3816
404 2026
404 2860
404 2029
404 3377
404 508
405 2487
406 3295
407 3393
407 1798
407 3212
407 3217
407 2964
407 534
407 2647
407 3404
407 1434
407 795
407 2012
407 3549
407 2213
407 1504
407 2465
407 3045
407 1130
407 3182
407 499
407 3065
407 2746
407 3071
408 1489
408 1620
408 3445
408 3190
408 1176
408 2509
408 1951
409 3404
409 3182
410 419
410 1351
411 3800
411 499
412 1528
413 2883
413 677
413 2094
413 716
413 2510
413 3763
413 3657
413 664
413 3436
413 2142
413 693
414 3477
415 2816
416 1351
418 2465
418 3404
418 2201
419 2433
419 2500
419 1958
419 2219
419 3853
419 3182
419 660
419 534
419 3863
419 2617
419 762
420 626
420 1495
420 2281
420 459
420 3564
420 1583
421 2465
421 882
421 625
421 3640
421 3146
421 795
421 1292
421 1466
422 2033
422 3650
422 1575
423 3217
423 2931
423 2787
424 1437
424 1127
425 3843
425 3589
425 3591
425 2572
425 1806
425 3245
425 1042
425 2068
425 1582
425 2071
425 1816
425 3101
425 2335
425 3760
425 3106
425 2340
425 551
425 470
425 2094
425 2607
425 817
425 1842
425 1589
425 1335
425 3640
425 1596
425 2365
425 2613
425 3855
425 1605
425 3398
425 2887
425 585
425 586
425 2615
425 589
425 594
425 782
425 598
425 1380
425 859
425 605
425 862
425 1121
425 3428
425 2151
425 3432
425 1391
425 466
425 882
425 3422
425 3377
425 3861
425 2177
425 1666
425 1671
425 3217
425 3218
425 2451
425 2196
425 3780
425 2117
425 2977
425 2469
425 2214
425 3497
425 1453
425 2736
425 2225
425 3507
425 3253
425 2234
425 3103
425 850
425 1988
425 3186
425 1990
425 3528
425 2763
425 1741
425 3281
425 3794
425 3030
425 2008
425 3801
425 475
425 2268
425 1503
425 993
425 483
425 741
425 2538
425 491
425 1005
425 750
425 497
425 754
425 1012
425 3241
425 3321
425 3581
425 3326
425 767
427 550
427 1421
428 2720
428 515
428 3510
428 1158
428 1351
428 2700
428 590
428 2255
428 1495
428 795
428 1436
428 2654
428 544
428 1634
428 3044
428 3109
428 2022
428 2087
428 3816
428 2028
428 3182
428 3759
428 3535
428 887
428 568
428 3385
428 2043
428 3453
429 1351
430 3445
431 3377
432 3427
433 562
433 3106
434 1351
434 594
434 2887
434 2202
434 2618
435 2613
436 2311
436 3718
436 1351
437 550
438 673
438 2274
438 1925
438 1351
438 2442
438 1612
438 2798
438 2321
438 1906
438 499
438 984
438 1180
438 2897
438 3775
439 2152
439 2442
440 2442
442 598
442 1846
443 2309
444 2459
445 1292
446 2368
446 3587
447 2848
447 1176
447 3433
447 2858
447 1562
447 2509
448 1666
449 2816
449 2301
449 2883
449 3588
449 3845
449 2129
449 1351
449 459
449 2831
449 3217
449 3523
449 942
449 3291
449 3674
449 795
449 1436
449 3421
449 1144
449 544
449 3041
449 550
449 2471
449 1963
449 2744
449 2926
449 2672
449 1906
449 3315
449 1908
449 1941
449 569
449 2175
449 572
449 3453
449 3838
450 527
451 900
453 2498
455 2929
455 967
455 3624
455 3642
455 767
455 3054
455 1455
456 716
456 2476
456 3439
458 1511
459 480
459 1795
459 3478
459 518
459 3404
459 2002
459 2094
459 3506
459 2228
459 3638
459 1714
460 3664
461 1351
462 2213
463 3648
463 2465
463 1846
463 2167
463 3212
463 3853
464 2290
465 482
465 1620
466 3648
466 3377
466 1666
466 499
466 2613
466 1846
466 859
466 598
466 1391
467 3164
467 1550
467 887
468 1266
469 3523
471 1403
472 3693
473 1403
474 1798
475 3640
475 3549
475 2167
476 3395
477 548
478 795
479 499
479 3404
479 534
480 2465
480 2746
480 3586
480 3217
481 3599
482 2241
482 610
482 3427
482 2699
482 1733
482 1351
482 3528
482 2571
482 879
482 1527
482 2607
482 1111
483 3648
483 3377
483 1666
483 1251
483 598
483 1846
483 859
483 1391
483 2613
484 1378
485 1666
486 1351
487 2793
487 1148
487 2969
488 3280
488 3609
488 3853
488 1351
489 1351
490 795
490 3701
490 2102
491 3648
491 3377
491 1666
491 859
491 598
491 3174
491 1391
491 2613
492 2771
493 1125
494 1130
495 2321
495 3129
496 3400
497 3377
497 1666
497 859
497 2613
497 598
497 1391
497 1426
497 2655
498 2052
499 1024
499 3584
499 3074
499 1029
499 2298
499 2055
499 3212
499 898
499 1038
499 530
499 1765
499 2964
499 1304
499 1689
499 1818
499 3231
499 1497
499 2000
499 2215
499 3002
499 1583
499 2354
499 2996
499 1333
499 2104
499 3513
499 2265
499 3260
499 1085
499 2110
499 3007
499 2625
499 1090
499 3652
499 2886
499 1097
499 586
499 972
499 1358
499 1231
499 3408
499 3128
499 910
499 2903
499 1508
499 3706
499 2271
499 2016
499 2657
499 612
499 1253
499 2279
499 2108
499 3818
499 2669
499 2542
499 3213
499 3064
499 2165
499 3832
499 3194
499 1788
499 1258
499 901
499 2815
500 2816
500 2949
500 3041
500 887
500 524
500 3853
500 3535
500 504
500 2964
500 1367
500 2055
500 2255
500 1797
500 1056
500 2465
500 2961
500 1641
500 3050
500 2219
500 1775
500 3124
500 3255
500 1421
500 1908
500 3838
501 2102
502 1495
503 829
503 1975
504 3404
504 3060
504 2084
505 544
505 2636
505 2192
505 2772
506 1552
506 1509
507 528
507 2583
508 3640
508 899
508 3254
508 723
509 2337
509 3482
509 3853
509 3357
509 3289
510 2304
510 3853
511 1351
512 1284
512 1351
512 3849
512 1611
512 652
512 2637
512 2383
512 739
512 2197
512 3863
512 665
512 667
512 669
512 3614
512 3423
512 1075
512 3811
512 868
512 550
512 3445
512 3580
512 2282
512 1687
512 1582
512 2607
512 3187
512 1716
512 1717
512 2359
512 1951
512 1148
512 1781
513 3377
513 2887
514 2447
515 3624
515 2037
515 3495
516 2503
516 1863
517 1351
518 3879
518 3542
518 2311
518 2282
518 698
518 2509
518 3614
518 3853
519 3770
520 688
521 3377
522 1785
524 3192
524 2825
524 856
525 1822
526 2931
526 795
526 1876
527 2452
527 2162
528 664
529 3141
531 2774
531 3377
531 1666
531 3475
531 1846
531 598
531 3021
531 859
531 565
531 2613
532 3853
533 2152
534 3584
534 901
534 1160
534 1292
534 1038
534 3215
534 786
534 3652
534 1818
534 2977
534 1698
534 2000
534 2981
534 2215
534 2219
534 2094
534 2104
534 1211
534 3260
534 3651
534 3140
534 2886
534 3212
534 3146
534 761
534 2108
534 2386
534 2903
534 1497
534 2447
534 2017
534 612
534 1765
534 2599
534 1899
534 748
534 2271
534 1135
534 625
534 2037
534 3704
534 2811
534 1022
536 3014
537 1941
538 832
538 3648
538 1474
538 1248
538 3524
538 1621
538 2920
538 3801
538 2874
538 2011
538 1666
539 3298
539 2459
539 3146
540 3520
540 1046
540 2967
540 3640
540 698
540 2491
541 1466
542 3443
543 3267
544 3140
544 2629
544 3475
544 2319
544 1424
544 3640
544 3212
544 1619
544 3510
544 2647
544 2426
544 3102
544 3071
545 1305
546 1535
547 755
549 3808
549 859
549 1541
550 2219
550 1735
550 1993
550 3082
550 1035
550 3552
550 3704
550 2898
550 821
550 854
550 3863
550 3095
550 3162
550 1307
550 1906
550 3742
550 735
550 3871
550 1872
550 3106
550 3171
550 3366
550 1318
550 1511
550 1054
550 2221
550 1198
550 1263
550 3506
550 819
550 3703
550 1976
550 3705
550 818
551 2102
551 1351
552 1391
553 2580
555 3515
555 2436
556 723
557 2618
557 2887
557 1351
558 3061
558 3126
559 1489
559 979
559 1156
559 1159
559 3656
559 3642
559 1518
560 2025
561 3212
561 2591
562 2782
562 2355
562 3510
562 2491
562 1381
563 3377
564 2311
564 2758
564 839
565 866
565 2437
565 1158
565 1399
565 681
565 2459
565 1497
565 2393
566 1775
566 3556
566 3381
566 1025
567 1355
567 2115
567 1844
567 3106
568 3822
569 2744
569 3845
569 2471
569 3640
569 3674
569 3783
569 2301
570 1846
570 2094
571 3377
571 859
571 1965
571 2510
572 2512
572 956
572 3612
573 1906
574 3856
574 1969
574 3732
574 2964
574 2026
574 1981
574 1343
576 1466
576 2749
577 2309
578 3648
578 750
579 1390
580 688
581 3542
582 1981
583 1351
583 2088
583 1642
583 1675
583 1327
583 1105
583 1618
583 1620
583 1430
583 3732
583 1596
583 2047
584 1251
584 3822
584 3182
585 2607
586 859
586 1666
586 598
586 1990
586 1351
586 3786
586 2509
586 3862
586 3606
586 985
586 2202
586 1391
586 1251
586 2214
586 2607
586 3377
586 3698
586 632
586 2431
587 2340
588 1391
589 2202
589 2887
591 2275
591 764
591 1515
592 3515
593 2971
594 2113
594 3397
594 1862
594 2441
594 1621
594 3030
594 3801
594 2011
594 3549
594 1758
594 1376
594 2977
594 675
594 1798
594 3174
594 3578
594 2993
594 2337
594 686
594 1949
594 3633
594 3507
594 2104
594 2874
595 2459
596 1351
597 2152
598 3589
598 1033
598 2572
598 2062
598 2071
598 3101
598 1056
598 2593
598 1757
598 1575
598 3625
598 1297
598 2094
598 2607
598 1077
598 2615
598 2104
598 2107
598 1596
598 3133
598 2622
598 3136
598 1092
598 2117
598 1612
598 1614
598 3151
598 1621
598 1503
598 2151
598 1121
598 2407
598 1124
598 3687
598 1643
598 3698
598 2902
598 3857
598 2685
598 3198
598 640
598 1153
598 3862
598 1671
598 650
598 2613
598 2702
598 2703
598 3217
598 3218
598 3012
598 2202
598 1391
598 1183
598 672
598 675
598 2214
598 3186
598 2736
598 3761
598 1202
598 2931
598 2234
598 3781
598 1739
598 1235
598 3801
598 2268
598 1247
598 737
598 1251
598 741
598 753
598 3320
598 3322
598 3326
598 3327
598 3843
598 2822
598 3335
598 3372
598 2177
598 1293
598 1294
598 3855
598 2836
598 790
598 1816
598 2845
598 798
598 3363
598 3377
598 1832
598 3884
598 2781
598 817
598 1846
598 1335
598 2874
598 3039
598 830
598 1589
598 832
598 2443
598 3398
598 1351
598 795
598 2385
598 850
598 1366
598 2394
598 859
598 2396
598 862
598 1376
598 2919
598 1384
598 1170
598 879
598 1904
598 882
598 1666
598 3447
598 896
598 2434
598 3201
598 1931
598 2963
598 2462
598 1605
598 2466
598 934
598 2485
598 3524
598 2501
598 1990
598 1479
598 3528
598 2380
598 1483
598 1484
598 2513
598 3030
598 2212
598 1786
598 2527
598 1506
598 3049
598 1520
598 1022
598 767
598 2730
598 2558
599 650
599 3484
600 1827
600 922
600 2228
601 2788
601 3023
602 3510
603 3048
604 1705
604 1870
605 1251
605 1846
606 3810
606 795
606 3404
607 2485
608 1351
609 2404
610 1932
611 795
612 1424
612 3044
612 3640
612 2372
612 2964
613 619
614 859
615 2459
617 3465
619 1555
619 3377
619 1379
619 3289
620 921
620 3196
620 3165
620 2213
621 1666
622 1819
623 688
624 1351
625 770
625 2435
625 3590
625 776
625 2570
625 3373
625 1040
625 1428
625 2463
625 3106
625 1699
625 2340
625 2729
625 940
625 3442
625 2992
625 2993
625 2739
625 3255
625 1826
625 2108
625 1981
625 2878
625 2111
625 706
625 707
625 2756
625 1226
625 1954
625 1997
625 2512
625 3026
625 2553
625 1752
625 3876
625 3676
625 3549
625 1762
625 2533
625 3818
625 1648
625 1649
625 2546
625 889
625 2682
625 638
626 1492
627 2716
628 3586
628 1351
629 1436
630 3736
630 2219
630 2804
631 2025
631 2749
632 1811
632 1996
632 1990
633 988
633 2798
634 2202
634 2607
634 3327
634 1251
635 2354
635 1563
635 1413
636 2814
636 1375
637 1466
638 2465
638 1305
638 2341
638 3640
638 2009
638 1466
638 2167
638 1516
638 794
638 3262
639 2868
640 2613
641 1990
642 2964
643 2465
644 2290
644 2966
644 1351
644 1495
644 1138
644 3054
645 2916
646 3394
647 3853
648 1489
649 2816
649 1349
649 1302
649 2903
650 2560
650 3855
650 3484
650 1477
651 984
653 1717
654 2465
654 1932
655 2459
656 2487
656 2281
656 794
656 2012
656 2831
657 1149
658 1158
659 1819
660 3296
660 664
661 3853
663 1351
664 1594
664 1797
664 2622
664 1293
664 3727
664 2832
664 2961
664 1774
664 3863
664 922
664 795
664 2975
664 2459
664 2599
664 2733
664 2205
664 2487
664 1421
664 953
664 2746
664 2620
664 3262
664 2242
664 1731
664 2960
664 3535
664 1233
664 2644
664 1262
664 986
664 3770
664 3805
664 2019
664 3816
664 2793
664 1902
664 2429
664 3060
664 1470
664 3065
664 3197
664 1941
665 1798
665 3764
665 3606
665 1830
665 1176
665 3212
665 1148
665 2541
665 2078
666 1409
666 3634
666 3208
666 1516
666 2059
666 2204
666 3586
667 1651
668 942
670 2760
671 1682
671 1828
671 2709
671 2297
671 1036
672 859
672 1351
673 1650
673 3398
673 2599
673 1160
673 2316
675 1474
675 3377
675 1251
675 1846
675 2887
675 859
675 1666
676 795
676 1516
677 2831
677 3267
677 1436
677 2167
678 3648
679 688
680 1426
681 3475
681 1419
681 2255
682 1305
683 3345
684 3030
684 1351
685 3523
687 3728
687 688
687 2117
688 1537
688 1285
688 3719
688 2697
688 2314
688 1297
688 3474
688 1945
688 3738
688 1391
688 1317
688 1446
688 3045
688 3371
688 2220
688 1330
688 1331
688 3633
688 2548
688 1203
688 2624
688 2246
688 3534
688 2726
688 1616
688 3289
688 2267
688 1759
688 3685
688 3431
688 1772
688 2544
688 3060
688 3832
688 763
688 2940
688 3070
689 1351
690 2964
690 882
690 2956
690 1908
691 2465
691 2219
691 2797
691 2167
692 1492
693 716
695 1941
696 3044
697 1634
697 3523
697 2803
697 3209
697 795
697 2749
697 2255
698 3376
698 2160
698 2002
698 3549
698 2349
698 3071
699 1351
700 1908
701 795
703 3289
704 716
705 2746
705 3443
705 1798
706 786
706 2523
708 2893
708 1311
709 1351
710 3126
710 3590
710 2303
711 1846
712 3588
715 979
716 2176
716 1290
716 2058
716 751
716 1360
716 3830
716 3834
716 1050
716 2816
717 3377
717 2002
717 1251
717 2613
717 1846
717 2993
717 1666
718 3863
718 3041
718 2471
718 3212
718 3770
718 2167
718 3404
718 3853
719 2848
719 2305
719 2862
720 3377
721 3024
721 3315
722 2219
723 3352
723 2654
723 1351
724 3640
724 1797
724 3549
724 3701
726 2267
727 3736
728 3212
729 2493
730 1351
731 3212
733 2167
734 2346
734 2219
734 3718
734 2311
735 3441
735 1019
735 1941
735 795
735 829
735 1717
736 859
737 3377
737 1941
738 1643
738 2655
739 2267
740 1351
741 3648
741 3377
741 1666
741 859
741 1846
741 2887
741 1391
741 2613
742 1568
742 2484
743 1426
744 1745
745 2169
745 859
745 2677
747 3648
748 3044
748 1798
748 2167
748 2776
748 794
748 3855
748 3549
748 1158
748 3853
749 1958
750 3719
750 3377
750 1241
751 3844
751 3581
752 986
752 2167
753 825
753 1391
754 859
754 3648
754 2613
755 1296
756 1351
757 2094
759 3816
759 1351
760 3349
760 2399
761 2321
761 2219
761 3853
762 1693
763 2117
764 3048
764 1618
764 3299
764 2885
765 1666
766 1351
767 3648
767 1666
767 2723
767 3302
767 1351
767 1391
767 3377
767 3475
767 2613
767 1545
767 859
767 3869
768 1687
769 2290
769 1043
769 1620
769 3445
769 2033
769 1489
769 2152
769 2091
769 1951
769 2197
770 786
771 2115
771 1172
771 2182
771 3399
771 957
772 1351
773 3640
774 3086
775 3377
775 1666
776 2964
776 1158
776 2647
776 1337
776 3050
776 795
776 3404
776 2393
777 3035
778 2219
779 3404
780 1351
781 3640
782 3648
782 1666
782 859
783 1351
784 1420
784 1351
785 1351
786 1516
786 1226
786 1351
786 3404
786 1954
786 1073
786 1428
786 2746
786 3549
787 1975
788 1731
789 2640
789 2739
790 3377
790 2035
790 859
790 1292
791 1351
792 3853
793 852
793 1870
794 3212
794 1270
794 2215
794 1305
794 1932
794 3290
795 3840
795 2177
795 1666
795 1028
795 3095
795 1036
795 3215
795 915
795 3604
795 2884
795 924
795 925
795 1762
795 929
795 1826
795 2086
795 1575
795 2989
795 1070
795 1968
795 1160
795 2226
795 2316
795 3640
795 3513
795 2783
795 1342
795 2613
795 3648
795 1346
795 1475
795 2757
795 1351
795 2572
795 3149
795 1622
795 1497
795 1416
795 3554
795 1251
795 2470
795 2918
795 2032
795 2167
795 1404
795 2558
796 1368
796 2654
796 2926
797 2459
798 1351
799 3298
800 3377
800 1292
801 1351
802 1351
803 3378
804 2835
804 1351
805 2465
806 1632
807 3137
807 2442
807 2027
807 1351
808 1351
809 3464
809 2228
809 3059
809 3571
810 3404
810 2465
810 1466
810 1516
810 3549
811 3339
812 3879
813 1563
814 2202
814 1474
815 1846
816 3640
817 3648
817 3377
817 1666
817 1251
817 2613
817 859
819 3404
820 1819
821 2465
821 3267
821 2731
821 1798
821 3863
821 3212
821 3515
821 3404
821 2654
821 2831
822 1351
823 3404
824 3606
824 1853
825 832
825 3377
825 2822
825 2817
825 3801
825 1031
825 3213
825 1679
825 1376
825 3351
825 3424
825 3507
825 2874
825 1022
826 3030
827 3246
828 3212
828 3086
829 1465
829 2498
829 2084
829 2929
829 3629
829 2575
829 1425
829 2483
829 1494
829 1700
829 3642
829 2810
829 3262
831 3549
832 3825
832 1972
832 1160
832 1351
832 1169
832 2887
832 1775
833 2348
834 3182
835 1690
835 3404
835 3853
835 3607
836 929
837 1391
838 1351
839 1880
839 2152
839 3435
839 1646
839 3779
839 1703
839 1208
839 939
839 3023
840 3377
841 984
842 2145
843 1514
844 2260
844 1717
844 1798
845 2145
846 2267
847 3728
847 2498
847 1438
847 1351
848 3569
848 1469
848 3310
849 3737
850 3648
850 3377
850 1666
850 2613
850 2089
850 2746
850 859
850 1391
851 3549
853 3867
853 1506
853 3263
853 1775
854 2167
855 1251
855 2613
856 3632
856 2194
856 3044
856 1798
856 2167
856 2807
856 3277
857 3277
857 3781
858 3703
859 3592
859 3843
859 3588
859 1366
859 2822
859 883
859 2385
859 1367
859 2572
859 1293
859 2477
859 3857
859 1816
859 3610
859 2607
859 2845
859 3589
859 1612
859 3363
859 3108
859 1575
859 2140
859 1836
859 2094
859 3635
859 2530
859 1589
859 1335
859 1082
859 1083
859 3133
859 2367
859 2443
859 1121
859 1051
859 2615
859 1356
859 1506
859 1614
859 3151
859 3697
859 1363
859 3259
859 2006
859 3855
859 1116
859 1978
859 862
859 1376
859 3681
859 2916
859 3687
859 2151
859 2668
859 1904
859 1503
859 3186
859 2931
859 2902
859 2527
859 882
859 896
859 2177
859 3781
859 905
859 1931
859 2444
859 2702
859 3217
859 1682
859 2963
859 2708
859 2062
859 1056
859 3223
859 2970
859 3055
859 2718
859 2501
859 1497
859 2212
859 2214
859 2407
859 1351
859 1453
859 2736
859 3761
859 1297
859 2485
859 2743
859 2804
859 1210
859 2747
859 2234
859 3757
859 2521
859 3403
859 3780
859 3574
859 1479
859 1483
859 2508
859 1998
859 1744
859 3281
859 3372
859 3030
859 2169
859 2009
859 3034
859 1871
859 2268
859 2014
859 3039
859 1255
859 3801
859 3824
859 2801
859 2802
859 3060
859 2462
859 1568
859 2071
859 1786
859 3581
859 2558
860 1990
860 3014
861 1222
861 3022
862 1056
862 3648
862 1251
862 3046
862 1666
862 1391
862 3377
862 2613
862 887
863 2491
865 2916
866 882
866 1497
866 1628
866 3701
867 3866
869 1351
870 1421
871 1819
873 1391
874 2082
874 899
874 1254
874 3848
874 2986
874 2957
874 1164
874 3085
874 3279
874 2001
874 3629
874 2329
874 3546
874 3038
875 1474
875 3523
875 2932
875 1594
875 3325
875 3586
876 1666
877 1351
878 1424
878 2115
878 1667
878 2471
878 2393
878 3453
879 1750
879 3377
879 1221
879 1858
879 2613
880 2868
881 3182
882 1189
882 1666
882 1989
882 1555
882 1684
882 2903
882 1368
882 1497
882 3289
882 2655
882 1363
882 3377
882 3475
882 1591
882 3640
882 1533
882 2035
883 3377
884 1391
884 2887
886 1436
887 3520
887 2715
887 1285
887 3079
887 2700
887 3853
887 2255
887 3537
887 3668
887 2776
887 3674
887 3023
887 3549
887 1634
887 1059
887 3044
887 3621
887 3174
887 942
887 1555
887 3123
887 3510
887 2167
887 2555
887 3071
888 1846
890 1489
891 3853
892 1798
893 3122
893 1620
893 1086
894 3853
895 2094
895 1084
895 1029
895 1270
896 1846
897 3404
899 2793
899 3614
900 3289
900 1941
901 3404
901 3549
902 1251
902 2198
902 1351
902 1176
902 2807
902 3599
902 2911
903 3867
905 3377
906 2202
907 1351
908 968
909 1575
911 2355
911 1924
911 2757
911 3478
911 3815
911 1908
911 1671
911 1630
913 3212
914 3736
914 2260
914 3853
914 2654
914 3549
916 1906
917 3683
918 2465
919 3823
919 1351
920 2932
921 1149
921 2213
921 3165
921 1351
923 1259
923 3526
923 3863
923 3499
923 3580
923 2637
923 3823
924 3853
926 1193
927 1666
928 3784
928 1351
929 3357
929 2903
932 1351
933 1503
935 3212
936 3648
936 1391
937 1351
938 2622
941 1351
942 3648
942 1540
942 2607
942 3640
942 2811
942 1469
942 2750
942 2783
943 2940
944 1819
945 2274
946 2089
947 2498
948 3299
949 3345
950 1376
950 1833
950 3718
950 3080
950 2313
950 3213
950 1621
950 2263
950 3134
950 2145
950 3561
950 2151
950 1248
950 2993
950 2994
950 1504
950 3318
950 3241
950 2874
950 1022
951 1351
952 1512
953 3667
954 2631
955 3581
957 1293
957 2654
958 1350
959 2145
960 1176
960 1846
961 2942
961 3863
962 1346
962 1803
962 1351
963 1731
963 1797
963 2167
964 2495
967 2528
967 2530
967 3538
967 2371
967 3832
967 2505
967 1643
969 1717
970 3853
971 1424
971 3289
973 2778
974 3377
974 1351
975 2219
976 1466
977 2609
977 2115
977 1032
977 2167
977 3547
978 1846
979 1634
979 3623
979 1481
979 2741
979 2391
979 2364
979 3069
979 1214
979 1717
980 2465
981 3549
982 2595
983 1351
984 3744
984 1602
984 1755
984 2468
984 2725
984 3366
984 2665
984 1004
984 1838
984 3473
984 2387
984 2195
984 2197
984 2168
984 3062
984 3067
984 3613
984 3839
986 3816
986 1619
986 1268
986 1302
986 1797
986 2085
987 1093
988 2811
989 1251
990 3671
991 3359
992 3203
993 1666
993 1251
993 3377
994 1351
995 2459
996 2591
997 2035
998 1495
1000 2793
1002 3640
1002 2094
1003 2327
1003 3299
1003 3590
1003 3783
1003 1242
1003 1515
1003 1022
1003 3563
1006 1351
1007 2009
1007 2308
1007 1881
1008 1351
1009 1846
1011 3640
1011 1351
1013 3549
1014 3736
1014 3315
1015 2816
1016 3217
1017 3731
1018 1927
1022 3590
1022 3783
1022 1618
1022 2964
1022 2327
1022 1242
1022 2466
1022 3299
1022 2471
1022 3048
1022 2887
1022 3182
1022 2672
1022 3563
1022 1206
1022 1515
1023 3801
1023 3239
1023 2167
1026 1495
1027 1321
1029 3212
1029 3315
1030 3065
1031 3113
1031 1702
1031 1927
1031 1032
1031 3173
1031 1645
1031 2607
1032 2465
1032 2167
1032 3404
1034 3736
1035 1620
1035 1678
1036 3510
1036 2389
1036 2267
1037 1258
1037 1516
1037 2094
1038 2960
1038 2100
1038 1798
1038 2167
1038 3863
1038 3479
1038 3404
1038 3853
1038 3718
1039 3589
1041 1176
1042 3648
1042 1809
1042 1666
1042 2964
1042 1351
1042 3377
1043 3863
1043 2290
1043 1620
1043 3445
1043 2966
1043 1495
1043 3275
1043 1489
1044 3228
1045 1351
1047 2482
1047 2926
1048 1466
1049 3648
1052 1952
1052 1619
1052 2259
1052 1365
1052 2644
1052 2094
1052 3359
1053 1688
1053 3853
1055 2746
1055 1916
1055 1351
1057 3315
1058 1846
1059 2839
1059 1634
1059 2115
1059 1780
1059 2713
1059 2957
1060 2281
1061 2213
1062 3377
1063 3587
1063 1972
1064 2893
1065 2985
1065 3146
1066 1497
1066 3606
1067 3346
1068 1819
1069 3210
1070 2465
1070 2260
1070 3212
1070 1717
1071 3112
1071 2786
1071 2251
1072 2152
1074 3835
1074 3701
1074 2094
1075 1416
1076 1351
1077 1666
1079 3745
1079 3691
1079 2190
1079 1775
1080 3212
1081 3323
1081 3541
1081 2094
1082 3648
1086 1731
1086 3486
1086 1368
1086 1582
1086 2035
1087 3529
1087 2642
1087 3825
1087 3479
1088 3106
1088 3181
1089 3600
1091 1259
1092 1846
1093 1154
1093 3853
1093 2613
1093 1351
1094 1349
1095 1192
1096 3417
1098 3212
1099 1516
1100 1351
1101 3377
1102 3267
1103 1351
1104 2400
1104 1882
1104 1349
1106 2233
1106 1351
1108 3515
1109 3549
1109 3853
1110 1990
1111 1176
1111 2197
1112 3400
1112 2316
1112 1717
1113 1466
1114 1122
1115 1906
1115 2087
1115 2159
1117 2162
1117 2452
1118 2739
1118 2454
1119 3106
1119 3549
1120 1587
1121 1666
1121 1846
1122 3853
1123 2167
1126 3174
1126 1351
1128 1349
1129 3224
1129 3439
1130 1576
1130 1451
1130 3660
1130 1775
1130 1619
1130 2069
1130 2811
1130 2654
1131 3025
1131 2617
1133 2193
1134 1351
1135 3853
1136 3445
1137 3648
1137 2618
1137 2887
1137 1351
1139 1351
1139 3289
1139 3259
1139 3484
1139 3535
1140 1351
1141 1819
1142 1589
1142 3020
1142 1325
1142 2086
1143 3665
1143 1925
1144 1251
1145 3226
1146 3377
1146 1149
1146 3165
1146 2213
1147 1351
1148 3432
1148 2754
1148 1798
1148 2984
1148 1907
1148 1176
1148 3712
1149 3441
1149 3714
1150 1216
1150 3171
1150 2219
1150 1479
1150 2409
1150 2089
1150 1158
1151 3736
1152 3212
1152 2717
1154 2813
1155 3289
1156 2272
1156 2355
1156 1795
1156 3589
1157 3377
1157 3794
1157 1972
1157 3151
1157 1474
1157 3583
1158 2848
1158 2884
1158 2957
1158 2413
1158 3640
1158 2130
1158 1620
1158 3350
1158 2436
1158 3549
1158 2541
1158 3166
1158 1952
1158 1251
1158 2084
1158 1202
1158 2214
1158 3149
1158 3822
1158 2031
1158 2156
1158 3442
1158 2867
1158 2167
1158 3704
1158 2606
1158 1407
1160 1409
1160 3266
1160 3315
1160 3687
1160 2831
1160 3728
1160 2071
1160 3549
1160 1438
1160 3104
1160 1252
1160 1703
1160 2281
1160 3879
1160 3564
1160 1583
1160 2035
1160 3127
1160 3648
1160 3706
1160 3068
1161 1402
1161 2515
1162 1656
1162 3153
1162 2627
1162 1222
1163 1407
1164 3377
1165 1474
1166 1819
1166 3212
1167 3700
1168 3648
1168 3853
1169 1571
1169 1721
1169 3545
1169 2219
1169 2807
1170 2710
1170 3550
1171 3030
1172 1435
1172 3845
1172 3853
1173 3385
1173 2162
1173 2452
1174 1351
1175 3549
1175 1351
1176 2197
1176 2253
1176 2067
1176 2447
1176 2645
1176 2587
1176 1374
1176 1261
1176 3040
1176 3425
1176 3579
1176 1798
1176 3153
1176 1383
1176 1256
1176 3433
1176 1511
1176 1827
1176 1717
1176 2290
1176 2541
1176 2848
1176 1504
1176 3594
1177 2802
1177 3279
1178 1666
1178 2618
1179 2842
1179 2901
1181 1495
1182 3849
1182 2459
1184 3203
1185 3406
1186 2739
1186 1925
1186 3079
1187 2345
1187 1351
1188 3289
1190 1426
1191 1559
1192 1351
1192 3789
1193 2832
1194 2710
1195 2550
1196 2459
1197 1351
1198 1477
1199 1351
1200 3146
1201 2358
1202 1731
1202 3289
1202 3631
1204 2009
1205 3853
1206 1559
1207 3455
1209 2219
1210 3648
1211 3549
1211 3853
1212 2152
1213 3289
1213 2087
1213 1503
1213 2255
1215 2459
1217 3400
1217 1351
1218 3357
1218 1351
1219 1489
1220 3495
1221 1928
1221 1858
1221 1732
1221 2072
1221 1828
1221 3528
1221 2607
1221 3852
1222 3718
1222 2860
1222 3535
1222 3504
1222 3153
1222 2058
1222 1656
1222 3289
1222 1466
1222 3163
1223 1351
1224 3212
1225 3377
1227 1866
1228 2831
1228 2255
1229 1466
1230 3444
1231 3280
1231 2746
1232 2947
1234 3736
1235 3377
1235 1846
1236 2465
1236 2746
1236 2599
1237 1351
1238 1351
1239 3470
1240 2167
1242 3590
1243 2831
1244 3884
1245 2960
1246 2465
1248 2887
1249 1492
1250 3398
1251 3030
1251 3591
1251 2572
1251 3342
1251 2477
1251 3861
1251 2071
1251 1816
1251 1568
1251 3622
1251 1575
1251 3114
1251 2094
1251 2607
1251 2866
1251 3351
1251 1596
1251 1598
1251 1861
1251 2887
1251 2129
1251 3155
1251 1367
1251 3855
1251 3427
1251 3432
1251 2409
1251 1643
1251 2668
1251 2664
1251 3186
1251 2931
1251 3447
1251 1453
1251 2177
1251 3719
1251 3213
1251 3217
1251 3218
1251 2462
1251 3241
1251 3757
1251 2736
1251 2225
1251 2831
1251 2234
1251 3517
1251 1989
1251 1990
1251 3528
1251 2257
1251 2763
1251 1486
1251 3281
1251 1750
1251 3800
1251 3801
1251 1506
1251 1617
1251 2033
1251 3321
1251 3581
1251 3326
1252 2897
1252 2133
1256 3859
1256 2509
1257 1351
1258 2202
1259 3124
1259 1476
1259 2013
1260 1351
1261 2089
1261 2509
1261 3549
1262 3809
1262 3212
1262 2453
1264 2035
1264 1436
1264 3687
1265 3421
1265 2167
1267 3648
1268 3262
1269 3664
1271 1351
1272 3853
1273 1351
1274 1351
1275 2509
1276 2955
1277 1351
1278 3421
1279 1941
1280 1308
1281 3736
1281 2465
1281 1518
1282 3267
1283 3262
1284 3329
1284 2525
1284 1558
1285 2465
1285 2117
1285 3174
1285 1351
1285 1516
1285 3853
1285 2255
1285 1569
1285 3079
1285 3549
1286 1912
1286 2126
1286 1351
1287 2804
1288 3640
1289 3050
1290 3523
1290 2341
1290 3816
1290 2924
1290 1514
1290 2029
1290 1678
1290 2026
1290 3779
1290 3609
1290 2715
1290 3549
1290 3621
1291 3853
1292 1954
1292 2435
1292 3590
1292 2131
1292 1533
1292 2512
1292 2353
1292 2739
1292 1462
1292 2167
1292 3370
1292 2108
1292 2533
1293 1846
1293 1351
1293 3614
1294 1351
1295 3289
1296 1351
1297 1846
1297 3377
1298 2654
1299 3165
1299 3270
1300 2202
1300 1972
1300 2887
1301 1807
1302 2816
1302 2465
1302 3044
1302 3174
1302 3853
1302 3549
1302 3775
1303 3048
1304 2798
1305 2949
1305 2885
1305 3729
1305 2219
1305 3853
1306 2816
1307 3810
1308 3713
1308 1798
1309 1351
1310 2426
1310 1351
1312 1351
1313 2672
1313 3520
1313 1906
1313 2835
1313 2581
1313 3432
1314 1351
1315 2893
1316 2157
1317 1604
1317 3404
1319 3322
1320 1466
1322 3863
1323 2466
1324 3277
1326 2807
1327 3212
1327 1717
1328 2152
1329 2034
1331 1351
1332 3412
1332 1351
1333 3825
1333 2771
1335 3648
1335 3377
1335 1666
1335 1391
1335 3736
1335 3341
1335 2655
1336 1351
1337 2167
1338 1934
1339 3515
1339 3406
1340 2835
1340 1830
1340 3654
1341 1351
1342 2960
1342 2041
1342 1941
1344 3810
1345 3377
1346 2465
1346 1612
1346 1794
1347 2618
1347 1669
1348 2094
1349 2074
1349 2331
1349 2466
1349 1731
1351 2050
1351 3075
1351 2055
1351 1708
1351 2221
1351 3089
1351 3098
1351 1810
1351 3107
1351 2084
1351 3109
1351 2090
1351 3103
1351 2093
1351 2095
1351 3120
1351 3121
1351 3125
1351 3128
1351 1843
1351 3130
1351 3231
1351 2114
1351 2120
1351 2232
1351 3156
1351 2136
1351 2137
1351 3162
1351 1893
1351 2144
1351 2146
1351 3259
1351 2151
1351 2066
1351 2172
1351 3198
1351 2175
1351 2176
1351 3606
1351 2412
1351 2242
1351 2193
1351 3225
1351 2202
1351 3269
1351 2209
1351 3234
1351 3782
1351 3241
1351 2224
1351 1506
1351 2227
1351 3257
1351 2235
1351 2243
1351 2247
1351 2252
1351 3287
1351 3288
1351 2266
1351 2269
1351 3294
1351 3297
1351 3302
1351 3794
1351 3313
1351 3857
1351 3330
1351 2634
1351 2309
1351 2310
1351 1751
1351 1581
1351 2325
1351 2326
1351 1918
1351 2332
1351 3803
1351 3249
1351 2347
1351 3372
1351 3376
1351 3379
1351 3382
1351 1417
1351 3385
1351 3727
1351 2366
1351 2369
1351 3350
1351 3402
1351 3407
1351 2384
1351 2104
1351 2839
1351 3414
1351 2391
1351 2392
1351 1369
1351 2394
1351 2106
1351 2277
1351 2262
1351 2402
1351 1379
1351 2405
1351 1382
1351 2408
1351 2409
1351 1366
1351 3437
1351 3645
1351 3441
1351 1427
1351 1396
1351 2793
1351 1401
1351 3451
1351 2812
1351 2794
1351 3648
1351 1415
1351 2441
1351 2445
1351 2446
1351 3471
1351 2448
1351 2450
1351 3475
1351 2463
1351 2464
1351 1443
1351 1444
1351 1446
1351 2471
1351 1448
1351 2474
1351 2480
1351 2483
1351 3509
1351 2486
1351 1463
1351 3322
1351 1610
1351 3519
1351 1473
1351 2500
1351 1478
1351 3527
1351 3535
1351 3832
1351 1490
1351 3016
1351 2517
1351 3542
1351 2298
1351 2526
1351 2128
1351 2532
1351 3557
1351 1511
1351 2540
1351 3566
1351 3572
1351 3573
1351 2554
1351 2556
1351 1599
1351 1537
1351 1540
1351 3802
1351 3593
1351 2306
1351 2576
1351 1556
1351 2582
1351 3608
1351 2820
1351 3223
1351 1570
1351 1572
1351 3627
1351 3628
1351 2607
1351 2608
1351 3633
1351 1459
1351 3636
1351 2613
1351 1590
1351 3639
1351 1592
1351 2621
1351 2623
1351 2624
1351 3680
1351 1608
1351 2637
1351 2611
1351 2318
1351 1977
1351 3674
1351 3855
1351 1628
1351 1630
1351 2655
1351 1636
1351 2661
1351 3686
1351 1639
1351 2665
1351 3690
1351 3687
1351 2322
1351 2670
1351 2493
1351 1653
1351 3689
1351 1660
1351 2687
1351 1665
1351 3090
1351 2693
1351 2695
1351 1675
1351 3670
1351 1679
1351 2707
1351 3694
1351 3734
1351 1688
1351 3524
1351 1692
1351 2719
1351 3751
1351 3754
1351 3755
1351 2333
1351 2738
1351 3765
1351 3669
1351 1725
1351 2751
1351 3776
1351 2755
1351 1734
1351 1737
1351 2762
1351 2763
1351 2338
1351 2770
1351 2777
1351 2779
1351 1756
1351 1757
1351 2784
1351 1761
1351 3814
1351 1768
1351 1769
1351 1831
1351 3821
1351 1776
1351 3368
1351 2808
1351 3711
1351 1788
1351 2816
1351 3200
1351 3858
1351 2689
1351 2007
1351 3852
1351 1666
1351 2840
1351 1820
1351 2181
1351 2851
1351 2853
1351 2854
1351 3881
1351 1493
1351 3550
1351 2875
1351 2879
1351 1859
1351 1505
1351 2900
1351 1884
1351 2909
1351 2914
1351 1900
1351 2929
1351 1911
1351 2936
1351 2937
1351 3222
1351 2950
1351 2951
1351 2954
1351 2883
1351 1944
1351 1565
1351 2974
1351 1404
1351 2980
1351 2886
1351 1804
1351 1960
1351 1965
1351 2992
1351 3001
1351 1695
1351 3005
1351 3006
1351 1525
1351 1440
1351 3169
1351 1992
1351 1995
1351 1869
1351 2002
1351 1358
1351 1530
1351 2018
1351 3045
1351 3409
1351 3048
1351 2420
1351 3050
1351 2031
1351 2032
1351 3060
1351 2040
1351 2042
1351 2044
1352 3377
1353 2715
1354 2531
1354 2887
1354 2202
1354 3179
1354 2157
1354 2063
1355 3280
1355 2465
1355 3045
1355 2715
1355 3853
1356 3648
1356 3289
1357 3549
1358 3853
1361 3667
1362 3280
1363 1368
1363 2613
1364 2024
1364 3672
1365 3720
1366 3648
1366 3377
1366 1846
1367 3377
1367 1846
1367 2311
1367 3404
1368 1555
1368 2014
1368 3640
1370 1575
1371 2816
1371 2290
1371 1518
1372 2672
1372 1423
1372 2295
1375 3056
1375 1822
1376 1666
1376 3281
1376 2698
1376 2887
1376 3794
1376 1391
1376 3377
1376 2613
1376 2618
1377 2256
1379 2895
1380 2731
1381 2746
1385 3417
1386 3640
1387 1516
1388 1857
1388 2997
1389 2665
1389 1966
1390 1764
1391 1666
1391 3030
1391 2694
1391 2225
1391 2443
1391 2572
1391 3217
1391 2451
1391 1816
1391 3103
1391 2993
1391 2214
1391 3313
1391 2094
1391 2607
1391 3377
1391 3507
1391 1846
1391 2874
1391 2107
1391 3288
1391 3589
1391 3424
1391 2763
1391 3780
1391 3398
1391 1847
1391 1605
1391 3281
1391 1621
1391 2117
1391 2234
1391 2151
1391 3801
1391 3186
1391 3241
1392 2868
1393 1992
1395 2603
1397 3406
1398 3377
1398 2441
1400 3640
1401 2336
1401 2035
1401 3484
1402 3863
1402 2303
1403 3732
1403 3366
1403 1511
1403 2221
1403 1735
1403 3871
1404 2219
1404 3182
1405 3277
1405 3246
1406 1503
1407 1495
1407 2872
1407 2290
1407 1444
1407 2167
1407 2776
1407 3178
1407 3079
1407 3823
1408 1632
1408 2816
1408 1427
1408 2372
1408 2281
1408 2041
1409 2690
1409 1864
1409 2204
1409 1674
1409 2059
1409 3788
1409 2574
1409 3634
1409 3208
1409 3835
1409 1822
1409 3093
1410 3660
1411 2286
1413 1563
1414 2145
1416 3217
1416 2219
1416 3041
1416 3443
1416 3868
1417 3651
1417 1437
1418 1980
1418 1717
1419 2009
1421 2803
1422 2167
1423 1767
1424 2241
1424 2087
1424 3623
1424 3789
1424 1519
1424 2569
1424 2889
1424 3000
1424 1503
1425 2929
1425 2498
1425 2483
1425 1700
1425 2810
1425 3642
1425 3629
1426 2530
1426 1539
1426 3781
1426 3057
1426 3516
1426 2094
1427 2065
1428 3404
1429 1666
1429 1846
1432 1906
1433 3404
1434 3584
1434 2657
1434 1497
1434 3652
1434 2903
1434 3260
1435 2094
1436 3687
1436 2728
1436 2599
1436 1901
1436 1554
1436 2035
1436 3845
1436 3674
1436 3869
1436 1663
1437 2880
1437 1813
1438 3832
1438 1626
1438 1868
1438 3231
1439 1563
1439 1516
1439 1510
1441 1870
1442 3520
1442 3853
1442 2309
1443 1941
1444 2290
1444 2890
1445 2029
1446 3853
1446 2013
1447 3146
1447 3404
1447 3853
1449 3448
1450 3853
1451 3825
1451 1635
1452 1489
1453 3377
1453 1666
1453 2613
1453 3853
1454 3523
1455 1906
1456 3217
1456 3701
1457 2678
1458 3497
1458 2437
1460 2189
1461 2041
1462 2404
1462 2373
1462 3590
1464 3648
1466 3648
1466 2813
1466 2054
1466 2953
1466 3722
1466 2443
1466 2574
1466 2831
1466 2179
1466 3863
1466 2073
1466 3356
1466 1566
1466 3675
1466 1627
1466 2468
1466 2727
1466 2219
1466 2096
1466 2226
1466 1950
1466 2361
1466 2107
1466 3773
1466 2485
1466 3777
1466 3301
1466 3017
1466 2124
1466 2125
1466 2770
1466 2004
1466 3541
1466 1623
1466 2651
1466 3420
1466 2013
1466 3807
1466 2912
1466 2603
1466 1506
1466 1891
1466 3173
1466 1766
1466 2539
1466 2157
1466 1775
1466 2088
1466 2162
1467 3239
1469 1620
1469 3092
1470 1697
1471 3289
1472 3853
1474 2145
1474 1611
1474 2764
1474 3213
1474 2094
1474 2417
1474 3860
1474 2549
1474 2041
1474 2032
1474 2716
1475 2715
1475 2164
1475 2167
1475 1588
1475 3549
1475 3853
1476 3065
1477 2654
1479 2035
1479 1846
1479 3631
1480 2102
1482 3146
1482 2386
1483 3377
1483 2094
1484 3377
1485 3775
1486 1846
1487 3664
1488 3443
1488 1731
1489 2506
1489 3512
1489 1495
1489 2316
1489 2574
1489 2320
1489 1940
1489 2197
1489 3863
1489 3237
1489 2343
1489 1714
1489 3252
1489 3640
1489 3258
1489 2122
1489 2001
1489 1511
1489 3530
1489 2129
1489 1620
1489 2133
1489 3543
1489 2013
1489 2897
1489 3433
1489 2744
1489 3820
1489 2541
1489 2417
1489 2290
1489 1987
1489 2318
1491 3202
1491 3174
1491 2150
1491 3079
1491 3624
1491 3609
1491 1516
1491 3549
1491 2255
1492 1495
1492 1943
1494 2929
1494 3642
1495 2284
1495 2986
1495 1821
1495 3826
1495 3486
1495 1785
1495 3099
1495 3422
1496 3212
1497 2372
1497 2459
1497 2672
1497 3377
1497 1628
1497 1941
1498 1816
1499 2944
1499 2231
1500 3838
1501 3212
1502 2051
1503 2883
1503 3595
1503 3377
1503 1846
1503 2613
1503 2074
1504 2848
1504 2811
1504 1717
1504 2630
1504 3433
1504 1722
1504 2541
1506 3648
1506 1666
1506 2291
1506 3377
1506 3667
1506 1594
1506 2613
1507 1819
1510 1571
1510 2354
1510 2419
1510 3851
1510 1563
1511 3404
1511 1620
1511 2197
1511 2358
1511 3146
1511 1941
1513 1666
1514 1538
1515 3590
1516 3264
1516 1985
1516 3115
1516 2436
1516 3704
1516 2841
1516 2766
1516 3640
1516 3410
1516 3732
1516 3673
1516 1818
1516 2458
1516 2465
1516 3746
1516 3251
1516 1830
1516 2003
1516 3384
1516 1657
1516 2492
1516 2237
1517 2547
1518 1795
1518 1829
1518 1574
1518 2312
1518 3116
1518 3242
1518 3660
1518 3437
1518 2382
1518 2733
1518 2961
1518 3826
1518 1939
1518 3193
1518 2494
1518 2847
1519 1916
1519 3421
1521 3092
1522 3648
1523 3086
1524 2793
1526 3164
1526 3801
1526 3175
1526 1540
1527 3203
1527 3054
1528 3618
1528 2094
1528 3022
1531 3562
1531 2835
1531 1570
1532 2964
1533 2512
1534 2555
1536 1819
1537 1975
1537 2117
1540 1990
1540 3241
1540 1661
1542 3549
1543 3515
1544 2152
1546 1557
1547 3823
1548 3631
1549 3754
1550 3520
1551 2523
1553 2516
1554 2465
1554 3515
1557 3443
1557 2580
1557 3510
1557 1620
1559 1628
1560 2712
1560 2841
1560 2883
1560 3129
1561 2164
1561 2733
1562 2152
1562 1713
1563 2354
1563 3851
1563 2561
1563 2350
1564 3549
1564 3086
1564 2447
1567 3581
1568 2242
1569 2146
1569 2164
1569 2441
1569 1588
1569 3853
1570 2835
1570 3290
1571 1837
1573 2292
1573 2831
1574 3581
1575 3648
1575 1666
1575 3331
1575 2964
1575 2086
1575 3377
1575 1904
1575 2545
1575 2613
1575 1846
1575 2426
1575 3324
1575 1909
1576 1596
1578 2441
1579 2857
1579 1666
1580 3599
1582 2331
1582 2750
1582 3531
1583 2811
1585 1798
1586 3549
1588 2848
1588 2541
1588 2447
1589 3648
1589 3329
1589 1666
1589 2084
1589 3718
1589 2250
1589 1846
1589 2613
1590 3377
1591 2071
1593 3736
1594 2086
1594 2377
1594 1778
1595 2041
1595 2094
1595 2617
1596 3377
1596 1666
1596 3660
1596 2613
1597 1841
1600 2811
1601 3801
1601 2167
1605 3648
1605 3377
1605 2613
1606 3802
1607 2102
1609 1903
1611 3329
1611 2588
1611 2023
1612 1846
1613 2404
1613 2342
1614 2094
1614 1846
1614 1775
1615 3707
1618 3048
1619 2465
1619 2150
1619 2249
1619 2825
1619 2989
1619 2926
1619 2654
1619 2041
1619 2260
1619 3262
1619 2167
1619 2233
1619 2746
1619 2816
1619 1726
1620 3146
1620 2829
1620 2318
1620 2933
1620 3088
1620 3863
1620 2897
1620 2099
1620 2040
1620 2546
1620 3261
1620 2163
1620 3445
1620 1747
1620 3433
1620 1845
1620 3513
1620 2686
1620 2133
1621 2212
1621 2887
1621 3794
1621 2202
1621 1972
1621 2618
1624 2627
1625 3113
1628 2459
1629 3489
1630 3873
1630 1671
1631 2167
1632 3478
1632 3605
1632 3640
1632 1827
1633 3212
1634 3810
1634 3192
1634 2087
1634 3181
1634 2255
1635 2035
1637 3853
1638 1941
1640 3707
1643 3648
1643 3377
1643 3190
1643 1990
1643 1666
1643 2655
1644 2159
1645 1702
1647 3304
1647 3616
1647 1923
1652 1717
1654 2620
1655 2219
1656 1840
1656 3153
1656 3510
1656 2159
1657 3545
1657 3823
1658 1980
1658 1717
1659 3640
1662 2787
1662 1876
1663 3736
1664 3377
1666 2477
1666 3843
1666 3589
1666 3080
1666 2572
1666 3861
1666 2071
1666 1816
1666 2513
1666 3351
1666 2604
1666 3377
1666 2094
1666 2607
1666 2360
1666 3241
1666 2874
1666 2107
1666 3648
1666 2113
1666 2882
1666 2443
1666 3398
1666 2615
1666 3663
1666 3665
1666 1753
1666 2062
1666 3855
1666 1850
1666 3217
1666 3432
1666 3186
1666 2931
1666 3447
1666 2177
1666 3458
1666 2411
1666 2698
1666 3724
1666 2613
1666 2959
1666 3096
1666 3220
1666 3355
1666 3524
1666 2462
1666 3824
1666 2214
1666 3757
1666 2736
1666 3507
1666 2234
1666 2521
1666 2763
1666 3780
1666 1990
1666 1738
1666 2167
1666 1742
1666 2767
1666 3281
1666 3795
1666 3030
1666 2212
1666 3151
1666 2268
1666 3047
1666 3801
1666 3213
1666 2151
1666 2257
1666 3497
1666 3327
1666 3326
1667 2701
1668 3404
1668 3549
1669 2772
1670 1819
1670 3703
1671 1924
1671 2654
1671 1867
1672 2219
1673 2290
1675 3599
1675 3071
1676 3810
1677 3174
1678 3171
1678 3084
1678 1772
1678 2094
1678 2769
1678 3799
1679 2887
1679 2212
1680 3800
1681 2409
1681 2509
1681 3174
1682 3124
1683 3289
1684 3377
1685 1703
1686 3581
1689 1754
1694 3289
1695 3648
1695 2887
1695 2202
1696 3094
1697 1782
1698 2465
1698 1798
1698 2167
1698 2746
1698 3404
1698 3549
1700 2929
1704 1937
1704 2260
1706 3736
1709 3212
1710 3853
1711 1870
1712 3853
1714 2849
1715 1862
1717 3658
1717 3161
1717 2522
1717 3426
1717 3559
1717 3560
1717 2355
1718 1819
1719 3404
1721 3444
1722 3377
1723 2227
1723 3693
1724 3144
1724 2260
1724 2566
1726 3549
1727 3823
1728 3640
1729 3377
1730 2654
1731 2352
1731 1797
1731 3656
1731 3115
1731 1906
1731 2094
1731 3475
1731 2644
1731 3547
1731 2085
1736 2352
1736 3642
1738 1846
1740 3302
1741 3648
1741 2613
1743 3024
1743 3853
1745 2715
1745 3823
1746 3377
1748 2219
1749 3377
1750 2607
1750 1931
1752 2487
1753 2145
1754 1826
1754 2181
1757 2212
1757 2887
1757 2698
1757 2618
1759 3277
1759 2117
1760 3267
1762 3825
1762 3479
1762 3529
1763 2002
1765 3549
1765 3853
1767 2887
1767 3822
1768 3212
1770 3640
1771 2152
1771 3853
1772 3233
1772 2162
1772 2487
1774 3434
1775 3545
1775 3203
1775 2006
1775 2219
1775 3054
1775 1876
1775 1891
1775 3352
1775 3065
1777 2459
1779 2465
1782 3280
1782 3013
1782 1798
1782 2441
1782 3664
1782 3289
1783 3667
1784 2162
1784 2452
1784 2869
1785 3201
1785 1908
1786 1846
1787 3723
1787 2167
1788 2219
1789 1864
1789 2290
1790 3515
1791 3227
1792 2906
1793 2146
1795 3106
1795 3212
1795 2924
1795 2509
1795 3863
1795 2769
1795 2167
1795 3640
1795 3421
1796 2400
1797 2352
1797 3115
1797 1852
1797 2085
1798 3334
1798 3853
1798 3855
1798 2065
1798 3867
1798 3418
1798 2594
1798 2219
1798 3638
1798 1979
1798 3288
1798 3594
1798 1982
1798 2248
1798 2894
1798 3549
1798 2274
1798 3683
1798 2535
1798 1901
1798 2037
1798 2167
1798 3704
1798 2682
1798 2811
1800 3295
1801 3853
1802 3033
1803 3679
1805 2267
1806 3648
1808 2555
1811 1996
1812 3554
1812 2382
1814 2769
1815 2509
1816 3648
1816 1846
1816 2887
1816 3377
1816 2613
1816 3701
1817 2831
1819 2180
1819 3716
1819 1991
1819 3468
1819 2320
1819 2116
1819 2780
1819 3241
1819 2149
1819 1832
1819 3371
1819 2605
1819 3250
1819 2153
1819 2424
1822 3275
1822 3835
1822 2814
1823 2386
1824 3421
1825 3377
1826 2993
1826 3146
1826 3404
1826 2989
1826 3054
1826 3853
1826 3770
1826 3549
1827 3701
1827 3404
1828 3640
1830 3853
1830 2967
1830 2127
1830 3549
1831 3549
1832 3665
1832 2165
1833 3495
1834 2793
1835 2465
1835 3146
1835 2746
1836 1846
1839 2972
1840 2161
1840 3131
1840 3701
1841 3211
1844 1880
1844 3217
1846 3842
1846 2822
1846 2177
1846 3757
1846 3363
1846 3625
1846 2055
1846 3635
1846 2527
1846 2117
1846 3398
1846 3403
1846 2530
1846 3411
1846 3422
1846 3427
1846 2660
1846 2833
1846 2407
1846 1904
1846 2931
1846 2902
1846 2234
1846 3201
1846 1931
1846 3217
1846 2706
1846 2717
1846 3781
1846 3184
1846 2214
1846 1961
1846 2221
1846 1978
1846 2501
1846 1870
1846 3800
1846 3322
1846 3567
1846 2033
1846 3581
1847 2887
1848 2465
1852 3115
1852 2382
1853 2985
1854 2980
1855 3640
1856 2931
1856 1876
1856 3209
1856 1916
1856 2237
1856 2831
1858 1928
1858 3031
1858 3528
1858 2607
1860 2808
1862 3701
1862 3879
1863 3753
1865 2145
1866 2399
1867 3124
1868 3832
1870 2613
1870 3387
1871 2009
1873 2667
1873 3135
1874 3462
1875 2787
1876 3391
1876 3781
1876 3853
1876 2167
1876 2317
1876 2715
1876 3549
1877 2094
1878 3648
1880 3680
1885 3315
1886 3838
1887 3307
1887 2749
1887 2206
1888 2041
1889 3377
1890 2290
1891 3072
1892 3377
1894 3482
1895 3465
1897 2817
1897 3289
1898 2371
1899 2207
1899 3212
1901 3640
1901 2465
1903 2376
1903 3116
1903 2927
1904 3212
1905 3853
1906 3072
1906 3781
1906 3402
1906 3855
1906 2835
1906 2581
1906 3350
1906 2391
1906 3867
1906 2923
1906 2988
1906 2964
1907 3640
1907 3863
1907 3823
1908 2690
1908 3260
1908 2447
1908 3167
1908 3149
1908 3475
1908 3227
1908 2041
1908 2971
1908 3486
1908 2079
1908 2787
1908 2086
1908 2599
1908 3433
1908 3565
1908 2356
1908 2549
1908 3835
1909 3853
1913 3838
1914 3465
1915 3865
1916 2053
1916 3503
1917 3212
1918 3831
1919 3648
1920 2528
1921 2746
1922 3072
1923 2041
1923 2771
1923 3853
1925 3867
1925 2811
1925 3339
1925 3086
1925 2447
1925 2961
1925 2286
1925 2487
1925 3481
1925 3531
1926 3549
1926 3853
1927 3113
1929 2442
1930 2202
1930 2887
1931 3845
1932 2465
1932 2834
1935 2966
1936 3853
1938 3377
1940 3315
1941 3585
1941 2957
1941 3153
1941 2261
1941 2413
1941 2094
1941 2544
1941 2430
1941 3541
1942 3475
1942 2771
1946 3736
1947 3275
1948 3853
1950 3174
1951 3531
1953 2653
1954 3146
1954 2386
1955 2317
1956 2185
1956 1990
1957 3477
1958 2867
1958 3731
1958 2985
1958 2654
1958 2221
1959 2157
1962 3315
1962 3092
1964 3377
1964 2442
1964 3853
1965 2347
1965 3402
1965 2037
1966 3549
1967 3212
1967 3406
1968 3465
1970 3404
1971 3609
1971 3853
1972 2788
1972 2822
1972 2920
1972 3051
1972 3213
1972 3801
1972 2011
1973 3352
1974 3549
1974 3853
1975 3264
1975 3068
1978 3640
1978 2465
1978 3810
1980 2522
1980 3515
1981 3280
1981 2421
1981 2167
1981 3212
1981 3853
1981 2191
1982 3863
1982 3404
1982 3853
1982 2167
1983 2730
1984 2465
1986 2441
1987 3129
1989 3065
1989 3404
1989 2613
1990 3648
1990 3606
1990 2241
1990 2185
1990 3619
1990 2655
1990 3377
1990 2675
1990 2613
1992 3143
1993 3404
1994 3648
1994 2887
1994 2607
1995 3212
1999 3333
2001 3174
2001 2025
2005 2035
2006 3780
2006 3377
2006 3764
2008 3377
2009 2722
2009 2031
2009 2828
2009 2512
2009 2993
2009 3244
2009 3447
2009 3704
2009 3732
2009 2655
2010 2807
2011 2887
2012 2774
2013 3445
2013 2167
2013 3599
2015 2498
2016 3267
2017 3443
2017 3068
2017 2654
2019 2530
2019 3267
2019 3159
2020 3801
2021 2793
2025 2530
2025 3512
2025 2585
2026 2739
2028 2281
2028 2983
2029 3808
2029 2466
2029 2375
2029 2599
2030 2476
2031 2164
2031 2798
2032 3404
2032 2212
2033 2848
2033 3781
2033 3445
2033 2518
2033 2541
2033 2447
2033 3124
2033 2197
2033 2584
2033 2837
2034 3865
2035 2489
2035 3139
2035 3590
2035 2569
2035 2903
2035 3152
2035 3488
2035 3651
2035 3167
2035 2311
2035 3819
2035 2094
2035 2563
2035 3828
2035 3578
2035 2996
2036 3165
2037 3586
2037 3701
2037 3853
2038 3449
2039 3298
2040 3048
2040 2535
2041 2724
2041 2811
2041 2307
2041 2355
2041 2545
2041 2184
2041 2645
2043 3640
2043 2890
2043 2654
2046 2821
2047 3479
2048 3014
2051 3280
2055 2978
2055 3262
2056 3549
2057 2467
2058 2176
2058 2816
2058 3747
2058 3812
2058 2476
2058 2557
2060 3212
2060 3853
2061 3400
2062 2613
2063 2531
2063 3277
2064 3728
2065 2816
2065 2146
2065 2960
2065 2321
2065 2482
2065 2070
2065 3063
2065 2746
2065 2749
2066 2942
2066 3822
2069 2358
2069 2654
2070 3489
2070 2145
2071 2311
2071 3648
2071 3377
2071 2391
2072 3267
2072 3479
2073 2167
2075 3523
2077 2730
2078 3853
2078 3174
2078 3079
2078 3549
2078 2255
2081 3092
2081 3845
2083 3377
2084 3332
2085 2961
2085 3781
2086 2817
2086 2317
2086 2152
2086 2509
2086 3823
2086 2291
2086 2710
2086 3030
2086 2654
2087 3238
2087 2471
2087 2841
2087 3783
2087 3212
2088 2599
2088 3187
2088 3620
2088 2441
2088 2459
2089 3392
2089 3589
2089 3186
2089 2543
2092 2903
2094 3203
2094 2441
2094 2442
2094 2775
2094 2498
2094 2449
2094 3227
2094 3106
2094 2843
2094 3621
2094 2471
2094 3631
2094 3377
2094 3779
2094 3523
2094 2613
2094 2487
2094 3648
2094 2893
2094 2233
2094 3289
2094 3642
2094 3157
2094 2792
2094 3495
2094 2924
2094 2808
2094 2254
2094 2290
2094 3581
2095 3460
2099 3736
2100 2811
2100 2630
2100 3529
2100 3594
2100 3867
2100 2460
2101 2932
2102 2641
2102 2748
2102 2649
2102 3150
2102 3726
2103 2468
2104 3377
2104 3853
2104 3549
2104 2887
2104 2354
2105 2159
2106 3377
2106 2523
2107 3377
2107 2613
2107 2129
2108 3212
2108 3863
2108 3146
2108 3404
2109 3701
2112 3816
2113 3281
2113 2698
2115 2146
2115 3845
2117 3648
2117 3633
2117 2314
2117 3701
2117 3832
2120 2923
2121 2499
2121 3212
2122 3838
2123 3327
2123 2607
2126 3600
2126 3315
2126 3517
2127 3493
2129 3207
2129 3433
2129 3475
2129 3149
2129 3425
2130 3417
2130 2636
2132 2968
2133 3863
2134 2466
2134 2613
2135 3165
2138 3853
2139 2197
2140 3648
2141 2145
2142 3289
2143 2219
2145 2787
2145 2597
2145 3276
2145 2271
2145 3180
2145 3082
2145 3598
2145 2425
2146 3306
2146 2765
2146 3024
2146 2964
2146 3775
2147 3451
2147 2269
2148 3832
2150 3816
2150 2430
2151 3648
2151 2887
2151 3377
2151 2447
2151 2613
2152 2626
2152 3459
2152 2244
2152 3081
2152 3467
2152 3597
2152 3666
2152 2328
2152 2943
2152 2397
2152 3102
2152 2602
2152 3308
2152 2990
2152 3337
2152 2418
2152 3187
2152 3700
2152 2873
2152 2938
2152 2939
2153 2531
2153 2331
2153 3475
2153 2926
2153 2971
2155 3600
2156 3421
2157 3204
2157 2262
2157 2439
2158 3315
2159 3640
2159 3475
2160 3855
2160 2807
2162 3233
2162 3653
2162 3692
2162 3730
2162 3667
2162 2452
2162 3385
2163 2488
2163 3164
2163 2603
2163 3781
2164 2848
2164 2447
2164 2811
2164 3433
2164 2925
2166 2939
2166 2959
2167 2688
2167 2945
2167 3853
2167 3309
2167 2813
2167 2202
2167 2787
2167 3011
2167 2592
2167 2465
2167 3547
2167 3748
2167 2941
2167 3367
2167 2213
2167 2226
2167 3334
2167 2993
2167 3846
2167 3764
2167 2358
2167 2559
2167 3002
2167 2884
2167 3399
2167 3404
2167 3549
2167 2396
2167 3174
2167 2536
2167 2922
2167 2413
2167 2287
2167 2931
2167 3192
2167 2170
2167 3069
2169 3775
2170 2465
2171 3853
2173 3533
2176 2816
2177 3640
2177 3404
2177 3377
2177 3212
2177 2613
2177 3770
2178 3736
2181 2831
2183 3640
2184 2816
2184 3549
2184 3853
2185 2465
2185 3267
2185 2509
2185 3855
2186 2192
2187 3631
2188 3545
2188 2769
2197 3433
2197 2541
2197 2447
2197 3445
2197 3413
2199 2214
2199 3022
2200 2806
2202 3030
2202 3412
2202 3403
2202 2396
2202 3578
2202 3241
2202 3814
2202 3689
2202 2217
2202 3377
2202 3507
2202 3633
2202 2836
2203 3853
2203 2309
2206 3275
2208 3640
2210 2613
2211 3853
2212 2618
2212 2214
2213 2772
2213 2537
2213 3594
2213 2871
2213 3783
2213 3196
2213 3165
2214 3648
2214 3217
2214 3377
2214 2613
2214 2442
2215 3357
2215 3853
2215 2219
2215 2746
2215 2654
2215 3549
2216 3539
2216 2598
2218 3212
2219 2816
2219 2563
2219 3083
2219 3853
2219 2447
2219 3823
2219 2465
2219 2827
2219 2955
2219 2862
2219 2619
2219 3262
2219 2883
2219 2504
2219 2509
2219 3439
2219 3667
2219 3158
2219 3416
2219 2428
2219 3808
2219 2403
2219 3110
2219 2321
2219 3656
2219 3183
2219 3054
2219 3443
2219 3704
2219 3323
2219 3199
2221 3863
2221 3731
2221 3465
2222 2404
2223 2746
2226 3174
2226 3079
2226 3549
2226 3599
2227 2309
2227 3406
2228 3489
2229 3620
2230 3377
2233 3124
2233 3606
2233 2428
2234 3648
2234 3377
2234 2613
2235 3400
2236 2512
2237 3853
2238 3361
2238 2644
2238 3701
2239 2465
2241 3770
2242 3576
2242 3361
2245 2487
2248 2942
2249 3332
2250 3022
2250 3869
2255 3783
2255 3212
2255 2964
2255 3029
2255 2647
2255 2654
2255 2988
2255 2414
2255 3440
2255 3640
2256 3515
2256 2465
2257 2887
2258 2465
2260 3070
2260 2557
2264 2509
2264 3190
2267 2409
2267 2967
2267 2391
2267 3290
2267 3421
2268 3377
2268 2613
2270 3660
2271 2832
2271 3853
2272 3870
2274 2625
2274 3042
2274 3427
2274 3652
2274 2856
2274 3260
2274 2903
2274 3159
2274 3800
2274 3036
2275 2652
2275 3358
2276 3838
2278 2379
2279 2487
2279 2887
2280 2798
2281 2811
2282 2291
2283 3289
2283 2835
2283 2430
2285 3588
2288 3404
2288 3102
2289 3752
2289 2746
2290 2765
2290 2711
2290 2916
2290 2665
2290 3764
2290 3511
2290 3258
2290 3433
2291 3603
2291 3867
2291 3707
2293 2465
2294 3554
2296 3648
2297 3343
2297 3203
2299 3289
2300 2459
2300 3277
2301 3674
2302 2887
2303 3447
2303 3143
2303 3662
2303 3503
2304 3532
2304 2781
2305 3421
2309 2863
2309 2637
2309 2895
2309 2928
2309 2817
2311 3551
2314 3377
2315 2659
2315 2807
2316 2337
2316 3289
2316 2733
2317 2594
2317 3637
2317 2345
2317 3518
2318 3863
2318 3445
2319 3289
2319 2509
2319 3853
2321 3584
2321 2468
2321 2599
2321 3656
2324 3640
2331 3809
2332 3865
2334 2491
2334 3853
2335 3796
2335 3377
2336 3823
2337 3456
2337 3732
2337 3778
2337 2618
2339 3212
2340 2467
2341 3141
2341 3598
2344 3736
2346 2960
2346 3651
2346 2807
2346 2681
2346 2799
2346 2735
2347 2749
2348 3853
2348 2465
2351 3853
2353 2404
2353 3477
2354 2465
2354 3851
2354 2818
2354 3853
2355 2465
2355 3779
2355 3212
2355 3115
2355 3404
2355 2509
2355 3863
2355 2807
2356 2442
2357 3212
2358 2935
2358 2465
2358 2917
2359 2515
2362 3174
2362 3599
2363 3060
2363 3486
2364 3811
2367 3648
2368 2913
2370 3377
2371 3564
2372 3209
2374 3377
2378 3277
2380 3377
2382 3277
2382 2465
2384 2465
2385 3377
2386 3818
2388 3810
2388 3549
2390 2730
2393 2672
2393 3510
2394 3377
2395 3217
2396 2931
2396 2771
2396 3030
2398 3443
2398 3421
2401 2654
2404 2858
2404 3069
2406 3377
2407 3377
2409 2488
2409 3150
2409 3149
2409 2447
2410 3770
2413 2627
2414 2654
2415 2465
2416 3045
2419 3851
2421 2555
2422 2816
2422 2798
2423 2472
2423 3404
2423 3863
2426 2968
2426 3863
2427 3146
2428 3853
2428 3045
2430 2816
2430 3443
2430 3853
2430 3357
2430 3262
2430 3549
2431 3786
2431 3862
2435 2902
2436 3640
2436 3736
2437 2540
2437 3621
2438 2574
2439 2793
2441 3201
2441 3396
2441 2575
2441 2965
2441 3350
2441 3867
2441 3740
2441 3753
2441 2887
2442 3490
2442 3336
2443 3377
2444 3377
2446 3327
2447 2848
2447 3445
2447 2654
2447 2750
2451 3648
2452 3233
2452 3667
2452 3730
2452 2650
2452 3653
2453 3853
2455 3827
2456 3457
2457 3377
2459 3401
2459 3153
2459 2579
2459 2852
2459 2789
2459 2795
2459 3258
2459 3643
2460 3863
2461 3523
2462 3377
2462 2613
2463 2731
2463 2746
2463 2555
2463 3853
2463 3262
2465 3850
2465 3596
2465 2577
2465 3758
2465 3618
2465 2599
2465 3116
2465 3508
2465 3652
2465 2658
2465 3002
2465 2765
2465 2663
2465 2834
2465 2931
2465 3704
2465 2941
2465 3764
2465 2976
2465 2977
2465 2989
2465 3772
2465 3777
2465 3523
2465 3286
2465 2530
2465 2787
2465 2813
2466 3299
2466 3687
2466 3602
2466 3698
2466 3203
2466 2831
2471 3845
2471 3366
2471 2744
2471 2778
2473 3404
2473 3863
2476 2864
2476 3439
2477 2698
2478 3853
2479 3465
2479 3863
2481 3289
2482 2584
2482 2750
2483 3642
2483 2929
2485 3648
2485 3377
2487 3212
2487 3813
2487 2967
2488 3262
2489 3588
2489 3853
2490 3505
2491 2496
2491 2916
2491 3327
2495 3404
2495 3863
2497 2969
2498 2929
2498 2810
2498 3642
2500 2745
2500 3823
2502 2627
2507 3377
2509 2683
2509 3811
2509 3478
2509 2842
2509 3365
2509 3069
2511 3328
2511 2937
2511 3698
2513 3377
2514 3648
2516 3703
2516 2863
2518 2599
2519 3178
2523 3143
2523 3274
2523 3804
2524 2710
2527 2960
2527 3377
2528 3853
2529 3404
2530 3648
2530 3621
2530 2895
2530 3227
2530 2973
2534 3835
2535 3027
2535 3833
2538 3377
2540 2795
2551 3631
2552 3864
2555 3797
2555 3255
2558 3377
2560 3855
2562 3549
2563 3853
2564 3853
2564 3495
2565 3267
2567 3659
2568 3549
2568 2733
2572 3648
2572 3174
2572 3377
2572 2613
2573 3344
2574 3640
2574 3775
2575 3445
2580 3640
2581 2835
2581 3402
2586 3146
2588 3835
2589 3549
2590 2831
2593 3020
2594 3073
2596 3725
2599 3853
2599 3443
2599 3023
2599 3549
2600 3810
2600 3549
2601 3328
2603 3164
2603 3853
2604 3327
2607 3648
2607 3214
2607 2977
2607 2769
2607 3377
2607 2931
2607 2613
2607 3145
2607 3842
2610 3853
2610 3037
2612 2746
2613 3843
2613 2801
2613 3427
2613 3842
2613 3855
2613 3217
2613 3398
2613 3615
2613 2736
2613 2615
2613 3589
2613 3524
2613 3528
2613 3314
2613 3447
2613 3800
2613 3801
2613 2931
2613 3060
2613 3497
2613 3030
2613 3327
2613 2817
2613 3326
2614 3853
2615 3377
2618 2822
2618 3814
2618 2977
2618 2874
2618 3213
2618 3507
2618 3801
2620 3421
2623 2928
2623 3377
2623 3160
2623 3273
2623 2863
2625 3212
2627 2643
2628 2654
2630 3863
2631 3094
2631 2943
2634 3377
2635 3549
2635 3246
2637 3618
2637 3386
2637 3774
2638 2776
2639 2948
2640 3212
2642 3549
2644 2844
2645 3823
2646 3621
2646 3845
2648 3345
2653 3701
2654 3853
2654 3217
2654 3288
2654 3609
2654 3167
2654 2787
2654 2724
2654 2863
2654 3433
2654 3639
2655 3840
2655 3341
2655 3213
2656 2710
2662 2887
2663 3212
2663 3863
2663 3465
2663 3736
2663 3404
2663 3549
2665 3487
2666 3014
2667 3404
2668 3377
2670 2800
2671 3853
2672 3845
2672 2918
2672 3822
2672 3475
2672 2964
2672 3640
2673 3775
2674 3421
2675 3631
2676 3710
2679 3377
2680 3212
2682 3825
2682 3479
2682 3404
2682 3549
2683 3212
2684 3801
2690 3835
2691 3377
2692 3779
2693 3874
2693 2887
2696 3377
2697 3612
2698 3648
2698 2874
2700 3640
2704 2710
2705 2959
2710 3253
2710 3502
2710 3678
2712 2769
2714 3402
2715 3764
2715 3446
2715 2988
2715 3709
2717 3377
2718 3377
2720 3701
2721 2942
2730 3377
2731 3594
2732 3192
2732 3475
2732 3547
2733 2915
2734 3853
2736 3648
2737 3549
2739 3523
2739 3781
2745 3736
2745 3701
2746 3212
2746 2811
2746 3300
2746 3176
2746 3704
2749 3317
2749 3404
2750 3377
2750 3853
2752 3640
2756 3212
2756 2831
2759 3736
2761 3421
2763 3648
2763 3377
2764 3648
2765 3549
2765 3853
2766 3187
2768 3853
2769 2836
2769 3327
2771 3476
2771 3304
2771 3764
2772 3165
2776 2993
2776 3212
2776 3379
2776 3102
2776 2988
2776 2783
2778 3110
2778 3398
2778 2903
2778 3527
2778 3831
2781 3066
2782 3736
2782 3217
2782 3853
2783 3044
2783 2798
2784 3853
2784 3549
2785 3298
2786 3879
2787 3054
2788 3023
2791 3535
2793 3305
2793 3052
2793 3555
2793 3124
2795 3736
2796 3790
2797 2835
2798 2848
2798 3347
2805 2924
2807 3619
2809 3228
2810 3629
2810 2929
2810 3642
2810 3789
2811 3863
2811 3404
2811 3853
2811 3182
2811 3289
2811 3736
2811 3227
2813 3667
2813 3212
2813 3404
2814 2921
2814 3058
2814 2869
2816 3311
2816 3082
2817 3829
2817 3621
2817 3095
2817 3598
2819 3212
2821 3022
2821 3701
2822 3648
2822 3377
2822 3794
2823 2988
2824 3701
2830 3280
2830 3853
2830 3030
2832 3256
2832 3575
2832 3306
2834 3853
2834 3801
2835 3325
2835 3402
2836 2887
2837 2913
2838 3054
2842 3640
2844 2960
2844 3621
2846 3531
2846 3124
2848 3174
2848 3853
2848 3443
2848 3477
2849 3430
2850 3404
2855 3522
2859 3267
2861 3289
2861 3022
2862 3079
2862 3549
2862 3853
2865 3640
2867 3523
2868 3195
2869 3808
2869 3501
2870 3383
2872 2890
2872 3227
2873 3845
2874 2887
2874 3794
2874 3281
2876 3041
2877 3377
2881 3284
2883 3624
2884 3174
2884 3079
2884 3549
2884 3853
2885 3400
2887 3213
2887 3217
2887 3351
2887 3229
2887 3507
2887 3103
2887 3872
2887 3524
2887 3412
2887 3030
2887 3288
2887 3801
2887 2920
2887 3698
2887 3241
2887 3578
2888 3853
2891 3421
2892 2968
2892 3614
2893 3484
2894 3262
2896 3640
2897 3445
2897 3863
2898 3835
2899 3549
2902 3377
2903 3840
2903 3406
2903 3869
2903 3728
2903 3640
2903 3404
2903 3212
2905 3289
2906 2949
2907 3267
2908 3879
2910 3640
2912 3267
2916 2982
2916 3377
2916 3022
2918 3478
2918 3182
2920 3794
2920 3853
2921 3835
2922 2964
2922 3853
2922 3549
2923 3146
2923 3402
2923 3853
2924 3570
2924 3626
2926 3475
2926 3640
2926 3783
2926 3831
2926 3822
2929 3629
2929 3640
2929 3642
2930 3246
2931 3648
2931 3071
2931 3853
2931 3549
2931 2989
2931 3377
2931 3327
2941 3853
2946 3865
2947 3764
2948 3514
2948 3767
2949 3640
2952 3853
2957 3624
2958 3640
2960 3649
2961 3665
2962 2965
2962 3770
2962 3053
2964 3584
2964 3078
2964 3149
2964 3728
2964 3302
2964 3762
2964 3640
2964 3453
2967 3275
2967 3620
2968 3475
2968 3766
2969 3353
2969 3797
2971 3377
2971 3648
2972 3650
2977 3327
2979 3631
2987 3863
2988 3853
2988 3660
2988 3421
2989 3072
2989 3212
2989 2993
2989 3126
2989 3640
2992 3510
2993 3174
2993 3404
2993 3044
2993 3549
2993 3853
2994 3863
2995 3611
2995 3174
2995 3079
2998 3728
2998 3439
3000 3855
3002 3404
3002 3853
3003 3270
3004 3212
3008 3267
3009 3650
3010 3648
3011 3586
3011 3315
3011 3640
3011 3853
3011 3549
3012 3377
3012 3648
3013 3732
3015 3219
3019 3404
3022 3270
3022 3357
3022 3377
3022 3092
3023 3547
3023 3352
3023 3794
3025 3831
3028 3315
3029 3801
3029 3549
3030 3235
3030 3377
3030 3639
3030 3541
3032 3549
3041 3701
3043 3648
3044 3768
3044 3378
3044 3640
3044 3289
3044 3404
3044 3212
3048 3280
3048 3339
3048 3388
3050 3192
3050 3498
3051 3713
3051 3794
3054 3510
3054 3764
3054 3701
3060 3260
3065 3124
3065 3647
3067 3475
3067 3853
3067 3182
3071 3182
3072 3265
3072 3203
3072 3736
3072 3737
3072 3523
3076 3648
3077 3149
3077 3822
3078 3800
3078 3182
3079 3404
3080 3687
3086 3540
3087 3489
3091 3255
3093 3719
3097 3377
3101 3377
3102 3869
3103 3621
3105 3212
3106 3469
3106 3667
3106 3377
3108 3648
3110 3841
3110 3475
3111 3480
3113 3173
3115 3475
3115 3816
3117 3853
3117 3182
3118 3523
3119 3271
3124 3377
3124 3404
3124 3315
3124 3736
3124 3770
3128 3648
3132 3775
3138 3289
3139 3853
3140 3549
3140 3853
3141 3853
3142 3480
3144 3648
3146 3590
3146 3268
3151 3377
3151 3583
3153 3203
3153 3844
3154 3289
3159 3212
3159 3404
3159 3549
3159 3182
3159 3853
3165 3853
3165 3196
3166 3212
3167 3404
3168 3640
3168 3404
3168 3549
3168 3863
3170 3212
3171 3404
3172 3549
3174 3640
3174 3853
3174 3241
3174 3378
3174 3192
3174 3433
3175 3840
3182 3212
3182 3475
3182 3800
3182 3783
3182 3822
3182 3823
3182 3762
3182 3640
3182 3453
3185 3404
3186 3648
3186 3377
3187 3642
3188 3600
3192 3853
3199 3290
3201 3377
3202 3364
3202 3421
3203 3232
3203 3389
3204 3315
3205 3640
3205 3344
3206 3640
3209 3710
3209 3289
3212 3853
3212 3621
3212 3380
3212 3646
3212 3652
3212 3260
3212 3452
3212 3453
3212 3728
3212 3240
3212 3244
3212 3510
3212 3360
3212 3617
3212 3791
3212 3549
3212 3808
3212 3878
3213 3840
3214 3327
3216 3377
3217 3648
3217 3556
3218 3454
3223 3648
3227 3244
3227 3732
3227 3823
3228 3883
3230 3457
3231 3728
3231 3736
3236 3853
3237 3867
3240 3853
3241 3648
3241 3377
3241 3794
3243 3640
3244 3404
3247 3343
3248 3640
3258 3404
3258 3863
3260 3404
3262 3332
3262 3704
3267 3405
3267 3316
3267 3607
3267 3290
3277 3877
3280 3542
3281 3377
3282 3640
3282 3701
3285 3648
3288 3801
3288 3853
3289 3826
3289 3461
3289 3783
3289 3612
3289 3332
3289 3624
3290 3853
3290 3421
3292 3315
3293 3377
3295 3764
3295 3853
3299 3590
3300 3719
3301 3631
3304 3521
3312 3769
3315 3404
3315 3860
3317 3853
3319 3781
3326 3648
3326 3377
3327 3436
3332 3496
3332 3495
3332 3853
3334 3549
3338 3549
3352 3437
3354 3714
3363 3648
3363 3377
3369 3549
3369 3853
3370 3640
3371 3475
3372 3377
3374 3853
3375 3404
3377 3592
3377 3589
3377 3422
3377 3544
3377 3792
3377 3427
3377 3432
3377 3857
3377 3524
3377 3757
3377 3780
3377 3801
3377 3824
3377 3800
3377 3843
3377 3855
3377 3861
3377 3640
3377 3390
3377 3403
3377 3447
3377 3466
3377 3398
3377 3539
3377 3581
3377 3497
3377 3668
3378 3549
3398 3648
3398 3477
3399 3404
3399 3853
3402 3661
3403 3648
3404 3853
3404 3601
3404 3703
3404 3640
3404 3511
3404 3676
3404 3702
3404 3479
3404 3762
3404 3450
3404 3771
3404 3777
3404 3875
3404 3800
3404 3549
3404 3825
3405 3640
3411 3432
3415 3801
3421 3503
3421 3578
3421 3764
3429 3624
3432 3640
3433 3445
3438 3835
3439 3464
3439 3783
3446 3521
3446 3853
3447 3648
3453 3783
3453 3640
3453 3599
3456 3769
3463 3701
3472 3835
3475 3520
3475 3606
3475 3853
3475 3621
3475 3816
3475 3640
3477 3764
3479 3529
3480 3708
3482 3794
3485 3600
3491 3648
3500 3640
3506 3648
3506 3621
3510 3640
3520 3757
3523 3770
3523 3808
3530 3863
3535 3640
3536 3660
3547 3853
3547 3549
3548 3853
3549 3584
3549 3682
3549 3800
3549 3617
3549 3656
3549 3640
3549 3673
3549 3787
3549 3688
3549 3704
3549 3729
3549 3741
3549 3762
3555 3775
3556 3639
3556 3775
3558 3680
3563 3590
3568 3853
3577 3599
3581 3648
3581 3766
3581 3832
3582 3606
3586 3783
3586 3640
3586 3701
3588 3830
3590 3783
3594 3863
3600 3717
3600 3855
3604 3838
3614 3732
3615 3853
3617 3853
3621 3783
3621 3735
3621 3789
3625 3816
3630 3640
3631 3745
3633 3648
3635 3648
3640 3688
3640 3684
3640 3759
3640 3762
3640 3775
3640 3825
3641 3736
3644 3701
3648 3751
3648 3721
3648 3801
3652 3853
3655 3789
3656 3853
3658 3863
3665 3867
3667 3696
3667 3773
3674 3845
3684 3701
3692 3801
3695 3825
3699 3853
3701 3781
3728 3739
3728 3832
3729 3853
3741 3853
3743 3853
3756 3793
3763 3789
3764 3853
3770 3783
3777 3863
3780 3853
3785 3881
3786 3862
3794 3801
3800 3853
3817 3853
3837 3838
3853 3882
3863 3867
