0 361
1 1
2 2
3 3
4 179
5 5
6 6
7 7
8 8
9 9
10 10
11 11
12 12
13 13
14 541
15 15
16 16
17 17
18 18
19 19
20 20
21 21
22 22
23 445
23 111
24 24
25 440
26 26
27 27
28 28
29 29
30 30
31 31
32 32
33 33
34 272
34 103
35 207
36 36
37 37
38 38
39 39
40 40
41 41
42 42
43 545
43 466
43 367
44 44
45 45
46 46
47 327
48 48
49 49
50 50
51 51
52 52
53 53
54 54
55 449
56 56
57 57
58 58
59 65
60 60
61 61
62 273
63 63
64 64
66 66
67 601
67 478
68 68
69 207
70 70
71 71
72 72
73 73
74 74
75 75
76 76
77 77
78 78
79 79
80 80
81 521
82 82
83 83
84 84
85 85
86 86
87 87
88 88
89 89
90 101
91 584
92 92
93 93
94 94
95 95
96 96
97 422
98 98
99 99
100 100
102 102
104 104
105 105
106 106
107 107
108 108
109 109
110 110
112 112
113 113
114 114
115 115
116 116
117 117
118 118
119 601
120 394
120 583
121 121
122 325
122 262
122 311
123 123
124 124
125 125
126 126
127 127
128 496
129 129
130 130
131 131
132 132
133 133
134 134
135 135
136 483
137 137
138 138
139 139
140 140
141 141
142 205
143 472
144 144
145 218
146 325
146 311
147 147
148 148
149 149
150 150
151 151
152 152
153 153
154 154
155 155
156 431
157 157
158 331
159 328
159 389
160 160
161 358
162 162
163 163
164 164
165 165
166 166
167 167
168 168
169 213
170 170
171 171
172 325
172 311
173 173
174 174
175 175
176 176
177 394
177 179
178 178
179 583
179 394
179 539
179 618
180 180
181 181
182 182
183 183
184 184
185 185
186 186
187 187
188 188
189 189
190 190
191 310
192 192
193 193
194 601
195 195
196 196
197 595
198 198
199 199
200 200
201 201
202 407
202 335
203 203
204 204
206 206
208 370
209 209
210 210
211 211
212 212
214 600
214 375
215 215
216 216
217 217
219 337
220 220
221 221
222 222
223 223
224 224
225 463
226 226
227 227
228 228
229 229
230 230
231 231
232 232
233 233
234 234
235 235
236 601
237 237
238 238
239 239
240 240
241 241
242 242
243 243
244 244
245 431
246 246
247 247
248 248
249 249
250 601
251 251
252 252
253 253
254 254
255 601
255 603
256 463
257 427
258 258
259 259
260 260
261 261
262 325
262 311
263 601
264 264
265 265
266 266
267 267
268 436
269 269
270 431
271 271
274 274
275 275
276 276
277 277
278 278
279 279
280 351
281 431
282 282
283 283
284 284
285 285
286 286
287 287
288 288
289 289
290 290
291 291
292 292
293 293
294 294
295 295
296 296
297 297
298 298
299 299
300 300
301 301
302 302
303 303
304 304
305 305
306 306
307 307
308 308
309 309
312 312
313 313
314 314
315 315
316 316
317 317
318 345
319 319
320 320
321 321
322 322
323 323
324 324
326 326
327 482
328 541
329 329
330 330
332 332
333 333
334 334
336 601
338 453
339 339
340 340
341 341
342 342
343 343
344 344
346 346
347 411
348 348
349 349
350 350
352 352
353 353
354 354
355 355
356 611
357 357
359 359
360 360
362 362
363 470
364 364
365 365
366 467
368 594
369 369
370 581
371 371
372 372
373 373
374 374
375 600
376 376
377 377
378 378
379 379
380 380
381 381
382 382
383 383
384 384
385 385
386 386
387 387
388 388
390 390
391 391
392 392
393 393
394 546
394 431
395 395
396 396
397 397
398 398
399 607
400 400
401 401
402 402
403 403
404 404
405 405
406 599
408 408
409 409
410 410
412 412
413 413
414 414
415 446
416 416
417 417
418 418
419 419
420 420
421 421
423 423
424 424
425 425
426 426
428 428
429 429
430 430
431 553
431 583
432 432
433 433
434 434
435 435
436 561
437 437
438 438
439 439
440 478
441 441
442 442
443 443
444 444
445 615
447 447
448 448
450 450
451 451
452 452
454 454
455 455
456 456
457 601
458 458
459 459
460 460
461 461
462 462
463 545
464 464
465 465
468 468
469 469
471 471
473 473
474 474
475 475
476 476
477 477
479 479
480 480
481 481
484 484
485 485
486 486
487 487
488 488
489 489
490 490
491 491
492 492
493 493
494 494
495 495
497 497
498 498
499 499
500 500
501 517
502 502
503 503
504 504
505 505
506 506
507 507
508 508
509 509
510 510
511 511
512 512
513 513
514 514
515 515
516 516
518 518
519 519
520 520
522 522
523 523
524 524
525 525
526 526
527 527
528 528
529 529
530 530
531 531
532 552
533 533
534 534
535 535
536 536
537 537
538 538
540 540
542 542
543 543
544 544
547 547
548 548
549 549
550 550
551 551
554 554
555 555
556 556
557 557
558 558
559 559
560 560
562 562
563 563
564 564
565 565
566 566
567 567
568 568
569 569
570 570
571 571
572 572
573 573
574 574
575 601
576 576
577 577
578 578
579 579
580 580
582 582
585 585
586 586
587 587
588 588
589 589
590 590
591 591
592 592
593 593
596 596
597 597
598 598
601 606
602 602
604 604
605 605
608 608
609 609
610 610
612 612
613 613
614 614
616 616
617 617
619 619
