0 0
1 1
2 2
3 3
4 4
5 5
6 6
7 7
8 8
9 9
10 10
11 11
12 12
13 13
14 14
15 15
16 16
17 17
18 18
19 19
20 20
21 21
22 22
23 23
24 24
25 25
26 26
27 27
28 28
29 29
30 30
31 31
32 32
33 33
34 34
35 35
36 36
37 37
38 38
39 39
40 40
41 41
42 42
43 43
44 44
45 45
46 46
47 47
48 48
49 49
50 50
51 51
52 52
53 53
54 54
55 55
56 56
57 57
58 58
59 59
60 60
61 61
62 62
63 63
64 64
65 65
66 66
67 67
68 68
69 69
70 70
71 71
72 72
73 73
74 74
75 75
76 76
77 77
78 78
79 79
80 80
81 81
82 82
83 83
84 84
85 85
86 86
87 87
88 88
89 89
90 90
91 91
92 92
93 93
94 94
95 95
96 96
97 97
98 98
99 99
100 100
101 101
102 102
103 103
104 104
105 105
106 106
107 107
108 108
109 109
110 110
111 111
112 112
113 113
114 114
115 115
116 116
117 117
118 118
119 119
120 120
121 121
122 122
123 123
124 124
125 125
126 126
127 127
128 128
129 129
130 130
131 131
132 132
133 133
134 134
135 135
136 136
137 137
138 138
139 139
140 140
141 141
142 142
143 143
144 144
145 145
146 146
147 147
148 148
149 149
150 150
151 151
152 152
153 153
154 154
155 155
156 156
157 157
158 158
159 159
160 160
161 161
162 162
163 163
164 164
165 165
166 166
167 167
168 168
169 169
170 170
171 171
172 172
173 173
174 174
175 175
176 176
177 177
178 178
179 179
180 180
181 181
182 182
183 183
184 184
185 185
186 186
187 187
188 188
189 189
0 1
0 2
0 131
0 134
0 145
0 29
0 158
0 160
0 35
0 100
0 41
0 43
0 31
0 122
0 2
1 2
2 3
2 8
2 25
2 26
2 31
2 35
2 43
2 50
2 57
2 59
2 61
2 67
2 71
2 184
2 87
2 98
2 104
2 131
2 134
2 143
2 145
2 154
2 172
2 175
2 179
2 40
2 41
2 171
2 82
2 83
1 4
5 6
5 87
5 145
5 47
5 72
5 83
5 89
5 121
5 123
6 7
7 8
7 83
7 22
7 31
7 57
7 98
7 163
7 18
8 85
7 8
8 9
8 10
8 11
8 13
8 14
8 16
8 17
8 19
8 21
8 23
8 26
8 31
8 33
8 39
8 51
8 55
8 57
8 60
8 63
8 66
8 71
8 75
8 77
8 87
8 96
8 108
8 119
8 120
8 126
8 131
8 134
8 135
8 141
8 143
8 147
8 148
8 149
8 150
8 151
8 152
8 153
8 156
8 164
8 174
8 176
8 189
8 100
8 48
8 15
7 11
8 11
11 12
11 26
11 65
11 66
11 72
11 79
11 80
11 89
11 95
11 100
11 102
11 108
11 117
11 127
11 139
11 141
11 142
11 143
11 147
11 167
11 172
11 174
11 175
11 31
7 18
17 18
18 21
18 51
18 57
18 63
18 64
18 71
18 139
18 81
18 84
18 110
18 113
18 119
18 133
18 138
18 157
18 174
18 108
19 20
20 24
6 25
25 52
25 121
25 62
8 26
26 27
26 41
26 183
11 26
26 86
26 104
24 28
28 84
28 57
0 29
29 161
29 102
29 160
29 71
29 131
29 30
0 31
2 31
7 31
8 31
31 173
25 31
31 32
31 41
31 51
31 57
31 58
31 59
31 62
31 66
31 67
31 71
11 31
31 76
31 87
31 104
31 108
31 117
31 124
31 127
31 129
31 143
31 153
31 154
31 163
31 174
31 176
31 178
31 183
31 184
33 87
32 33
33 34
33 100
33 108
33 107
33 154
33 57
33 188
0 35
2 35
5 35
35 88
31 35
33 35
35 36
35 39
35 43
35 49
35 54
35 55
35 57
35 59
35 72
35 74
35 80
35 83
35 87
35 89
35 92
35 98
35 103
35 102
35 108
35 109
35 111
18 35
35 104
35 123
35 126
35 127
35 128
35 132
35 133
35 146
35 154
35 155
35 112
35 188
35 118
37 127
37 80
37 147
37 85
37 100
37 38
37 167
37 108
37 174
37 176
37 51
37 57
37 93
37 60
10 40
12 40
13 40
14 40
40 173
31 40
38 40
40 41
40 42
40 51
40 55
40 57
40 58
40 60
40 62
40 63
40 64
40 96
40 75
40 77
40 79
40 80
40 85
40 89
2 40
40 100
40 119
40 131
40 133
40 150
40 156
40 164
40 165
40 166
40 167
40 168
40 172
40 175
40 176
40 179
40 182
40 183
40 184
40 185
40 187
0 41
40 41
41 42
41 68
41 71
41 104
41 62
41 131
41 141
41 143
26 41
41 175
31 41
41 162
41 134
43 128
2 43
0 43
43 140
13 43
18 43
43 45
31 43
43 47
33 43
35 43
43 44
43 173
43 49
43 50
43 115
43 58
43 188
43 116
43 73
43 74
43 78
43 83
43 104
43 87
43 89
43 91
43 94
43 98
43 101
43 102
43 59
43 126
21 45
46 77
45 46
5 47
47 143
47 57
47 85
47 151
47 96
47 80
45 47
47 174
47 51
49 101
2 50
50 69
50 57
50 148
50 85
50 156
50 100
38 50
50 51
50 119
50 58
51 66
51 94
51 102
47 51
51 104
8 52
25 52
52 175
52 180
52 86
52 61
33 52
52 53
55 67
55 104
55 169
55 170
55 171
55 60
55 56
55 89
55 153
55 56
7 57
59 61
59 62
60 67
60 104
61 127
61 135
61 161
61 77
61 101
49 61
59 61
45 62
25 62
62 154
31 62
62 183
59 62
62 73
62 66
62 72
62 78
40 62
62 184
62 91
62 94
62 102
62 104
62 173
62 126
2 66
7 66
51 66
8 66
58 66
62 66
66 68
66 71
66 73
66 87
66 89
66 96
66 131
66 153
66 163
66 171
66 172
66 174
66 179
31 66
2 67
55 67
67 96
67 100
67 134
67 172
47 67
60 67
68 78
66 68
5 68
68 74
33 68
68 83
68 154
68 94
68 103
68 118
68 184
68 123
69 162
69 173
50 69
69 89
69 123
70 71
57 70
2 71
29 71
41 71
70 71
71 102
71 105
71 123
72 73
72 141
5 72
62 72
72 73
43 73
62 73
74 119
74 96
47 78
78 165
69 78
7 78
57 78
78 108
62 78
57 79
80 175
57 82
58 82
7 83
83 85
84 123
47 85
26 86
7 86
57 86
62 86
31 87
87 100
87 143
2 87
5 89
47 89
55 89
80 90
90 91
46 90
35 92
83 93
94 153
94 174
43 94
94 167
51 94
62 94
80 94
94 108
31 95
95 162
95 163
5 95
95 136
73 95
47 95
87 95
95 123
61 95
94 95
67 96
8 96
96 123
96 97
96 101
96 103
47 96
96 180
96 97
97 101
98 143
98 125
7 98
98 153
99 100
67 100
87 100
50 100
31 100
33 100
99 100
40 100
100 175
100 114
100 117
100 183
100 189
96 101
97 101
49 101
61 101
85 102
7 102
19 102
29 102
51 102
55 102
57 102
60 102
61 102
62 102
65 102
71 102
81 102
84 102
92 102
96 102
97 102
100 102
102 108
102 113
102 116
102 126
102 127
102 131
102 133
102 134
102 143
102 148
102 150
102 153
102 157
102 165
102 167
102 172
102 174
102 176
102 182
102 184
102 187
102 189
43 102
96 103
58 103
7 104
18 104
89 104
31 104
32 104
40 104
41 104
51 104
8 104
55 104
57 104
60 104
62 104
71 104
95 104
96 104
100 104
104 127
104 128
104 106
104 134
104 139
104 154
26 104
104 174
104 179
43 104
104 131
104 143
80 104
71 105
31 108
108 123
110 111
18 113
102 113
104 113
113 123
31 117
99 117
100 117
117 119
118 143
118 167
118 119
57 118
74 119
117 119
118 119
120 143
107 120
5 123
123 134
7 123
84 123
96 123
100 123
108 123
60 123
71 123
113 123
124 130
124 125
62 126
11 127
31 127
127 171
50 127
61 127
104 127
96 127
7 128
29 130
124 130
29 131
0 131
131 161
2 131
41 131
102 131
131 148
132 134
102 133
0 134
132 134
123 134
104 134
41 134
136 137
5 139
104 139
139 184
123 139
72 141
141 143
8 141
41 141
57 141
66 142
11 142
94 142
31 142
142 162
5 142
102 142
8 143
11 143
141 143
2 143
22 143
40 143
41 143
47 143
50 143
143 184
143 188
31 143
87 143
98 143
102 143
104 143
120 143
144 146
87 144
94 144
47 144
118 144
127 145
0 145
2 145
25 145
102 150
40 150
47 151
55 153
31 154
33 154
2 154
7 154
62 154
71 159
0 160
160 161
160 163
29 160
62 160
160 161
131 161
29 161
71 162
41 162
7 163
163 176
163 177
163 178
118 167
94 167
55 170
127 171
67 172
102 172
62 173
31 174
104 174
47 174
49 174
94 174
7 175
19 175
31 175
41 175
57 175
60 175
62 175
80 175
85 175
93 175
96 175
100 175
71 175
131 175
148 175
153 175
165 175
174 175
175 176
175 179
175 180
175 183
175 184
175 187
175 189
119 175
40 175
31 176
176 179
176 179
2 179
179 180
179 181
104 179
66 179
96 180
176 180
179 180
102 182
40 182
182 183
31 183
100 183
31 184
96 184
146 184
184 185
108 184
62 184
184 185
185 186
130 186
131 188
33 188
143 188
35 188
41 188
43 188
174 188
7 188
71 188
108 189
