0 0
1 224
1 410
1 197
1 30
2 2
3 3
4 4
5 5
6 6
7 7
8 8
9 343
10 10
11 248
12 291
12 132
13 13
14 362
15 15
16 385
16 388
16 69
16 326
16 199
16 73
16 394
16 151
16 334
16 335
16 147
16 148
16 398
16 22
16 377
16 280
16 164
16 26
16 399
16 284
16 350
16 352
16 354
16 228
16 70
16 294
16 39
16 169
16 234
16 108
16 173
16 175
16 48
16 102
16 83
16 222
16 374
16 121
16 122
16 319
16 106
16 166
17 17
18 90
19 19
20 20
21 21
22 385
22 388
22 69
22 326
22 199
22 73
22 394
22 151
22 334
22 335
22 83
22 148
22 398
22 121
22 280
22 164
22 26
22 399
22 284
22 350
22 352
22 354
22 228
22 102
22 294
22 39
22 169
22 234
22 108
22 173
22 175
22 48
22 147
22 222
22 374
22 377
22 122
22 319
22 70
22 106
22 166
23 23
24 113
24 76
25 315
26 385
26 388
26 69
26 326
26 199
26 73
26 394
26 334
26 335
26 83
26 148
26 398
26 151
26 280
26 164
26 399
26 284
26 350
26 352
26 354
26 228
26 70
26 294
26 39
26 169
26 234
26 108
26 173
26 175
26 48
26 102
26 147
26 222
26 374
26 121
26 122
26 319
26 166
26 106
26 377
27 27
28 28
29 29
30 224
30 410
30 197
31 31
32 32
33 221
34 270
34 405
34 390
34 329
34 204
34 333
34 142
34 207
35 404
35 255
36 36
37 37
38 38
39 385
39 388
39 69
39 70
39 199
39 73
39 394
39 151
39 334
39 335
39 222
39 147
39 148
39 398
39 377
39 280
39 228
39 399
39 284
39 350
39 352
39 354
39 164
39 326
39 294
39 169
39 234
39 108
39 173
39 175
39 48
39 83
39 106
39 374
39 121
39 122
39 319
39 102
39 166
40 40
41 400
41 109
42 239
43 365
44 45
44 166
44 199
46 46
47 407
48 385
48 388
48 69
48 326
48 199
48 73
48 394
48 334
48 335
48 222
48 147
48 148
48 398
48 151
48 280
48 164
48 399
48 284
48 350
48 352
48 354
48 228
48 70
48 294
48 169
48 234
48 108
48 173
48 175
48 83
48 106
48 374
48 121
48 377
48 122
48 319
48 102
48 166
49 353
49 386
49 55
49 268
49 93
49 113
49 242
49 285
49 85
49 254
49 279
49 376
49 62
49 346
49 191
49 248
49 414
49 351
50 414
51 200
52 185
52 171
52 379
52 397
53 53
54 54
55 242
55 95
55 279
56 56
57 57
58 58
59 59
60 60
61 61
62 386
62 85
62 279
62 248
62 268
62 93
62 353
63 63
64 156
65 240
66 66
67 400
68 68
69 385
69 388
69 70
69 199
69 73
69 394
69 334
69 335
69 222
69 83
69 148
69 398
69 151
69 280
69 228
69 399
69 284
69 158
69 352
69 354
69 164
69 326
69 294
69 169
69 234
69 108
69 173
69 175
69 102
69 147
69 350
69 374
69 121
69 377
69 122
69 319
69 106
69 166
70 385
70 388
70 326
70 199
70 73
70 394
70 334
70 335
70 147
70 148
70 398
70 151
70 280
70 164
70 399
70 284
70 350
70 352
70 354
70 228
70 102
70 294
70 169
70 234
70 107
70 108
70 173
70 175
70 83
70 222
70 374
70 121
70 122
70 319
70 166
70 106
70 377
71 400
71 219
71 100
71 198
72 72
73 385
73 388
73 326
73 199
73 394
73 334
73 335
73 83
73 148
73 398
73 151
73 280
73 164
73 399
73 284
73 350
73 352
73 354
73 228
73 294
73 169
73 234
73 231
73 108
73 173
73 175
73 102
73 147
73 222
73 374
73 121
73 122
73 319
73 166
73 106
73 377
74 74
75 75
76 113
77 157
77 78
78 257
78 157
79 79
80 80
81 279
82 82
83 385
83 388
83 326
83 199
83 394
83 334
83 335
83 222
83 147
83 148
83 398
83 151
83 280
83 164
83 399
83 284
83 350
83 352
83 354
83 228
83 294
83 169
83 234
83 108
83 173
83 175
83 403
83 106
83 374
83 121
83 122
83 319
83 166
83 102
83 377
84 84
85 386
85 353
85 248
85 186
85 279
85 268
85 93
85 285
86 86
87 93
88 88
89 89
91 218
91 166
92 92
93 353
93 386
93 100
93 113
93 332
93 268
93 279
93 248
93 346
93 351
94 218
96 159
97 97
98 98
99 99
100 386
101 101
102 385
102 388
102 199
102 394
102 334
102 335
102 147
102 148
102 398
102 151
102 280
102 228
102 399
102 284
102 350
102 352
102 354
102 164
102 326
102 294
102 169
102 234
102 108
102 173
102 175
102 222
102 374
102 121
102 122
102 319
102 166
102 106
102 377
103 103
104 104
105 105
106 385
106 294
106 388
106 326
106 199
106 394
106 151
106 334
106 335
106 148
106 398
106 377
106 280
106 164
106 399
106 284
106 350
106 352
106 407
106 354
106 228
106 169
106 234
106 108
106 173
106 175
106 147
106 222
106 374
106 121
106 122
106 319
106 166
107 334
108 385
108 294
108 388
108 326
108 199
108 394
108 151
108 334
108 335
108 164
108 148
108 398
108 377
108 280
108 345
108 399
108 284
108 350
108 352
108 354
108 228
108 169
108 173
108 175
108 147
108 222
108 374
108 121
108 122
108 319
108 234
108 166
109 232
109 241
109 366
109 337
110 328
110 132
111 111
112 112
113 386
113 132
113 279
113 268
113 359
113 248
114 114
115 115
116 247
117 125
118 118
119 119
120 120
121 385
121 294
121 388
121 326
121 199
121 394
121 334
121 335
121 408
121 148
121 398
121 151
121 280
121 164
121 399
121 284
121 350
121 352
121 354
121 228
121 169
121 173
121 175
121 147
121 222
121 374
121 377
121 122
121 319
121 234
121 166
122 385
122 388
122 199
122 394
122 398
122 334
122 335
122 148
122 326
122 151
122 280
122 164
122 399
122 284
122 350
122 352
122 354
122 228
122 294
122 169
122 173
122 175
122 147
122 222
122 374
122 319
122 166
122 234
122 377
123 123
124 401
125 368
126 297
127 127
128 128
129 129
130 395
131 331
132 240
132 386
132 291
132 311
132 152
132 201
133 133
134 145
135 135
136 136
137 137
138 138
139 392
139 342
140 384
141 141
142 405
143 143
144 144
146 386
147 385
147 294
147 388
147 326
147 199
147 328
147 394
147 151
147 334
147 335
147 148
147 398
147 377
147 280
147 164
147 399
147 284
147 350
147 352
147 354
147 228
147 169
147 173
147 175
147 222
147 374
147 319
147 234
147 166
148 385
148 294
148 388
148 326
148 199
148 394
148 151
148 334
148 335
148 398
148 377
148 280
148 164
148 399
148 284
148 350
148 352
148 354
148 228
148 169
148 173
148 175
148 222
148 374
148 319
148 234
148 166
149 149
150 150
151 385
151 294
151 388
151 326
151 199
151 394
151 334
151 335
151 398
151 377
151 280
151 164
151 399
151 284
151 350
151 352
151 354
151 228
151 169
151 173
151 175
151 222
151 374
151 319
151 234
151 166
153 193
153 258
153 260
153 357
153 390
153 197
153 204
153 270
153 239
153 405
153 182
153 278
153 277
154 154
155 155
156 191
157 257
157 405
157 182
157 390
160 160
161 161
162 251
163 163
164 385
164 294
164 388
164 326
164 199
164 394
164 334
164 335
164 398
164 280
164 399
164 284
164 350
164 352
164 354
164 228
164 169
164 173
164 175
164 222
164 374
164 319
164 166
164 234
164 377
165 165
166 385
166 388
166 394
166 398
166 399
166 407
166 280
166 284
166 326
166 294
166 169
166 173
166 175
166 222
166 319
166 199
166 334
166 335
166 377
166 350
166 352
166 354
166 228
166 374
166 234
167 167
168 248
169 385
169 294
169 326
169 199
169 394
169 334
169 335
169 228
169 398
169 280
169 388
169 399
169 284
169 350
169 352
169 354
169 172
169 173
169 175
169 222
169 374
169 319
169 234
169 377
170 170
171 185
171 379
171 364
173 385
173 294
173 326
173 193
173 394
173 334
173 335
173 228
173 398
173 280
173 388
173 399
173 284
173 350
173 352
173 354
173 199
173 175
173 222
173 374
173 319
173 234
173 377
174 174
175 385
175 294
175 326
175 199
175 394
175 334
175 335
175 228
175 398
175 280
175 388
175 399
175 284
175 350
175 352
175 354
175 222
175 374
175 319
175 234
175 377
176 176
177 177
178 178
179 179
180 180
181 181
182 193
182 197
182 277
182 405
182 390
182 357
182 278
182 204
182 239
183 183
184 184
185 379
186 248
187 187
188 188
189 189
190 190
191 202
191 330
191 279
192 192
193 197
193 356
193 357
193 390
193 388
193 278
193 204
193 239
193 277
193 409
193 405
194 194
195 195
196 196
197 224
197 278
197 388
197 357
197 390
197 239
197 409
197 410
199 385
199 294
199 388
199 394
199 398
199 334
199 335
199 326
199 280
199 228
199 399
199 284
199 350
199 352
199 354
199 222
199 374
199 319
199 234
199 377
201 240
201 386
201 366
203 203
204 388
204 277
204 405
204 278
204 390
204 207
205 205
206 206
207 277
207 405
207 390
207 311
207 329
207 383
208 208
209 407
210 210
211 211
212 212
213 213
214 214
215 215
216 216
217 217
218 368
218 329
218 341
219 366
220 220
222 385
222 294
222 326
222 394
222 334
222 335
222 228
222 398
222 280
222 388
222 399
222 284
222 350
222 352
222 354
222 374
222 319
222 234
222 377
223 223
224 387
224 278
224 410
225 225
226 226
227 227
228 385
228 386
228 388
228 394
228 398
228 399
228 275
228 280
228 284
228 294
228 350
228 319
228 326
228 334
228 335
228 377
228 352
228 354
228 374
228 234
229 229
230 230
232 405
233 233
234 385
234 294
234 388
234 394
234 398
234 334
234 335
234 326
234 280
234 399
234 284
234 352
234 354
234 350
234 374
234 319
234 377
235 235
236 268
237 237
238 238
239 278
239 277
239 390
239 357
240 359
240 279
241 400
242 386
242 279
242 248
242 332
242 346
242 268
242 353
243 243
244 384
244 409
244 278
244 390
244 405
245 245
246 246
248 353
248 386
248 268
248 332
248 306
248 285
248 279
248 346
248 351
249 249
250 250
251 397
252 252
253 253
256 256
259 259
261 261
262 262
263 263
264 264
265 265
266 288
267 267
268 353
268 386
268 279
268 346
268 351
269 269
270 405
270 390
270 317
271 271
272 272
273 273
274 274
276 276
277 278
277 405
277 390
278 405
278 390
279 353
279 386
279 285
279 414
279 346
279 351
280 385
280 294
280 388
280 394
280 331
280 398
280 334
280 335
280 326
280 399
280 284
280 352
280 354
280 350
280 374
280 319
280 377
281 281
282 282
283 283
284 385
284 294
284 326
284 388
284 334
284 335
284 398
284 399
284 352
284 354
284 350
284 374
284 319
284 394
284 377
285 386
285 353
286 286
287 287
289 289
290 290
292 292
293 293
294 385
294 388
294 394
294 398
294 334
294 335
294 326
294 399
294 352
294 354
294 350
294 374
294 319
294 345
294 377
295 295
296 296
298 298
299 299
300 300
301 301
302 302
303 303
304 304
305 305
306 386
306 382
307 307
308 308
309 309
310 310
311 329
311 383
311 414
312 312
313 319
314 314
316 316
318 318
319 385
319 326
319 388
319 334
319 335
319 398
319 399
319 352
319 354
319 350
319 374
319 394
319 377
320 320
321 321
322 322
323 323
324 324
325 325
326 385
326 388
326 394
326 334
326 335
326 398
326 399
326 352
326 354
326 350
326 374
326 377
327 327
329 405
329 414
329 383
334 385
334 388
334 398
334 335
334 399
334 352
334 354
334 350
334 374
334 377
334 394
335 385
335 388
335 399
335 398
335 352
335 354
335 350
335 374
335 377
335 394
336 336
338 338
339 339
340 340
344 344
346 386
346 353
347 347
348 348
349 349
350 385
350 388
350 398
350 399
350 352
350 354
350 374
350 377
350 394
351 386
351 353
352 385
352 388
352 398
352 399
352 354
352 374
352 377
352 394
353 386
354 385
354 388
354 398
354 399
354 374
354 377
354 394
355 355
356 370
356 405
357 390
358 358
360 360
361 361
363 363
367 367
369 369
371 371
372 372
373 373
374 385
374 388
374 398
374 399
374 377
374 394
375 375
377 385
377 388
377 398
377 399
377 394
378 378
380 380
381 381
383 414
384 390
385 388
385 398
385 399
385 394
386 414
388 394
388 398
388 399
389 389
390 405
391 391
393 393
394 398
394 399
396 396
398 399
402 402
405 409
406 406
411 411
412 412
413 413
415 415
