0 0
1 1
2 2
3 3
4 4
5 5
6 6
7 7
8 8
9 9
10 10
11 11
12 12
13 13
14 14
15 15
16 16
17 17
18 18
19 19
20 20
21 21
22 22
23 23
24 24
25 25
26 26
27 27
28 28
29 29
30 30
31 31
32 32
33 33
34 34
35 35
36 36
37 37
38 38
39 39
40 40
41 41
42 42
43 43
44 44
45 45
46 46
47 47
48 48
49 49
50 50
51 51
52 52
53 53
54 54
55 55
56 56
57 57
58 58
59 59
60 60
61 61
62 62
63 63
64 64
65 65
66 66
67 67
68 68
69 69
70 70
71 71
72 72
73 73
74 74
75 75
76 76
77 77
78 78
79 79
80 80
81 81
82 82
83 83
84 84
85 85
86 86
87 87
88 88
89 89
90 90
91 91
92 92
93 93
94 94
95 95
96 96
97 97
98 98
99 99
100 100
101 101
102 102
103 103
104 104
105 105
106 106
107 107
108 108
109 109
110 110
111 111
112 112
113 113
114 114
115 115
116 116
117 117
118 118
119 119
120 120
121 121
122 122
123 123
124 124
125 125
126 126
127 127
128 128
129 129
130 130
131 131
132 132
133 133
134 134
135 135
136 136
137 137
138 138
139 139
140 140
141 141
142 142
143 143
144 144
145 145
146 146
147 147
148 148
149 149
150 150
151 151
152 152
153 153
154 154
155 155
156 156
157 157
158 158
159 159
160 160
161 161
162 162
163 163
164 164
165 165
166 166
167 167
168 168
169 169
170 170
171 171
172 172
173 173
174 174
175 175
176 176
177 177
178 178
179 179
180 180
181 181
182 182
183 183
184 184
185 185
186 186
187 187
188 188
189 189
190 190
191 191
192 192
193 193
194 194
195 195
196 196
197 197
198 198
199 199
200 200
201 201
202 202
203 203
204 204
205 205
206 206
207 207
208 208
209 209
210 210
211 211
212 212
213 213
214 214
215 215
216 216
217 217
218 218
219 219
220 220
221 221
222 222
223 223
224 224
225 225
226 226
227 227
228 228
229 229
230 230
231 231
232 232
233 233
234 234
235 235
236 236
237 237
238 238
239 239
240 240
241 241
242 242
243 243
244 244
245 245
246 246
247 247
248 248
249 249
250 250
251 251
252 252
253 253
254 254
255 255
256 256
257 257
258 258
259 259
260 260
261 261
262 262
263 263
264 264
265 265
266 266
267 267
268 268
269 269
270 270
271 271
272 272
273 273
274 274
275 275
276 276
277 277
278 278
279 279
280 280
281 281
282 282
283 283
284 284
285 285
286 286
287 287
288 288
289 289
290 290
291 291
292 292
293 293
294 294
295 295
296 296
297 297
298 298
299 299
300 300
301 301
302 302
303 303
304 304
305 305
306 306
307 307
308 308
309 309
310 310
311 311
312 312
313 313
314 314
315 315
316 316
317 317
318 318
319 319
320 320
321 321
322 322
323 323
324 324
325 325
326 326
327 327
328 328
329 329
330 330
331 331
332 332
333 333
334 334
335 335
336 336
337 337
338 338
339 339
340 340
341 341
342 342
343 343
344 344
345 345
346 346
347 347
348 348
349 349
350 350
351 351
352 352
353 353
354 354
355 355
356 356
357 357
358 358
359 359
360 360
361 361
362 362
363 363
364 364
365 365
366 366
367 367
368 368
369 369
370 370
371 371
372 372
373 373
374 374
375 375
376 376
377 377
378 378
379 379
380 380
381 381
382 382
383 383
384 384
385 385
386 386
387 387
388 388
389 389
390 390
391 391
392 392
393 393
394 394
395 395
396 396
397 397
398 398
399 399
400 400
401 401
402 402
403 403
404 404
405 405
406 406
407 407
408 408
409 409
410 410
411 411
412 412
413 413
414 414
415 415
416 416
417 417
418 418
419 419
420 420
421 421
422 422
423 423
424 424
425 425
426 426
427 427
428 428
429 429
430 430
431 431
432 432
433 433
434 434
435 435
436 436
437 437
438 438
439 439
440 440
441 441
442 442
443 443
444 444
445 445
446 446
447 447
448 448
449 449
450 450
451 451
452 452
453 453
454 454
455 455
456 456
457 457
458 458
459 459
460 460
461 461
462 462
463 463
464 464
465 465
466 466
467 467
468 468
469 469
470 470
471 471
472 472
473 473
474 474
475 475
476 476
477 477
478 478
479 479
480 480
481 481
482 482
483 483
484 484
485 485
486 486
487 487
488 488
489 489
490 490
491 491
492 492
493 493
494 494
495 495
496 496
497 497
498 498
499 499
500 500
501 501
502 502
503 503
504 504
505 505
506 506
507 507
508 508
509 509
510 510
511 511
512 512
513 513
514 514
515 515
516 516
517 517
518 518
519 519
520 520
521 521
522 522
523 523
524 524
525 525
526 526
527 527
528 528
529 529
530 530
531 531
532 532
533 533
534 534
535 535
536 536
537 537
538 538
539 539
540 540
541 541
542 542
543 543
544 544
545 545
546 546
547 547
548 548
549 549
550 550
551 551
552 552
553 553
554 554
555 555
556 556
557 557
558 558
559 559
560 560
561 561
562 562
563 563
564 564
565 565
566 566
567 567
568 568
569 569
570 570
571 571
572 572
573 573
574 574
575 575
576 576
577 577
578 578
579 579
580 580
581 581
582 582
583 583
584 584
585 585
586 586
587 587
588 588
589 589
590 590
591 591
592 592
593 593
594 594
595 595
596 596
597 597
598 598
599 599
600 600
601 601
602 602
603 603
604 604
605 605
606 606
607 607
608 608
609 609
610 610
611 611
612 612
613 613
614 614
615 615
616 616
617 617
618 618
619 619
620 620
621 621
622 622
623 623
624 624
625 625
626 626
627 627
628 628
629 629
630 630
631 631
632 632
633 633
634 634
635 635
636 636
637 637
638 638
639 639
640 640
641 641
642 642
643 643
644 644
645 645
646 646
647 647
648 648
649 649
650 650
651 651
652 652
653 653
654 654
655 655
656 656
657 657
658 658
659 659
660 660
661 661
662 662
663 663
664 664
665 665
666 666
667 667
668 668
669 669
670 670
671 671
672 672
673 673
674 674
675 675
676 676
677 677
678 678
679 679
680 680
681 681
682 682
683 683
684 684
685 685
686 686
687 687
688 688
689 689
690 690
691 691
692 692
693 693
694 694
695 695
696 696
697 697
698 698
699 699
700 700
701 701
702 702
703 703
704 704
705 705
706 706
707 707
708 708
709 709
710 710
711 711
712 712
713 713
714 714
715 715
716 716
717 717
718 718
719 719
720 720
721 721
722 722
723 723
724 724
725 725
726 726
727 727
728 728
729 729
730 730
731 731
732 732
733 733
734 734
735 735
736 736
737 737
738 738
739 739
740 740
741 741
742 742
743 743
744 744
745 745
746 746
747 747
748 748
749 749
750 750
751 751
752 752
753 753
754 754
755 755
756 756
757 757
758 758
759 759
760 760
761 761
762 762
763 763
764 764
765 765
766 766
767 767
768 768
769 769
770 770
771 771
772 772
773 773
774 774
775 775
776 776
777 777
778 778
779 779
780 780
781 781
782 782
783 783
784 784
785 785
786 786
787 787
788 788
789 789
790 790
791 791
792 792
793 793
794 794
795 795
796 796
797 797
798 798
799 799
800 800
801 801
802 802
803 803
804 804
805 805
806 806
807 807
808 808
809 809
810 810
811 811
812 812
813 813
814 814
815 815
816 816
817 817
818 818
819 819
820 820
821 821
822 822
823 823
824 824
825 825
826 826
827 827
828 828
829 829
830 830
831 831
832 832
833 833
834 834
835 835
836 836
837 837
838 838
839 839
840 840
841 841
842 842
843 843
844 844
845 845
846 846
847 847
848 848
849 849
850 850
851 851
852 852
853 853
854 854
855 855
856 856
857 857
858 858
859 859
860 860
861 861
862 862
863 863
864 864
865 865
866 866
867 867
868 868
869 869
870 870
871 871
872 872
873 873
874 874
875 875
876 876
877 877
878 878
879 879
880 880
881 881
882 882
883 883
884 884
885 885
886 886
887 887
888 888
889 889
890 890
891 891
892 892
893 893
894 894
895 895
896 896
897 897
898 898
899 899
900 900
901 901
902 902
903 903
904 904
905 905
906 906
907 907
908 908
909 909
910 910
911 911
912 912
913 913
914 914
915 915
916 916
917 917
918 918
919 919
920 920
921 921
922 922
923 923
924 924
925 925
926 926
927 927
928 928
929 929
930 930
931 931
932 932
933 933
934 934
935 935
936 936
937 937
938 938
939 939
940 940
941 941
942 942
943 943
944 944
945 945
946 946
947 947
948 948
949 949
950 950
951 951
952 952
953 953
954 954
955 955
956 956
957 957
958 958
959 959
960 960
961 961
962 962
963 963
964 964
965 965
966 966
967 967
968 968
969 969
970 970
971 971
972 972
973 973
974 974
975 975
976 976
977 977
978 978
979 979
980 980
981 981
982 982
983 983
984 984
985 985
986 986
987 987
988 988
989 989
990 990
991 991
992 992
993 993
994 994
995 995
996 996
997 997
998 998
999 999
1000 1000
18 19
19 23
19 20
17 19
19 25
19 24
19 26
16 19
19 29
19 21
19 22
19 62
19 165
18 20
17 18
18 25
18 24
18 26
18 29
18 21
18 22
18 23
18 323
18 19
18 273
18 475
16 18
18 250
19 23
18 23
20 23
17 23
23 25
23 24
23 26
16 23
23 29
21 23
22 23
23 62
23 31
19 20
18 20
20 23
20 25
20 24
16 20
20 29
20 22
20 165
20 183
20 82
17 20
20 21
20 135
20 26
17 19
17 18
17 23
17 20
17 25
17 29
17 492
17 22
17 323
17 24
17 21
17 26
17 65
16 17
19 25
18 25
23 25
20 25
17 25
24 25
25 26
16 25
25 29
21 25
22 25
25 62
19 24
18 24
23 24
20 24
17 24
24 25
24 26
16 24
24 29
21 24
22 24
24 62
19 26
18 26
23 26
20 26
17 26
25 26
24 26
16 26
21 26
22 26
26 29
26 62
26 349
26 183
16 19
16 18
16 23
16 20
16 17
16 25
16 24
16 26
16 62
16 21
16 22
16 29
16 695
19 29
18 29
23 29
20 29
17 29
25 29
24 29
26 29
16 29
21 29
22 29
29 65
19 21
18 21
21 23
20 21
17 21
21 25
21 24
21 26
16 21
21 22
21 492
21 29
21 183
21 200
19 22
18 22
22 23
20 22
17 22
22 25
22 24
22 26
16 22
22 29
21 22
22 183
62 187
62 227
62 271
62 65
62 962
62 808
165 528
165 994
165 473
165 442
165 445
165 215
165 181
165 959
165 490
165 467
165 506
165 518
165 185
82 165
165 326
165 323
165 714
165 789
165 431
165 934
165 764
165 183
165 502
11 165
165 454
165 475
37 165
165 365
31 754
31 518
31 619
31 36
31 82
31 31
31 429
31 618
31 32
31 181
31 33
47 349
47 913
47 525
32 47
47 215
47 346
47 490
47 345
47 786
349 594
349 944
195 349
399 913
62 525
273 525
366 525
37 525
501 525
390 525
32 72
32 582
32 528
32 774
32 432
32 340
32 543
32 771
31 32
32 429
32 344
32 454
32 768
32 475
32 37
32 492
32 490
32 461
32 426
32 770
32 777
32 503
32 773
32 775
32 776
32 489
32 82
32 343
32 568
32 366
32 999
32 769
32 772
32 339
32 792
32 488
32 612
32 342
215 215
183 215
44 215
215 435
215 454
215 218
137 215
215 747
215 417
215 568
47 215
93 215
215 343
215 935
211 215
200 215
185 215
346 774
165 346
346 913
346 878
32 346
215 346
346 346
346 518
346 489
343 346
346 985
346 926
346 432
183 346
346 493
346 365
346 615
346 574
346 373
346 932
346 931
346 583
346 620
181 346
346 994
346 506
346 888
185 346
82 346
346 714
346 934
346 454
346 452
346 771
346 594
338 346
218 346
346 400
346 399
346 922
346 923
346 924
346 703
346 459
346 445
346 695
346 443
93 346
346 425
346 972
346 788
490 528
37 490
82 490
343 490
273 490
32 490
490 877
346 490
181 490
345 490
490 506
490 518
490 568
489 490
490 709
490 962
72 490
490 496
490 972
183 490
11 490
475 490
137 490
457 490
490 848
490 808
490 512
490 769
488 490
490 903
345 528
345 349
345 913
32 345
345 877
345 345
345 568
345 591
82 345
345 932
345 425
345 432
345 972
345 923
345 426
345 880
432 786
343 786
47 786
475 786
32 786
215 786
346 786
452 786
345 786
36 786
558 786
428 786
93 786
402 786
65 786
515 515
515 518
339 515
18 518
31 518
165 518
32 518
215 518
346 518
518 706
518 518
93 518
518 709
518 520
135 518
437 518
62 518
183 518
365 518
518 615
475 518
137 518
518 936
15 518
305 518
518 919
518 819
518 771
181 518
518 760
518 800
108 518
185 518
82 518
518 617
383 518
518 618
518 616
44 518
43 518
518 934
518 920
342 518
518 619
218 518
518 560
168 518
518 703
227 518
121 518
518 808
489 518
203 518
518 909
384 518
32 339
339 545
339 706
339 777
339 503
339 773
339 775
339 776
339 489
339 709
339 496
339 960
339 972
339 438
339 921
339 475
37 339
339 927
339 770
63 996
63 700
63 367
63 371
63 63
63 962
63 343
54 63
343 962
808 962
343 941
273 343
215 343
250 343
343 503
343 489
343 709
343 343
340 343
343 400
343 399
343 930
343 497
343 543
343 831
343 496
343 432
183 343
343 362
343 470
343 475
62 343
193 343
343 922
343 933
343 438
343 936
72 343
32 343
343 443
100 343
343 355
343 535
82 343
343 383
343 429
343 934
69 343
343 619
37 343
343 962
343 976
343 727
343 808
343 951
343 792
343 457
54 709
54 54
54 813
54 109
54 540
54 464
54 444
54 343
54 984
54 538
54 324
54 949
54 364
54 285
54 944
54 955
54 589
54 322
54 808
54 327
54 286
54 430
54 328
54 443
54 100
54 539
43 54
54 159
54 326
54 323
54 195
54 431
54 299
54 69
54 384
312 996
314 996
54 996
314 700
63 700
312 700
367 369
220 367
54 367
367 582
327 367
323 367
367 371
54 371
323 371
72 73
73 74
73 86
73 432
73 591
73 438
73 183
73 470
73 135
135 745
135 137
62 135
135 165
135 771
135 429
135 200
135 215
76 135
77 135
135 518
135 568
135 464
135 343
135 497
135 976
135 446
135 183
135 595
135 833
135 921
135 922
135 933
135 275
135 990
135 897
135 512
135 592
90 135
135 272
135 505
11 135
135 442
135 615
82 135
135 617
135 383
93 135
135 789
100 135
43 135
135 815
135 619
135 764
135 447
135 727
135 808
135 197
135 302
135 951
135 452
79 135
135 250
72 132
72 774
72 496
72 429
72 349
72 913
72 530
72 273
72 399
32 72
72 117
72 492
72 343
72 438
72 463
72 941
72 489
72 183
72 72
72 74
72 86
72 432
72 470
72 365
72 475
72 747
72 135
72 972
72 227
72 235
72 302
72 226
72 792
72 816
72 452
72 74
74 475
32 74
74 438
74 816
74 452
65 74
72 86
62 86
32 86
86 490
86 930
337 432
432 443
165 432
429 432
338 432
432 533
32 432
432 800
71 432
23 432
432 760
345 432
432 463
432 532
183 432
432 454
432 445
341 432
382 432
432 919
165 591
537 591
591 747
591 941
135 591
591 926
183 591
591 939
591 898
429 591
475 591
341 591
574 591
591 592
492 591
558 591
93 591
554 591
556 591
591 938
561 591
564 591
591 942
560 591
37 591
591 777
591 615
555 591
591 612
591 940
346 438
438 919
437 438
438 771
72 183
20 183
17 183
25 183
24 183
26 183
29 183
183 463
62 183
165 183
31 183
183 429
183 349
183 913
183 952
32 183
183 215
183 507
183 717
183 518
183 343
183 475
183 767
135 183
183 496
183 432
183 438
183 183
183 958
183 615
137 183
183 830
183 341
183 382
183 931
183 936
183 715
174 183
183 442
183 695
183 433
183 800
183 346
183 506
183 185
82 183
183 809
183 617
183 512
183 554
11 183
183 454
37 183
183 798
183 721
183 447
183 443
183 903
121 183
183 235
183 816
183 452
183 727
138 183
183 771
183 594
183 841
183 497
183 568
183 250
183 976
183 747
183 941
183 953
183 595
183 921
183 275
183 817
183 665
100 183
183 462
183 935
183 428
93 183
183 942
183 302
183 425
183 619
183 972
183 384
183 881
183 202
183 992
183 888
183 365
183 951
72 470
470 792
470 489
470 808
37 470
343 470
88 365
88 995
88 615
88 475
88 137
365 618
365 619
36 365
82 365
343 365
365 617
365 616
365 429
32 365
65 365
365 615
88 995
949 995
933 995
137 615
82 615
31 615
264 615
525 615
32 615
131 615
490 615
582 615
615 706
518 615
615 776
489 615
615 709
615 962
343 615
72 615
470 615
615 615
475 615
288 615
615 932
592 615
35 615
615 888
615 617
383 615
615 618
615 616
44 615
615 934
342 615
62 615
454 615
37 615
615 909
612 615
340 615
615 771
273 615
615 768
611 615
615 619
399 615
520 615
615 921
615 933
615 922
615 924
88 615
615 819
615 808
589 615
615 913
615 688
432 615
594 615
93 615
615 713
615 763
346 615
569 615
384 615
615 790
138 475
475 475
475 774
37 475
475 543
82 475
475 771
475 913
475 552
32 475
346 475
475 528
475 706
475 478
475 777
475 503
475 568
475 551
475 776
475 709
343 475
475 565
400 475
399 475
475 497
475 976
475 553
475 751
475 557
475 562
72 475
475 496
475 932
183 475
475 585
475 921
475 594
475 597
475 770
475 512
339 475
475 495
475 544
181 475
475 492
475 888
475 490
475 566
475 572
475 750
70 475
475 587
342 475
475 775
475 942
137 475
344 475
11 475
475 988
475 612
475 518
475 529
475 489
475 923
475 999
475 951
475 488
340 475
26 137
137 774
137 165
137 553
32 137
137 215
137 346
137 490
137 545
137 339
93 137
137 775
137 489
137 343
135 137
137 432
137 183
43 137
137 365
137 475
137 137
137 770
137 341
137 200
137 525
137 442
137 433
137 434
137 185
82 137
137 383
21 137
137 342
137 502
137 344
11 137
137 988
37 137
137 999
137 488
137 612
137 454
137 340
137 543
137 783
137 768
137 218
137 568
137 784
137 990
137 919
137 992
137 533
137 817
137 417
100 137
137 428
137 429
137 572
137 619
137 769
137 876
137 598
137 569
96 932
96 670
96 341
96 770
96 183
96 346
96 933
96 475
96 574
96 135
96 927
96 193
165 574
338 574
346 574
490 574
93 574
292 574
537 574
343 574
574 747
574 941
574 591
183 574
574 938
574 939
574 615
475 574
96 574
28 574
564 574
574 800
574 888
82 574
428 574
574 616
574 942
554 574
556 574
561 574
574 972
555 574
560 574
574 584
492 574
558 574
25 927
96 927
112 927
32 927
77 927
582 927
339 927
137 927
250 927
292 927
535 927
927 930
923 927
747 927
927 941
135 927
927 928
926 927
363 927
767 927
927 938
927 939
927 958
898 927
927 940
924 927
925 927
927 927
54 927
927 931
556 927
617 927
817 927
442 927
564 927
313 927
492 927
558 927
927 972
159 927
568 927
927 935
428 927
546 927
561 927
927 929
927 942
93 927
344 927
560 927
624 927
536 927
555 927
597 927
185 927
193 967
193 513
193 349
193 878
193 215
193 490
193 487
193 400
193 797
193 848
193 355
62 193
193 193
193 913
193 594
193 530
193 399
193 327
193 220
193 328
193 346
193 788
193 326
193 287
193 195
65 193
123 193
193 518
193 202
193 488
18 932
165 932
346 932
345 932
747 932
250 932
292 932
343 932
535 932
475 932
932 949
363 932
432 932
591 932
898 932
615 932
932 933
932 936
932 958
903 932
313 932
183 932
556 932
888 932
617 932
383 932
476 932
932 934
405 932
595 932
546 932
561 932
564 932
932 942
558 932
560 932
922 932
932 938
932 939
329 932
112 932
772 932
921 932
384 932
932 940
525 933
346 933
490 933
339 933
591 933
165 933
183 933
615 933
933 944
475 933
574 933
932 933
933 933
341 933
933 936
222 933
583 933
405 933
82 933
326 933
714 933
345 933
933 934
344 933
820 933
302 933
772 933
488 933
612 933
727 933
292 933
37 933
877 933
218 933
568 933
464 933
399 933
747 933
933 949
933 938
933 939
921 933
922 933
135 933
597 933
903 933
72 933
332 933
313 933
100 933
558 933
428 933
93 933
425 933
624 933
933 952
76 933
535 933
617 933
383 933
546 933
556 933
561 933
564 933
918 933
592 933
560 933
933 972
771 933
329 933
797 933
363 933
247 933
595 933
695 933
536 933
933 942
598 933
492 933
933 992
888 933
569 933
833 933
384 933
183 670
560 670
561 670
556 670
558 670
82 670
341 774
338 341
341 952
32 341
341 497
341 976
341 553
341 550
341 432
93 341
227 341
341 452
770 770
339 770
770 888
770 776
489 770
770 775
32 770
770 772
488 770
159 374
374 888
244 374
365 374
374 921
374 922
374 934
374 924
374 925
374 506
374 932
374 933
160 374
374 420
374 388
374 903
374 384
374 823
374 416
19 936
18 936
23 936
26 936
807 936
165 936
31 936
922 936
878 936
32 936
346 936
490 936
345 936
339 936
343 936
54 936
714 936
211 936
72 936
432 936
475 936
932 936
933 936
770 936
382 936
583 936
528 936
815 936
442 936
695 936
506 936
185 936
82 936
934 936
342 936
11 936
769 936
488 936
452 936
877 936
218 936
568 936
400 936
747 936
936 949
936 938
921 936
135 936
597 936
919 936
322 936
327 936
558 936
428 936
183 936
302 936
425 936
788 936
624 936
457 936
582 936
503 936
489 936
535 936
930 936
74 936
546 936
592 936
390 936
888 936
159 936
617 936
616 936
556 936
561 936
564 936
936 942
93 936
560 936
215 936
340 936
550 936
595 936
936 939
820 936
324 936
443 936
935 936
341 936
536 936
760 936
160 949
35 160
121 160
160 753
159 160
160 388
160 903
160 823
160 934
160 372
120 160
420 558
374 388
388 828
160 388
388 416
183 200
174 528
174 432
174 802
174 345
700 802
20 528
528 528
528 594
349 528
528 913
32 528
528 877
345 528
506 528
489 528
528 962
399 528
528 934
302 528
528 932
496 528
528 949
425 528
183 528
454 528
426 528
528 880
528 936
512 528
528 816
158 167
158 602
132 167
158 167
167 414
167 738
167 987
167 508
167 293
167 292
167 291
69 167
167 873
167 168
167 703
167 294
167 295
167 602
602 836
163 164
163 706
163 747
163 343
163 594
163 615
163 713
32 163
473 475
473 528
137 473
165 473
473 771
473 501
32 473
215 473
473 490
473 568
343 473
93 473
473 714
183 473
473 502
473 988
11 473
454 473
37 473
365 473
473 612
340 473
338 442
442 468
442 952
442 454
442 446
429 442
442 445
165 442
442 443
54 442
445 445
445 446
445 468
445 454
432 445
442 445
443 445
431 445
346 445
165 445
429 445
138 181
181 706
181 518
181 227
181 919
43 181
181 183
181 808
62 181
82 181
181 819
142 181
32 181
165 181
181 200
181 346
181 615
181 962
135 181
812 994
475 994
990 994
82 994
489 994
165 994
343 994
383 994
365 994
919 994
37 994
612 994
877 994
346 994
135 994
922 959
165 959
468 959
137 959
927 959
932 959
888 959
93 959
512 959
536 959
592 959
183 959
165 467
442 467
506 972
183 506
18 185
72 185
185 774
165 185
185 771
185 594
185 934
185 875
185 442
32 185
185 215
185 433
185 417
185 788
185 518
185 888
185 399
185 435
93 185
185 211
185 844
185 972
185 438
185 502
185 218
137 185
185 958
185 227
185 302
185 909
185 185
82 429
82 531
82 273
82 617
82 706
82 518
82 146
82 520
82 800
62 82
82 432
82 183
31 82
82 365
82 475
82 137
82 384
82 763
82 467
82 830
32 82
82 181
82 994
82 688
82 383
82 618
82 616
65 82
82 619
82 764
82 454
82 808
82 615
82 790
82 302
82 489
326 539
323 326
326 996
326 700
326 371
54 326
326 577
65 326
326 538
324 326
322 326
323 933
322 323
320 323
54 323
323 430
323 324
77 323
323 328
714 972
165 714
594 714
399 714
714 788
93 714
714 913
714 771
714 797
714 714
454 714
137 714
43 714
431 446
431 468
429 431
431 442
431 445
431 709
431 808
431 568
54 431
93 431
431 443
431 589
43 431
165 934
617 934
32 934
346 934
426 934
339 934
776 934
292 934
615 934
475 934
932 934
934 936
200 934
556 934
528 934
695 934
492 934
159 934
82 934
616 934
714 934
546 934
561 934
764 934
560 934
11 934
37 934
777 934
934 972
489 934
934 999
488 934
612 934
594 934
338 934
564 934
768 934
877 934
218 934
568 934
760 934
747 934
553 934
934 953
550 934
324 934
476 934
343 934
934 938
934 939
933 934
922 934
135 934
597 934
400 934
903 934
496 934
934 949
363 934
313 934
558 934
640 934
635 934
934 934
183 934
365 934
425 934
934 942
405 934
888 934
934 992
629 934
624 934
536 934
921 934
437 934
185 934
18 764
17 764
31 764
32 764
346 764
490 764
77 764
706 764
343 764
135 764
165 764
183 764
365 764
137 764
764 932
764 933
342 764
583 764
528 764
695 764
764 994
82 764
617 764
383 764
618 764
616 764
764 789
37 764
764 808
594 764
764 877
250 764
760 764
595 764
764 921
745 764
275 764
764 919
90 764
629 764
764 934
425 764
536 764
615 764
183 502
454 502
137 502
32 502
215 502
433 502
502 788
502 518
502 568
502 992
93 502
502 941
502 953
200 502
11 340
11 32
11 215
11 528
11 339
11 503
11 137
11 490
11 82
11 37
11 343
11 428
11 93
11 475
11 619
11 432
11 183
11 365
11 454
11 923
11 488
11 903
11 568
11 919
11 452
446 454
454 568
54 454
442 454
445 454
32 454
215 454
346 454
454 461
20 37
37 810
37 62
37 808
37 349
37 913
37 525
32 37
37 994
37 706
37 788
37 339
37 93
37 272
37 489
37 709
37 343
37 400
37 366
37 976
36 37
37 195
37 559
37 183
37 923
37 619
37 972
37 438
37 226
11 37
37 921
37 594
37 475
37 137
37 932
37 933
37 271
37 503
37 568
37 903
168 518
168 703
168 227
168 271
121 168
168 820
168 729
168 808
168 962
168 183
168 181
168 346
62 168
518 703
616 703
332 703
82 703
703 728
31 703
617 703
328 703
383 703
618 703
475 703
615 703
168 703
365 703
72 227
227 428
227 382
183 227
62 227
227 338
227 952
227 302
227 550
227 816
181 227
227 452
62 271
37 271
121 138
121 584
121 518
121 132
121 992
121 183
82 121
35 121
121 905
121 503
121 215
183 820
168 729
728 729
138 808
518 808
503 808
340 808
432 808
62 808
808 809
808 965
343 808
543 808
706 808
273 808
454 808
135 808
355 808
808 966
181 808
65 808
77 808
121 186
183 186
181 186
62 186
186 518
193 194
206 525
62 206
235 346
235 454
235 235
235 302
226 235
32 235
235 816
235 452
135 235
235 727
235 448
302 815
302 446
183 302
302 830
302 429
302 428
54 302
302 442
302 816
302 452
135 302
302 342
226 235
226 302
32 226
226 816
226 452
226 346
518 816
227 816
183 816
428 816
302 816
442 816
181 816
117 452
341 452
217 452
250 452
429 452
343 452
338 452
452 952
302 452
442 452
452 550
32 452
452 816
443 452
452 800
235 448
447 448
32 448
448 449
442 727
32 727
100 727
506 727
518 727
568 727
400 727
727 934
183 727
135 727
446 727
31 727
727 745
727 922
137 727
727 830
727 932
727 933
727 958
447 727
302 727
457 727
727 903
244 528
244 311
62 244
244 968
244 594
244 338
244 530
244 273
244 768
32 244
244 877
244 346
218 244
244 518
244 568
82 244
244 343
135 244
183 244
244 454
37 244
25 244
244 302
244 615
244 244
311 323
311 700
771 968
215 968
218 968
558 968
183 968
447 968
921 968
597 968
770 968
612 968
244 968
189 968
768 968
463 594
62 594
165 594
349 594
530 594
273 594
54 594
525 594
32 594
346 594
490 594
345 594
518 594
594 777
568 594
281 594
400 594
399 594
594 747
594 941
475 594
594 797
343 594
183 594
326 594
594 745
594 615
193 594
308 594
432 594
202 594
163 594
594 695
181 594
467 594
36 594
185 594
77 594
65 594
594 619
364 594
594 942
351 594
594 713
75 594
487 594
594 862
594 788
302 594
454 594
72 338
215 338
338 972
37 338
338 463
62 338
31 338
338 429
338 349
338 952
338 475
77 338
338 582
338 341
338 518
227 338
338 568
338 913
338 343
338 452
338 615
62 530
181 530
518 530
193 530
202 530
35 530
349 530
400 530
399 530
530 594
383 530
72 273
273 528
273 432
37 273
273 530
273 273
273 475
273 525
32 273
202 273
62 273
273 490
273 345
273 774
273 594
273 615
273 343
273 617
273 365
768 812
438 768
494 768
344 768
11 768
475 768
137 768
492 768
568 768
32 768
457 768
768 931
342 768
528 877
217 877
349 877
877 913
877 966
877 877
16 877
404 877
82 877
399 877
546 877
425 877
619 877
438 877
183 877
877 922
877 934
426 877
454 877
200 877
23 218
218 774
82 218
32 218
215 218
181 218
218 336
218 518
185 218
218 962
218 343
218 935
93 218
218 747
218 941
211 218
44 218
43 218
218 497
218 972
218 951
218 976
218 365
218 454
137 218
218 506
218 936
218 888
218 512
218 417
218 554
568 988
568 612
568 594
442 568
32 568
181 568
518 568
568 568
464 568
446 568
200 568
137 568
568 811
568 588
568 931
568 589
121 568
568 772
454 568
568 727
568 569
200 255
250 255
255 537
255 256
137 255
82 250
72 537
528 537
537 942
165 537
31 537
93 537
537 939
475 537
37 537
537 938
537 877
417 537
345 537
183 537
495 537
537 558
537 747
82 537
535 537
537 941
536 537
537 555
200 537
537 612
135 537
537 546
537 554
537 556
256 257
137 256
200 256
183 256
250 256
256 537
281 747
281 400
281 941
281 877
193 281
281 594
281 399
72 400
400 774
400 800
400 594
349 400
400 913
400 530
273 400
32 400
400 518
400 568
199 400
345 400
183 400
278 400
11 400
365 400
400 475
137 400
400 612
370 400
279 400
193 400
308 400
202 400
400 615
400 772
400 495
384 400
399 400
399 463
399 594
349 399
399 913
399 530
399 399
32 399
399 877
346 399
218 399
399 695
399 568
193 399
281 399
399 400
399 747
399 941
399 714
399 432
135 399
200 399
399 528
181 399
93 399
345 399
399 918
399 425
399 853
202 399
399 612
399 454
463 747
32 747
346 747
345 747
747 777
747 776
343 747
54 747
535 747
747 930
135 747
747 928
72 747
747 926
432 747
591 747
183 747
88 747
475 747
574 747
747 927
747 932
747 933
747 931
747 936
592 747
200 747
747 952
528 747
82 747
714 747
747 934
546 747
554 747
556 747
561 747
564 747
747 929
747 942
93 747
454 747
37 747
560 747
583 747
488 747
612 747
338 747
218 747
568 747
537 747
747 921
747 922
747 923
747 924
747 925
597 747
747 958
747 919
495 747
747 903
532 747
747 949
417 747
558 747
747 935
428 747
584 747
492 747
747 888
624 747
536 747
555 747
382 747
747 760
82 941
747 941
559 941
62 409
399 409
32 409
345 409
291 409
409 877
409 490
291 508
167 291
291 293
291 409
158 291
291 294
291 295
291 755
291 854
291 414
291 738
391 817
391 923
391 475
346 391
391 615
367 391
343 391
54 391
323 391
391 996
391 747
371 391
391 934
391 932
391 933
312 391
285 391
319 391
391 921
380 391
391 922
137 391
391 924
391 925
391 958
391 495
391 903
189 391
322 391
312 901
312 568
312 371
312 996
312 700
312 367
72 285
285 332
62 285
285 550
54 285
285 323
285 952
171 285
285 322
289 319
475 921
17 921
774 921
340 921
543 921
771 921
31 921
564 921
313 921
490 921
405 921
339 921
888 921
558 921
292 921
37 921
343 921
921 930
747 921
72 921
921 926
363 921
921 942
921 938
921 939
344 921
560 921
496 921
921 940
921 922
921 923
921 924
921 925
921 932
921 933
921 958
112 921
561 921
898 921
556 921
903 921
380 464
380 615
54 380
922 923
363 922
313 922
556 922
405 922
183 922
503 922
888 922
558 922
292 922
922 934
922 942
747 922
922 932
561 922
564 922
922 933
922 938
922 939
207 922
560 922
921 922
922 924
922 958
903 922
922 936
589 922
18 923
922 923
25 923
21 923
429 923
525 923
346 923
383 923
503 923
616 923
535 923
135 923
923 926
597 923
615 923
475 923
574 923
923 927
341 923
770 923
583 923
777 923
686 923
561 923
112 923
185 923
159 923
82 923
617 923
323 923
546 923
556 923
564 923
344 923
560 923
37 923
447 923
339 923
121 923
568 923
769 923
488 923
218 923
747 923
923 941
332 923
923 953
595 923
507 923
923 938
923 939
898 923
923 940
923 924
923 958
612 923
903 923
72 923
331 923
327 923
437 923
771 923
558 923
640 923
528 923
555 923
496 923
923 925
923 942
75 923
426 923
923 928
774 923
921 923
492 923
888 923
536 923
384 923
29 924
561 924
32 924
77 924
558 924
568 924
93 924
747 924
924 941
112 924
924 928
595 924
556 924
924 926
564 924
924 929
183 924
555 924
924 938
560 924
898 924
924 940
922 924
923 924
96 924
924 925
924 939
924 927
924 958
888 924
346 924
226 924
921 924
903 924
924 942
923 925
215 925
877 925
925 930
346 925
490 925
345 925
218 925
616 925
292 925
747 925
925 941
925 928
343 925
925 926
363 925
925 938
925 939
921 925
925 940
922 925
924 925
925 927
597 925
925 958
313 925
556 925
903 925
72 925
564 925
925 929
925 953
888 925
112 925
82 925
617 925
383 925
561 925
925 972
502 925
560 925
925 942
329 925
37 925
624 925
558 925
555 925
898 925
165 958
913 958
26 958
215 958
346 958
383 958
345 958
582 958
428 958
773 958
776 958
292 958
535 958
926 958
183 958
615 958
137 958
927 958
932 958
341 958
382 958
556 958
405 958
888 958
185 958
159 958
323 958
616 958
714 958
546 958
342 958
561 958
564 958
929 958
344 958
560 958
339 958
903 958
121 958
772 958
138 958
877 958
568 958
250 958
747 958
941 958
953 958
550 958
324 958
938 958
939 958
921 958
922 958
923 958
924 958
925 958
597 958
771 958
363 958
313 958
558 958
769 958
942 958
329 958
584 958
569 958
536 958
384 958
598 958
475 495
183 495
220 495
400 495
137 495
495 615
495 503
495 888
285 495
292 495
383 495
495 788
11 495
495 553
17 903
26 903
346 903
489 903
292 903
343 903
767 903
135 903
903 926
183 903
771 903
41 903
475 903
137 903
903 932
903 933
382 903
200 903
888 903
112 903
159 903
82 903
617 903
714 903
211 903
903 942
556 903
561 903
564 903
344 903
560 903
612 903
138 903
218 903
568 903
250 903
747 903
550 903
506 903
363 903
215 903
903 939
903 921
903 922
903 923
903 924
903 925
903 958
313 903
558 903
93 903
793 903
425 903
903 972
903 938
405 903
898 903
384 903
903 940
189 813
189 348
189 927
189 739
322 982
320 322
322 330
322 331
322 327
322 334
322 332
322 325
322 430
322 328
322 333
322 944
322 658
322 329
322 539
322 326
54 322
322 323
322 424
322 499
322 657
322 324
322 322
93 817
137 817
320 330
320 331
320 327
320 334
286 320
320 332
320 325
220 320
320 430
320 328
320 333
320 594
320 982
173 320
100 320
320 891
320 539
320 326
54 320
320 323
302 320
320 322
330 330
330 331
328 330
330 371
330 367
330 819
323 330
322 330
24 331
16 331
21 331
320 331
330 331
331 331
331 560
331 924
328 331
331 949
331 461
331 539
331 888
331 343
54 331
331 930
323 331
331 935
331 367
331 934
331 928
331 932
331 926
331 933
331 929
331 922
331 923
331 927
329 331
331 958
331 580
331 931
331 371
331 921
331 360
331 903
322 331
327 936
323 327
215 327
327 800
327 518
327 539
36 327
327 444
326 327
327 331
54 327
327 535
327 996
93 327
327 934
65 327
324 327
69 327
327 700
183 327
327 502
120 327
322 327
327 921
327 922
37 327
327 925
304 327
327 932
327 933
327 888
189 327
327 360
327 903
332 334
328 334
54 334
323 334
334 914
334 928
285 286
54 286
286 540
171 286
286 322
286 323
23 332
21 332
330 332
331 332
327 332
325 332
328 332
54 332
323 332
44 332
332 581
65 332
324 332
332 591
332 615
332 932
332 933
315 332
332 909
322 332
325 561
29 325
325 330
325 331
325 332
325 430
325 328
325 329
325 518
325 539
325 888
325 326
54 325
323 325
325 819
43 325
325 934
183 325
65 325
324 325
322 325
325 327
215 220
220 286
62 220
220 771
220 594
220 982
173 220
220 518
220 709
220 400
220 399
220 323
220 788
169 220
220 285
54 220
220 322
220 495
189 220
323 430
343 430
324 430
320 328
328 330
328 331
327 328
328 332
62 328
328 982
328 539
326 328
54 328
328 930
323 328
328 367
328 371
328 831
328 934
65 328
328 928
324 328
328 595
328 364
328 958
37 328
328 574
328 927
328 329
328 888
328 576
322 328
322 333
327 333
328 333
54 333
323 333
326 982
271 982
285 982
540 982
328 982
54 982
323 982
747 982
37 982
173 285
123 173
173 747
171 173
173 329
100 438
100 183
100 958
100 442
100 445
100 518
100 891
100 932
100 105
100 419
99 100
100 411
100 412
97 100
100 104
100 114
92 100
100 101
100 457
100 891
889 891
331 539
332 539
325 539
62 539
328 539
329 539
539 540
54 539
323 539
539 584
324 539
322 539
36 65
36 37
558 561
558 564
432 558
558 764
554 558
558 938
558 939
558 560
200 558
215 558
346 558
558 624
558 584
382 558
537 558
420 558
93 558
558 747
558 941
555 558
558 942
558 583
556 558
428 442
32 428
343 428
146 428
428 941
235 428
428 928
428 536
72 428
302 428
428 933
183 428
428 958
341 428
428 452
93 817
93 138
72 93
93 774
93 783
93 594
93 215
93 950
93 442
32 93
93 100
93 568
93 927
93 185
93 747
93 429
93 432
93 183
93 502
93 454
93 841
93 992
93 615
93 788
93 121
93 137
93 909
349 402
402 913
402 525
402 877
346 402
345 402
402 841
250 402
399 402
402 930
402 747
166 402
72 402
402 926
183 402
402 922
341 402
402 528
402 425
402 443
402 506
402 888
82 402
383 402
342 402
402 918
402 853
279 402
65 72
65 202
65 530
65 525
65 273
65 615
65 528
65 345
37 65
32 65
65 490
62 65
65 343
69 318
289 318
69 320
69 167
62 69
69 414
69 338
69 319
69 363
69 482
69 313
28 69
69 800
69 294
69 698
69 292
69 348
54 69
69 472
69 195
69 69
69 289
289 311
289 319
289 321
289 698
289 348
289 482
289 318
425 531
425 528
425 913
425 445
32 425
215 425
425 877
346 425
345 425
425 568
250 425
82 425
399 425
365 425
425 425
425 619
425 972
183 425
425 426
425 880
425 788
425 454
618 619
31 619
615 619
82 619
32 619
616 619
617 619
383 619
72 972
812 972
183 972
343 972
31 972
426 528
32 426
426 877
426 490
426 568
343 426
183 426
426 931
426 588
426 512
426 589
426 454
215 880
183 880
346 880
615 880
617 880
788 879
26 788
594 788
788 903
788 878
215 788
346 788
425 788
132 788
788 935
558 788
399 788
356 788
513 788
93 788
788 797
788 926
788 929
183 788
502 788
788 921
788 922
788 923
788 924
788 925
574 788
788 932
788 933
788 958
308 788
788 928
788 931
592 788
432 531
490 531
346 531
525 531
531 615
137 531
390 531
345 531
62 337
337 774
337 432
72 774
337 774
432 774
496 774
429 774
454 774
774 923
341 774
574 774
215 774
32 774
714 774
489 774
462 463
429 468
429 446
429 432
429 464
343 429
31 429
365 429
429 919
429 768
32 429
429 442
429 582
429 445
429 452
135 429
302 429
72 952
933 952
496 952
949 952
706 952
271 952
400 952
32 952
235 952
452 952
443 952
72 77
77 615
77 302
77 438
77 783
77 595
77 135
76 77
77 771
77 343
77 808
582 972
137 582
342 582
31 582
429 582
582 815
349 582
582 768
32 582
582 800
462 582
489 582
82 582
582 941
475 582
183 582
545 709
438 545
11 545
273 545
545 932
545 808
82 545
545 976
545 589
339 545
475 706
706 709
777 929
438 777
777 777
770 777
475 777
777 923
32 777
518 777
775 777
489 777
777 930
777 888
512 777
589 777
339 777
612 777
503 571
37 503
503 594
503 949
11 503
503 921
475 503
137 503
32 503
62 503
503 933
503 972
339 503
503 773
489 503
503 808
503 709
343 503
399 503
503 923
503 934
32 773
11 773
709 773
339 773
503 773
775 929
137 775
775 951
770 775
273 775
488 775
775 925
32 775
775 976
775 777
612 775
775 888
489 775
512 775
772 775
339 775
457 775
497 775
770 776
339 776
36 776
489 776
475 776
137 776
21 776
32 776
776 931
37 776
489 709
29 489
489 774
37 489
489 543
62 489
489 771
31 489
489 815
489 525
32 489
489 994
489 490
489 582
489 528
489 518
489 492
489 568
489 775
82 489
343 489
340 489
489 930
489 999
489 934
133 489
342 489
72 489
489 496
489 949
489 933
489 929
489 972
438 489
183 489
489 494
489 777
344 489
11 489
475 489
137 489
489 927
489 770
489 808
186 489
489 888
489 489
489 776
489 769
339 489
489 921
488 489
489 612
518 709
503 709
340 709
543 709
183 709
709 771
568 709
709 773
343 709
475 709
37 709
339 709
488 709
489 709
135 709
72 496
20 496
496 949
496 923
496 543
496 784
62 496
31 496
344 496
496 936
181 496
496 921
475 496
37 496
496 770
490 496
496 774
339 496
496 503
496 775
496 776
489 496
343 496
340 496
496 888
366 496
496 999
496 792
496 934
342 496
954 960
165 931
429 931
215 931
346 931
345 931
426 931
776 931
343 931
930 931
200 931
928 931
926 931
183 931
475 931
137 931
927 931
341 931
556 931
433 931
35 931
492 931
112 931
919 931
931 942
488 931
546 931
561 931
564 931
929 931
560 931
931 988
931 999
769 931
772 931
584 931
338 931
535 931
877 931
568 931
250 931
747 931
931 941
931 949
931 939
931 938
898 931
931 940
597 931
612 931
100 931
558 931
931 935
428 931
93 931
800 931
931 992
536 931
555 931
598 931
569 931
588 589
457 512
589 612
183 589
344 589
588 589
475 589
215 589
346 589
490 589
426 589
135 589
589 777
589 775
568 589
589 999
589 772
200 589
488 589
62 390
165 390
390 952
37 390
32 390
215 390
390 619
390 492
82 390
390 428
93 390
390 475
200 390
390 488
183 390
135 390
390 615
89 372
160 372
372 416
372 600
162 416
160 416
121 600
558 600
372 600
89 744
35 89
89 608
89 121
89 161
89 124
89 753
89 885
137 860
510 860
525 860
215 860
443 860
860 941
302 860
339 860
462 800
183 800
116 490
116 615
115 116
115 941
115 615
115 475
115 339
107 115
31 115
121 125
35 125
35 138
35 124
35 608
35 503
35 121
35 270
35 370
35 41
121 126
35 126
126 135
126 492
492 948
489 492
492 927
344 492
492 768
137 492
32 492
492 928
199 492
342 492
89 161
124 161
161 753
159 161
35 161
35 124
41 124
160 753
753 926
420 753
475 753
89 753
388 753
506 753
608 753
374 753
753 753
159 753
744 753
753 923
416 753
753 823
753 857
159 183
159 159
159 988
159 160
159 933
159 506
159 202
121 159
159 824
159 537
159 934
159 753
159 823
159 416
159 600
703 728
728 729
617 821
62 617
31 617
429 617
273 617
617 768
32 617
428 617
518 617
250 617
617 881
343 617
497 617
617 976
438 617
615 617
617 923
275 617
583 617
611 617
181 617
117 617
617 672
82 617
617 617
383 617
617 618
616 617
342 617
617 619
617 951
494 617
584 617
37 383
383 962
273 383
383 553
383 501
383 525
32 383
383 994
218 383
383 688
383 680
36 383
250 383
82 383
343 383
93 383
211 383
383 934
383 438
383 615
383 475
137 383
383 924
383 932
383 933
383 568
383 958
383 808
383 489
383 569
383 592
200 383
383 384
618 754
438 618
82 618
31 618
617 618
616 618
44 618
618 924
43 618
32 618
518 618
616 923
31 616
594 616
273 616
399 616
525 616
32 616
518 616
616 776
489 616
250 616
343 616
400 616
616 941
72 616
62 616
302 616
616 921
429 616
137 616
616 933
616 936
616 763
181 616
616 888
82 616
616 809
616 617
383 616
616 934
616 619
612 616
615 616
616 788
536 616
616 965
191 195
191 193
195 788
195 901
195 594
195 349
195 797
195 530
195 202
193 195
195 343
195 400
195 399
195 989
211 218
44 211
43 211
211 438
44 341
44 612
44 568
44 183
44 185
44 343
44 93
44 365
44 475
44 909
44 215
44 800
43 218
43 215
43 185
43 417
43 847
183 732
732 944
560 924
338 560
433 560
346 560
560 929
560 877
560 800
339 560
558 560
183 560
82 560
560 935
93 560
560 747
560 941
560 942
135 560
554 560
556 560
365 560
560 561
560 564
425 560
560 972
534 560
560 764
560 592
560 938
560 939
475 560
560 988
560 923
560 958
560 772
555 560
200 560
560 612
408 973
858 973
213 973
276 973
183 973
526 973
283 747
283 454
283 922
32 283
183 283
283 615
37 283
319 321
290 321
321 375
321 698
321 348
318 321
289 321
109 698
274 348
348 490
482 531
482 701
482 781
452 482
109 482
30 482
482 666
340 496
340 543
340 783
340 749
340 771
340 475
32 340
340 706
340 489
340 808
340 709
340 962
340 343
438 543
475 543
496 543
11 543
32 543
24 543
521 543
65 543
543 976
137 543
489 543
543 808
543 709
343 543
340 543
497 543
543 923
543 951
457 543
783 784
183 783
82 783
771 783
343 783
615 783
475 783
783 800
438 749
489 749
749 808
340 749
475 771
771 962
771 771
349 771
32 771
72 771
771 783
771 888
489 771
709 771
343 771
340 771
146 771
771 976
714 771
543 771
135 771
20 771
496 771
432 771
183 771
11 771
771 921
594 771
137 771
438 771
771 913
615 771
771 919
612 771
337 497
497 774
340 497
497 543
165 497
497 771
338 497
497 952
497 768
497 877
346 497
490 497
345 497
218 497
497 777
497 503
497 773
497 775
497 776
489 497
343 497
497 760
497 550
135 497
72 497
183 497
475 497
341 497
497 770
382 497
497 919
497 528
496 497
459 497
497 506
492 497
417 497
82 497
428 497
93 497
497 714
497 582
342 497
497 815
425 497
344 497
37 497
426 497
339 497
497 992
497 568
366 497
497 999
497 769
497 792
488 497
497 612
200 976
197 976
528 553
340 553
553 749
338 553
552 553
218 553
553 777
553 568
553 962
343 553
553 565
383 553
82 553
428 553
93 553
553 714
211 553
183 553
553 557
72 553
74 553
475 553
137 553
527 553
553 770
553 612
553 598
553 569
72 550
550 561
438 550
550 952
346 550
550 933
550 560
341 550
227 550
550 930
452 550
354 363
363 492
341 363
363 391
14 363
312 363
314 363
363 480
137 363
363 932
315 363
14 363
314 700
314 315
314 430
314 371
314 996
314 367
480 996
480 848
315 495
315 705
312 315
189 315
28 160
28 167
28 137
28 388
28 193
28 121
28 747
28 872
28 738
28 541
28 828
28 868
28 30
28 823
28 416
28 120
746 872
827 872
121 872
563 872
270 872
600 872
738 813
121 541
374 541
160 541
541 823
183 828
828 871
828 829
374 828
420 828
159 828
160 828
388 828
244 828
823 828
372 828
416 828
600 828
30 735
30 167
30 181
30 422
18 30
30 108
30 383
30 43
30 934
30 944
30 227
30 936
30 136
15 30
30 80
30 384
30 203
823 826
823 829
823 824
823 930
663 823
344 823
823 931
823 936
160 823
420 823
121 823
244 823
416 823
600 823
120 510
120 414
120 847
120 987
120 961
120 619
120 121
120 159
120 160
120 167
120 903
120 823
510 528
493 510
216 510
510 847
47 510
474 510
273 510
510 944
121 510
510 525
30 510
510 541
120 510
167 414
62 847
273 847
32 847
215 847
346 847
345 847
202 847
36 847
302 847
43 847
493 961
120 961
417 435
137 417
215 417
336 417
218 417
185 417
93 417
43 417
71 462
71 117
71 432
71 463
71 165
54 71
71 467
71 365
71 454
71 302
32 71
71 816
71 452
71 800
71 443
71 461
443 468
165 443
429 443
338 443
443 454
442 443
443 445
32 443
215 443
443 452
71 443
432 443
443 444
54 443
302 443
32 461
452 461
454 461
302 461
54 461
432 461
452 462
183 462
302 462
462 816
117 880
117 808
117 348
117 197
54 117
117 976
117 501
117 431
71 117
67 68
43 68
23 935
337 935
771 935
530 935
536 935
215 935
877 935
556 935
930 935
747 935
935 941
553 935
935 953
928 935
931 935
935 938
935 939
935 940
475 935
560 935
183 935
558 935
211 935
595 935
554 935
564 935
929 935
935 942
561 935
555 935
112 935
898 935
488 935
382 935
727 935
218 435
435 774
417 435
215 435
185 435
250 435
83 615
37 83
83 475
65 83
83 343
123 220
123 788
123 594
123 400
123 399
123 193
149 494
91 149
91 530
91 848
91 193
475 713
528 713
37 713
165 713
594 713
713 913
32 713
215 713
345 713
339 713
343 713
400 713
399 713
93 713
713 800
72 713
183 713
502 713
62 713
713 770
202 713
529 713
171 285
329 330
329 331
328 329
329 594
329 400
329 982
329 730
329 539
54 329
329 399
323 329
329 367
329 371
329 934
324 329
329 949
329 932
329 888
322 329
62 187
187 594
187 913
187 349
187 401
187 475
187 525
32 187
187 618
187 383
187 862
187 202
82 187
187 788
187 616
187 530
187 615
187 617
525 862
187 862
366 862
165 202
31 202
202 349
202 530
202 273
202 525
32 202
202 695
202 462
202 706
202 399
202 989
0 202
65 202
202 432
202 510
202 279
193 202
202 275
202 202
202 913
202 615
202 740
202 454
401 518
183 401
193 401
400 401
196 197
72 197
183 197
165 197
197 343
197 338
197 525
197 615
37 197
197 215
197 877
197 346
197 490
197 345
197 341
32 197
82 197
197 383
197 428
93 197
197 616
197 211
197 200
197 384
197 598
197 569
183 384
384 784
384 771
31 384
384 429
384 615
384 475
37 384
384 501
32 384
235 384
271 384
384 568
302 384
384 452
72 598
598 958
518 598
183 598
595 598
200 598
384 598
181 598
72 569
74 569
137 569
569 749
569 877
32 569
346 569
490 569
345 569
569 582
528 569
545 569
218 569
569 777
568 569
569 776
82 569
343 569
340 569
54 569
569 589
383 569
93 569
553 569
569 999
211 569
426 569
550 569
569 931
425 569
569 769
183 569
569 772
569 615
475 569
488 569
569 598
492 569
382 569
569 992
339 569
569 612
121 216
216 807
121 807
247 807
213 805
183 805
256 805
213 213
213 594
222 905
225 880
200 231
231 813
183 231
231 231
231 878
54 231
231 400
231 233
193 233
788 878
797 878
878 879
132 878
346 878
485 813
813 814
292 813
363 813
289 813
237 507
237 958
237 506
135 237
506 507
268 703
268 428
183 268
168 268
268 302
268 432
32 268
268 816
268 452
135 268
268 268
268 290
290 311
293 495
292 293
62 293
54 293
293 602
273 293
293 982
32 293
167 293
293 346
189 293
175 292
173 292
292 293
292 346
292 537
292 540
138 292
292 391
292 363
292 814
292 666
292 591
183 292
292 364
42 292
137 292
292 707
292 299
292 932
292 676
292 294
292 495
292 320
286 292
167 292
292 325
220 292
292 414
292 961
292 982
292 323
292 407
292 546
292 556
292 835
292 907
62 292
292 971
292 915
37 292
292 292
292 536
292 555
176 297
176 313
176 941
172 176
480 848
19 520
132 520
240 520
432 520
520 617
520 730
365 520
520 921
520 615
520 923
181 520
343 520
383 520
93 520
520 592
520 763
135 520
54 914
22 928
923 928
165 928
31 928
768 928
48 928
556 928
568 928
292 928
343 928
535 928
928 930
747 928
928 941
928 929
926 928
363 928
928 938
928 939
928 958
928 940
924 928
925 928
927 928
301 928
928 931
328 928
564 928
313 928
492 928
558 928
928 972
82 928
928 935
428 928
919 928
561 928
928 942
928 999
200 928
560 928
624 928
112 928
536 928
772 928
555 928
898 928
531 944
138 944
137 944
62 944
47 944
349 944
400 944
32 944
346 944
490 944
345 944
518 944
781 944
339 944
568 944
709 944
54 944
941 944
183 944
615 944
944 944
922 944
923 944
317 944
193 944
932 944
933 944
275 944
944 958
936 944
467 944
589 944
495 944
399 944
817 944
808 944
167 944
443 944
461 944
432 944
482 944
195 944
30 944
43 944
934 944
69 944
302 944
289 944
494 944
454 944
384 944
215 355
327 355
337 382
382 528
382 774
382 771
382 429
338 382
215 382
382 507
218 382
382 506
382 428
382 489
382 934
382 550
43 382
72 382
382 496
382 432
183 382
137 382
341 382
382 936
382 880
227 382
382 569
202 695
343 695
349 695
594 695
475 695
32 695
695 695
193 695
187 695
36 695
617 695
399 695
520 695
695 885
31 33
33 730
33 880
730 933
25 730
121 730
82 730
383 730
160 730
493 730
561 730
275 730
730 934
730 764
730 932
730 818
84 933
84 615
202 287
287 349
65 287
193 287
407 407
407 836
301 836
515 836
296 407
298 299
515 920
62 920
432 920
342 815
342 344
342 447
342 768
342 475
165 342
32 342
342 518
342 582
342 695
342 492
342 489
342 709
82 342
342 343
342 438
302 342
342 429
815 932
447 815
438 815
489 815
815 951
165 815
497 815
815 976
815 830
457 815
342 815
344 531
137 344
82 344
31 344
344 429
32 344
344 582
344 518
344 503
344 775
344 930
344 928
211 344
344 932
344 496
344 933
344 432
344 438
344 475
344 934
344 927
344 931
344 559
344 592
249 344
344 695
344 433
344 888
344 546
344 554
342 344
344 561
344 564
344 929
344 942
344 948
344 988
344 560
121 344
344 454
11 344
344 999
344 489
344 556
344 771
344 594
344 768
344 390
344 568
344 400
344 399
344 747
344 941
343 344
344 921
344 922
344 923
344 924
344 925
344 958
344 903
344 823
344 461
344 558
93 344
183 344
344 619
344 770
344 492
344 569
32 447
447 727
447 815
235 447
447 830
135 447
351 352
351 709
351 589
43 351
351 808
352 788
109 352
352 399
11 352
195 352
352 594
351 352
137 352
346 352
193 352
368 582
189 201
18 366
366 525
366 383
366 497
366 934
366 496
366 438
62 366
37 366
187 366
366 932
275 366
366 542
366 990
366 936
366 366
366 559
366 536
366 951
366 457
366 384
496 999
972 999
475 999
344 999
921 999
922 999
32 999
930 999
932 999
958 999
518 999
492 999
888 999
903 999
489 999
568 999
931 999
589 999
928 999
438 769
769 913
273 769
37 769
32 769
489 769
490 769
772 926
772 923
772 888
772 965
772 921
772 966
772 924
772 932
772 933
772 881
770 772
568 772
772 931
488 772
772 809
588 772
772 775
32 772
772 934
612 772
772 928
72 792
496 792
32 792
792 972
62 792
343 792
470 792
488 812
62 488
32 488
488 489
488 553
438 488
470 488
488 921
137 488
488 958
488 770
488 811
488 512
488 589
273 488
488 808
272 488
11 488
433 488
488 888
488 935
345 488
488 934
488 556
488 772
488 569
26 612
54 612
497 612
518 612
568 612
612 775
137 612
612 709
438 612
183 612
31 612
612 933
612 922
612 923
612 924
339 612
18 612
193 612
612 932
612 770
612 931
612 936
588 612
400 612
200 612
273 612
612 777
323 612
492 612
612 888
383 612
512 612
82 612
534 612
594 612
612 935
475 612
21 612
612 934
342 612
561 612
612 951
349 612
612 976
344 612
11 612
612 988
612 921
489 612
32 612
612 772
457 612
384 612
138 734
18 734
181 734
62 734
734 933
518 734
250 734
734 936
383 734
734 934
384 734
135 734
138 156
138 138
24 138
16 138
138 183
138 595
138 207
138 922
138 355
138 181
138 478
138 933
29 138
138 518
138 888
121 138
138 343
138 941
138 934
138 903
46 944
46 501
46 63
46 348
46 54
46 117
46 431
46 69
46 768
46 289
23 501
117 501
501 612
432 501
183 501
165 501
429 501
501 944
346 501
490 501
501 715
501 946
501 688
492 501
501 776
343 501
501 978
345 501
452 501
135 501
109 351
109 922
109 934
109 220
109 718
109 309
109 808
109 709
54 109
109 589
43 109
109 289
292 540
540 813
495 540
364 540
54 540
464 815
446 464
320 464
464 568
444 464
37 464
54 464
464 930
323 464
447 464
464 768
464 922
464 903
464 830
200 464
135 464
464 727
329 464
18 444
444 444
16 444
444 768
183 444
444 464
82 444
443 444
54 444
286 538
538 540
495 538
538 538
220 538
54 538
324 502
324 949
324 936
324 430
54 324
323 324
322 324
324 934
43 324
324 574
324 332
65 324
32 949
582 949
777 949
503 949
568 949
489 949
343 949
535 949
747 949
135 949
496 949
933 949
165 949
938 949
939 949
452 949
932 949
597 949
936 949
949 992
200 949
342 949
528 949
320 949
442 949
860 949
877 949
492 949
888 949
558 949
185 949
617 949
428 949
93 949
714 949
934 949
556 949
561 949
564 949
560 949
454 949
942 949
339 949
820 949
775 949
772 949
598 949
349 364
364 539
364 540
62 364
932 955
933 955
591 955
560 955
955 961
121 955
159 955
82 955
934 955
40 518
40 181
40 62
42 88
42 982
42 995
136 518
15 136
136 181
15 138
15 136
142 590
142 265
142 181
15 142
141 142
129 141
62 141
141 615
265 590
265 518
183 265
165 265
15 265
31 265
142 265
141 265
219 265
265 365
265 615
200 265
265 919
32 265
135 265
181 265
265 383
250 265
155 343
774 919
643 919
165 919
771 919
429 919
349 919
445 919
32 919
181 919
346 919
518 919
82 919
343 919
400 919
919 976
714 919
919 928
619 919
432 919
919 972
438 919
226 919
365 919
454 919
919 923
919 933
341 919
632 919
636 919
302 919
640 919
520 819
37 272
271 272
497 532
21 532
432 532
532 774
29 532
532 962
532 771
343 532
532 592
532 972
532 935
532 976
532 913
30 532
25 532
532 808
219 265
142 219
266 590
265 266
284 432
284 813
183 284
69 284
54 313
313 560
313 355
14 705
132 705
705 816
430 705
165 705
54 705
705 919
135 705
452 705
138 353
54 394
518 867
181 867
147 148
54 172
115 243
243 400
243 399
243 357
357 968
224 518
181 224
200 252
93 252
183 252
252 256
135 252
252 302
32 252
302 951
383 951
54 951
384 951
138 457
384 457
183 457
457 569
535 537
490 535
535 558
292 535
535 747
535 941
535 546
535 554
535 556
535 942
535 938
535 939
535 898
535 940
137 535
112 535
535 536
535 769
535 555
23 930
20 930
774 930
22 930
165 930
32 930
215 930
346 930
777 930
476 930
775 930
292 930
343 930
535 930
928 930
72 930
926 930
771 930
362 930
475 930
927 930
341 930
930 931
556 930
528 930
930 953
492 930
112 930
159 930
714 930
342 930
561 930
564 930
929 930
764 930
560 930
930 999
611 930
568 930
250 930
747 930
930 941
437 930
363 930
831 930
930 938
930 939
898 930
930 940
922 930
925 930
919 930
313 930
100 930
930 935
428 930
93 930
402 930
555 930
558 930
930 942
930 982
54 831
18 831
21 831
24 831
16 831
362 568
31 362
362 612
183 362
275 362
82 362
343 362
250 362
72 559
559 941
215 559
558 559
537 559
93 559
559 747
554 559
556 559
559 561
559 564
559 938
559 591
559 942
559 940
559 939
559 560
559 898
475 559
559 574
112 559
555 559
200 559
19 592
564 592
100 592
99 592
592 747
592 941
554 592
556 592
561 592
591 592
592 942
592 939
560 592
475 592
592 938
25 592
558 592
555 592
249 808
249 923
249 768
32 249
76 249
249 518
249 492
249 927
249 928
249 930
249 934
135 249
249 302
249 926
249 929
183 249
249 344
249 249
249 921
249 922
37 249
249 924
249 574
249 933
249 958
249 903
23 433
17 433
26 433
16 433
22 433
137 433
165 433
433 771
433 560
433 988
425 433
215 433
433 490
183 433
433 770
433 568
382 433
343 433
433 935
82 433
433 553
433 992
433 772
433 488
433 612
433 452
135 433
20 888
774 888
22 888
165 888
429 888
888 925
813 888
32 888
346 888
77 888
339 888
503 888
775 888
776 888
343 888
767 888
749 888
888 933
86 888
745 888
475 888
137 888
888 932
341 888
770 888
382 888
888 898
888 913
888 936
512 888
362 888
200 888
556 888
26 888
528 888
777 888
877 888
445 888
888 994
183 888
506 888
405 888
888 888
185 888
490 888
82 888
617 888
383 888
616 888
714 888
211 888
888 934
342 888
561 888
815 888
564 888
764 888
344 888
454 888
135 888
560 888
121 888
74 888
888 972
489 888
772 888
612 888
323 888
138 888
292 888
215 888
768 888
218 888
568 888
250 888
464 888
399 888
324 888
747 888
888 949
595 888
888 938
888 940
888 922
888 923
87 888
888 958
54 888
888 919
888 903
72 888
132 888
345 888
327 888
313 888
492 888
417 888
558 888
428 888
93 888
888 999
888 890
425 888
888 939
888 942
488 888
329 888
21 888
888 992
365 888
112 888
363 888
888 921
384 888
615 888
569 888
546 942
546 938
546 939
535 546
537 546
383 546
546 747
546 941
546 558
536 546
546 769
546 555
546 554
546 556
72 554
554 774
137 554
82 554
93 554
183 554
554 938
554 939
554 560
475 554
37 554
528 554
554 597
554 558
554 747
537 554
554 941
554 919
554 555
554 942
554 556
556 561
556 564
183 556
556 938
556 939
556 560
556 942
346 556
556 558
556 747
537 556
343 556
556 941
382 556
555 556
200 556
556 764
554 556
561 926
561 564
561 929
561 764
561 938
560 561
475 561
561 923
561 925
433 561
561 939
561 927
561 922
550 561
561 932
561 568
561 958
561 924
558 561
561 931
561 936
561 928
343 561
561 930
561 935
561 747
561 941
561 919
555 561
200 561
561 934
561 942
561 903
556 561
23 564
26 564
22 564
564 922
215 564
564 877
476 564
564 568
343 564
399 564
564 747
74 564
564 926
564 949
564 591
183 564
564 938
564 939
564 921
475 564
564 923
564 925
564 932
564 933
564 958
200 564
564 903
564 936
445 564
432 564
564 888
558 564
82 564
383 564
93 564
564 714
564 934
556 564
561 564
425 564
564 764
560 564
564 942
564 767
564 772
384 564
165 929
768 929
536 929
583 929
346 929
929 935
218 929
777 929
775 929
929 930
747 929
929 941
557 929
928 929
926 929
929 939
898 929
929 940
475 929
924 929
925 929
927 929
135 929
564 929
597 929
555 929
929 931
929 958
546 929
528 929
561 929
558 929
568 929
476 929
556 929
929 938
929 942
560 929
183 929
862 929
766 929
112 929
929 950
384 929
569 929
932 942
561 942
942 949
564 942
929 942
560 942
926 942
921 942
922 942
924 942
925 942
927 942
933 942
942 958
888 942
931 942
936 942
928 942
930 942
923 942
592 942
934 942
903 942
492 948
438 948
138 988
988 992
37 988
32 988
215 988
433 988
135 988
346 988
382 988
811 988
343 988
747 988
550 988
18 80
80 934
80 384
62 80
80 181
80 936
80 518
80 227
80 909
80 808
80 709
80 383
80 530
80 819
44 80
93 909
518 909
43 909
215 909
454 909
79 669
79 302
79 183
79 135
79 429
78 79
302 669
79 669
77 78
78 302
78 183
78 135
76 78
78 79
78 429
138 156
346 967
189 513
193 513
281 513
93 513
195 487
797 879
788 797
193 797
797 878
198 813
198 352
54 198
276 973
183 276
54 276
276 399
276 615
276 610
475 610
610 617
610 620
610 930
610 800
462 610
610 888
535 610
546 610
561 610
591 610
610 921
610 615
610 922
137 610
610 924
610 925
610 927
610 932
610 958
610 936
610 903
583 610
183 247
247 595
247 924
247 475
35 247
247 888
121 247
82 247
247 923
200 247
72 595
595 932
595 619
595 774
183 595
32 595
595 601
518 595
428 595
235 595
595 598
226 595
457 595
452 595
135 595
595 727
583 595
556 595
257 259
259 614
82 259
256 259
256 257
200 614
82 614
183 614
256 614
259 614
215 275
275 438
183 275
165 275
275 494
193 275
275 988
275 525
275 346
275 994
275 308
275 848
275 811
82 275
54 275
275 919
133 275
275 615
275 990
308 788
183 308
91 308
308 594
308 530
279 308
193 308
308 345
308 913
273 308
202 308
308 308
308 400
308 399
72 990
492 990
340 990
82 990
165 990
343 990
93 990
366 990
530 990
784 990
768 990
342 990
990 994
365 990
215 811
528 811
344 811
768 811
442 811
32 811
695 811
811 877
433 811
800 811
302 811
425 811
446 811
811 972
183 811
772 811
11 811
137 811
488 811
612 811
202 811
426 811
770 811
811 992
811 931
568 811
811 999
589 811
454 811
569 811
133 781
133 494
133 594
133 399
133 530
133 222
133 617
133 994
77 133
133 345
10 808
10 518
10 497
10 976
10 921
10 951
10 457
132 473
132 456
32 132
132 239
132 433
54 132
132 399
93 132
132 747
132 941
132 714
132 432
132 165
132 183
132 502
132 447
11 132
132 137
132 273
132 235
456 933
456 934
456 936
121 239
181 239
239 518
105 183
105 411
100 105
105 889
103 419
99 889
99 183
99 100
99 442
102 411
106 412
93 97
97 442
97 183
97 889
104 183
104 921
97 104
104 889
100 114
70 92
92 183
92 97
92 100
100 101
101 183
101 889
101 892
101 890
101 891
70 337
70 774
70 340
70 543
70 165
31 70
70 338
70 952
70 768
70 877
70 346
70 490
70 582
70 528
70 218
70 777
70 503
70 568
70 775
70 776
70 343
70 760
70 135
70 72
70 784
70 183
70 615
70 475
70 341
70 770
70 382
70 339
70 532
70 550
70 800
70 492
70 417
70 82
70 617
70 428
70 93
70 714
70 345
70 919
70 529
70 342
70 425
70 502
70 344
37 70
70 426
70 437
70 727
70 992
70 773
70 366
70 999
70 769
70 772
70 792
70 488
70 612
889 892
890 892
891 892
889 890
890 997
102 889
105 889
419 889
99 889
411 889
412 889
97 889
104 889
106 889
100 889
101 889
103 889
144 747
150 421
150 292
292 421
72 280
86 280
132 280
183 280
280 429
280 349
280 913
280 365
273 280
280 944
226 280
280 816
280 489
280 747
280 941
235 280
280 302
280 463
280 452
358 482
195 358
313 358
348 358
193 358
289 358
323 369
370 386
386 478
386 823
386 416
370 531
138 370
370 427
132 370
167 370
370 510
370 594
313 370
310 370
46 370
52 370
181 370
370 786
117 370
370 664
370 737
370 518
370 781
320 370
292 370
370 400
370 399
370 472
195 370
370 409
289 370
370 975
363 370
370 483
370 493
370 494
207 370
370 739
370 485
370 478
370 663
275 370
47 370
317 370
370 723
294 370
321 370
28 370
348 370
154 370
370 487
370 961
370 788
370 512
370 482
133 370
184 370
370 903
30 370
370 734
41 478
207 478
478 922
370 478
842 944
238 842
238 454
238 432
618 754
31 754
82 754
23 584
21 584
584 950
346 584
76 584
558 584
537 584
343 584
584 747
584 941
475 584
183 584
584 595
584 938
584 939
584 898
584 940
584 922
574 584
583 584
112 584
82 584
554 584
556 584
561 584
564 584
584 942
344 584
560 584
584 624
555 584
384 584
584 615
183 992
494 992
502 992
988 992
137 992
215 992
433 992
800 992
958 992
202 992
568 992
888 992
992 992
378 992
93 992
810 812
810 972
784 810
772 810
165 810
82 810
771 810
343 810
31 810
93 810
37 810
135 810
346 810
130 927
130 365
130 131
130 131
131 615
32 61
61 800
61 64
32 64
64 183
64 800
140 181
140 205
140 518
140 168
15 140
140 703
140 141
121 205
35 205
204 205
205 420
179 219
179 180
179 518
179 180
180 219
180 518
200 248
82 248
183 248
248 365
248 256
256 260
183 262
82 262
256 262
346 985
518 985
774 985
82 985
771 985
343 985
965 985
501 985
903 985
922 926
22 926
923 926
429 926
925 926
215 926
346 926
582 926
777 926
292 926
535 926
926 930
112 926
926 928
183 926
615 926
475 926
96 926
926 927
926 931
442 926
617 926
556 926
564 926
926 929
926 942
560 926
561 926
454 926
343 926
320 926
747 926
926 941
926 940
924 926
597 926
903 926
823 926
363 926
313 926
926 958
558 926
93 926
425 926
555 926
926 938
926 939
536 926
898 926
763 926
25 493
62 493
493 886
475 493
32 493
493 596
492 493
493 800
493 582
121 493
250 493
343 493
404 493
493 934
135 493
339 373
373 503
373 774
373 568
373 492
373 582
183 373
62 373
82 373
373 617
75 373
344 373
373 616
373 768
373 475
373 769
373 618
72 373
373 877
373 994
373 417
77 373
342 373
583 939
558 583
537 583
82 583
583 747
583 941
583 942
554 583
556 583
561 583
564 583
583 938
560 583
583 923
583 584
583 624
112 583
555 583
583 898
583 940
72 620
619 620
37 620
183 620
165 620
31 620
620 924
181 620
620 623
611 620
341 620
620 625
620 626
620 627
346 620
620 672
620 899
518 620
620 644
620 640
620 635
615 620
617 620
93 620
620 919
302 620
620 769
200 620
620 884
620 638
452 620
135 620
616 620
183 459
459 709
459 506
135 459
359 819
375 561
375 560
62 508
375 376
365 950
950 957
584 950
574 950
493 950
841 918
432 841
454 841
399 841
346 841
841 877
35 204
204 443
121 204
204 464
204 444
204 420
41 204
195 204
204 204
204 323
204 322
204 484
328 576
65 576
85 138
85 594
99 106
106 411
106 922
106 137
106 889
106 183
100 106
106 373
350 788
93 350
350 350
308 350
195 350
200 360
183 360
250 360
168 360
54 360
168 203
203 703
203 808
203 709
62 203
203 847
203 589
181 203
203 518
203 227
62 735
181 735
518 735
706 735
227 735
271 735
709 735
735 962
588 735
735 761
44 735
589 735
735 808
108 183
108 215
108 518
60 422
184 365
184 310
52 184
183 184
135 184
62 184
310 620
310 875
310 611
310 846
93 310
52 615
52 200
52 847
52 120
48 66
66 875
66 310
66 611
718 950
718 957
54 718
289 718
309 309
781 877
482 781
780 781
666 781
781 782
58 59
59 706
59 518
59 422
59 227
59 271
59 962
59 199
59 808
59 709
59 62
59 589
59 588
59 612
59 181
59 60
199 589
199 492
32 199
183 199
199 709
199 771
60 709
60 706
60 518
60 475
60 181
60 808
60 962
60 193
60 60
518 760
432 760
82 760
343 760
365 760
445 760
760 934
181 760
390 760
345 760
760 761
165 437
437 518
437 442
437 438
771 784
529 933
529 552
475 529
529 706
529 695
529 551
529 709
489 529
75 438
75 833
75 745
75 135
75 77
745 833
438 833
349 833
183 833
833 913
833 976
512 833
833 951
174 833
135 833
833 903
745 833
438 745
442 745
135 745
745 903
72 87
37 87
87 183
87 595
87 598
102 419
102 183
97 102
102 889
102 103
103 889
111 937
111 926
17 111
111 958
19 111
16 111
29 111
22 111
54 111
111 936
18 111
111 323
932 937
933 937
18 937
23 937
20 937
17 937
24 937
26 937
16 937
29 937
22 937
888 937
903 937
936 937
937 949
19 937
25 937
921 937
922 937
21 937
934 937
82 389
168 389
223 389
389 703
31 389
121 228
124 228
228 370
228 905
35 228
228 608
35 608
121 608
608 753
43 294
195 295
295 788
291 295
294 295
88 755
167 755
345 755
558 854
218 335
185 335
335 833
211 335
335 417
365 408
62 688
560 688
688 688
688 747
615 688
383 688
616 688
688 941
82 688
62 680
82 680
383 680
679 680
273 680
615 680
384 680
65 680
508 873
45 873
183 873
873 873
167 873
31 317
32 317
317 860
317 776
317 747
317 941
65 317
317 432
183 317
317 948
317 475
317 670
317 696
200 317
32 696
227 696
432 696
76 77
76 880
76 518
76 135
76 808
76 343
76 78
94 428
94 595
94 165
94 100
94 95
95 595
95 428
95 165
95 537
95 100
138 824
823 824
160 162
162 416
162 388
166 425
166 528
166 183
166 922
166 768
166 215
166 877
166 346
166 345
135 166
166 584
166 568
166 489
166 400
166 399
166 714
166 769
166 816
166 903
169 495
169 676
169 220
169 292
220 676
173 676
676 676
495 676
676 927
69 676
41 207
41 138
41 93
41 178
41 927
41 423
41 478
41 154
41 100
41 204
183 207
154 207
207 208
207 922
138 207
207 478
178 478
210 739
210 830
210 927
210 348
93 739
343 739
32 739
815 830
446 830
568 830
464 830
54 830
383 830
454 830
768 830
830 831
442 830
32 830
183 830
727 830
323 830
302 830
135 830
200 288
183 288
65 288
62 288
82 288
54 288
250 288
200 264
82 264
264 707
264 489
250 264
264 343
361 707
464 707
82 707
183 707
707 808
343 707
707 901
624 707
200 707
489 707
300 495
292 300
300 947
54 947
306 950
140 306
306 490
306 518
304 306
121 304
498 547
547 771
547 982
913 918
399 918
528 853
714 853
166 853
278 279
340 509
273 509
32 509
509 525
509 509
215 509
509 748
503 509
509 860
509 709
443 509
165 509
93 509
454 509
509 770
420 509
302 509
489 509
509 617
509 823
165 759
62 759
348 759
365 759
32 759
45 339
45 771
45 873
45 475
45 612
45 49
45 193
45 977
72 98
93 98
98 183
98 530
32 98
110 860
100 110
35 113
113 121
118 138
118 183
118 953
72 953
429 953
442 953
860 953
307 953
953 953
183 953
518 953
932 953
302 953
457 953
452 953
121 122
122 122
204 484
98 143
143 518
121 143
143 709
62 143
143 193
15 143
188 189
118 208
208 418
118 418
189 209
209 340
234 666
173 234
109 234
666 849
666 707
666 668
54 666
323 666
302 446
446 461
446 830
446 464
160 580
302 347
347 816
183 377
54 377
136 378
378 409
167 378
49 346
45 49
49 518
49 666
49 158
49 82
49 602
49 873
32 49
49 816
49 490
90 594
90 135
156 157
138 157
18 157
157 606
157 824
157 936
157 383
157 934
157 384
344 606
93 606
218 606
341 606
37 606
606 888
82 606
183 606
606 903
417 606
343 606
31 606
170 220
236 756
236 987
236 756
561 871
374 871
159 871
160 871
388 871
823 871
829 949
121 829
829 936
47 829
829 885
823 829
825 829
72 307
183 307
165 307
307 952
307 953
307 475
32 307
307 877
100 307
307 428
307 568
307 558
307 343
307 941
187 307
273 307
307 345
307 880
356 594
93 356
540 971
364 971
814 982
292 814
495 814
72 536
363 536
535 536
536 942
536 938
536 939
183 536
536 615
536 597
536 558
292 536
536 747
536 941
536 555
536 537
536 556
536 546
405 536
536 554
215 555
555 561
555 988
555 972
183 555
555 938
555 939
555 560
137 555
555 747
433 555
346 555
555 558
537 555
93 555
555 941
200 555
555 942
554 555
555 556
175 407
175 561
175 676
175 907
175 175
175 877
175 932
175 958
175 888
54 175
175 323
175 558
175 338
175 934
175 495
336 346
218 336
93 336
336 343
185 336
137 336
336 434
336 417
146 568
146 382
146 992
146 475
146 988
146 215
146 433
54 152
152 302
177 478
214 218
232 233
232 848
241 311
165 241
62 241
241 520
241 475
241 550
32 241
241 452
882 949
882 958
165 901
31 901
594 901
215 901
346 901
77 901
503 901
489 901
464 901
444 901
400 901
399 901
93 901
616 901
695 901
135 901
425 901
183 901
595 901
771 901
615 901
901 988
452 901
405 901
492 901
788 901
235 901
200 901
787 901
823 901
93 434
381 508
120 381
381 530
32 381
381 490
183 397
250 397
397 475
405 788
11 405
137 405
62 405
193 405
202 989
594 989
663 955
310 663
243 245
277 747
54 277
715 717
183 715
715 722
235 715
715 725
715 731
135 715
813 946
568 978
54 978
978 979
344 978
616 978
877 978
550 978
452 978
135 978
392 455
32 455
119 165
32 119
337 787
432 787
574 787
346 787
131 787
944 945
875 941
346 875
26 611
611 774
340 611
611 649
552 611
32 611
611 642
611 930
611 928
611 615
475 611
137 611
584 611
574 611
37 611
611 932
611 933
611 624
611 958
611 936
592 611
583 611
492 611
611 644
611 638
611 640
611 635
611 934
546 611
611 629
611 630
611 632
611 633
611 634
611 636
611 639
611 647
611 651
611 763
472 848
72 107
107 770
107 475
37 107
123 129
129 183
129 220
129 165
129 813
129 919
193 485
485 599
138 182
182 941
190 813
190 193
192 351
54 192
192 269
72 269
269 958
269 774
269 503
269 568
269 543
269 776
183 269
165 269
269 343
82 269
269 338
269 919
269 475
37 269
200 269
269 952
269 488
215 269
240 860
246 905
35 246
246 247
121 246
246 807
278 788
278 278
278 308
278 594
193 278
278 400
278 399
278 323
264 301
183 301
301 800
183 974
165 974
429 974
302 974
715 974
442 974
333 424
657 658
430 499
327 657
328 657
432 533
183 533
365 533
215 533
533 550
361 962
361 808
361 707
378 379
396 397
403 859
403 859
2 837
2 867
127 310
128 183
128 903
247 743
595 743
743 743
503 743
165 743
82 743
616 743
743 919
183 743
740 788
193 740
594 740
239 763
639 763
640 763
250 763
383 763
82 763
751 763
763 934
344 763
615 763
390 763
615 790
656 790
251 257
251 496
82 251
183 251
251 343
54 251
165 251
251 264
32 251
135 251
251 507
251 615
69 251
253 254
72 253
250 253
253 256
256 261
256 263
282 909
181 282
282 962
282 518
44 282
65 577
542 949
489 542
542 930
542 924
138 406
406 747
183 406
406 929
81 406
406 746
121 406
35 406
41 406
35 81
81 608
81 247
41 81
81 246
121 746
746 807
372 746
120 746
35 270
423 423
41 423
154 932
138 154
154 949
154 933
26 154
154 207
89 744
121 744
744 753
89 885
829 885
138 221
221 221
313 806
806 944
132 404
404 405
404 963
11 963
433 963
183 963
137 963
111 112
54 112
742 774
742 962
183 742
518 742
31 742
615 742
181 742
62 742
709 742
706 742
341 742
227 742
742 742
588 742
617 742
589 742
43 742
742 909
742 808
57 59
393 432
14 410
167 415
427 531
445 468
443 468
429 468
442 468
183 908
436 525
349 436
165 439
228 441
449 727
447 449
448 449
451 894
490 894
329 894
159 886
823 886
137 596
82 596
62 596
493 596
11 596
475 596
596 612
596 596
526 860
458 518
458 909
44 458
32 458
121 460
465 909
465 518
44 465
183 466
466 475
165 471
467 471
474 747
474 474
343 623
623 774
475 625
37 626
525 626
72 627
774 884
545 899
339 899
23 672
20 672
672 774
648 672
31 672
32 672
622 672
86 672
672 921
615 672
672 922
672 923
672 932
672 933
672 958
672 936
133 672
672 903
72 672
672 730
672 672
672 888
644 672
635 672
617 672
383 672
672 934
672 763
620 644
615 644
383 644
72 638
638 932
638 923
615 638
620 638
638 933
638 888
226 638
26 640
640 774
340 640
640 649
552 640
32 640
343 640
640 930
640 923
640 928
615 640
475 640
137 640
574 640
37 640
640 932
640 933
640 958
640 931
640 936
640 763
584 640
592 640
640 903
583 640
620 640
492 640
640 644
638 640
640 640
635 640
640 934
546 640
629 640
630 640
632 640
633 640
634 640
636 640
639 640
640 642
640 647
624 640
640 651
635 932
20 635
635 949
635 774
635 936
635 921
615 635
620 635
635 924
635 925
383 635
635 933
635 958
635 640
629 635
635 636
635 934
583 635
929 970
35 970
608 970
591 970
121 970
160 970
970 970
560 970
420 970
950 970
476 528
476 476
43 476
476 595
54 476
428 476
93 476
476 793
476 927
477 973
168 477
477 703
917 968
596 975
975 995
54 481
481 539
482 701
133 483
378 483
200 599
72 491
74 491
491 772
215 491
200 491
491 913
426 491
491 952
37 491
491 525
490 491
491 776
382 491
491 528
218 491
76 491
491 777
491 568
491 888
343 491
438 491
93 491
491 848
211 491
491 769
491 550
488 491
491 612
135 491
491 569
498 813
503 571
543 571
183 571
343 571
200 571
215 571
135 571
135 505
54 609
62 748
511 530
193 511
202 511
215 519
519 615
384 519
440 516
440 517
521 523
65 521
475 521
523 543
343 523
521 523
475 523
523 589
523 709
523 808
522 523
475 522
521 522
523 524
552 706
529 552
552 709
528 552
552 553
475 552
399 552
527 552
552 557
390 552
490 552
544 551
551 565
529 551
551 572
551 552
475 551
137 551
551 706
551 557
551 709
551 566
551 553
551 750
551 751
551 585
551 587
551 562
527 551
527 553
527 552
475 527
32 527
65 527
527 557
527 562
475 557
557 777
183 557
552 557
218 557
501 557
557 881
489 557
557 709
343 557
557 568
93 557
553 557
557 751
200 557
527 557
475 562
562 706
562 659
562 573
551 562
527 562
183 534
534 612
898 938
939 940
888 898
898 933
65 898
62 898
36 898
537 940
747 940
940 941
554 940
556 940
564 940
558 940
940 942
560 940
561 940
555 940
537 597
554 597
346 597
476 597
558 597
93 597
597 747
597 941
597 942
555 597
597 938
597 939
560 597
536 597
556 597
544 544
544 565
529 544
544 560
475 544
544 932
544 933
339 544
503 544
544 551
343 544
400 544
399 544
544 788
544 976
544 562
551 565
544 565
475 565
475 566
551 566
566 573
543 572
572 585
475 572
137 572
572 586
551 572
572 573
343 572
475 750
750 751
709 750
573 750
529 750
751 923
706 751
751 777
751 888
750 751
587 751
751 949
751 972
529 751
11 751
751 921
475 751
137 751
612 751
572 585
475 585
551 585
585 808
585 709
551 587
573 587
475 587
587 612
183 881
135 881
346 881
464 881
341 881
568 881
558 624
165 624
346 624
76 624
112 624
537 624
624 962
624 747
624 941
554 624
556 624
561 624
564 624
183 624
624 938
624 939
560 624
624 898
624 940
624 942
584 624
555 624
615 624
583 624
475 659
659 949
62 659
344 659
659 922
659 923
573 659
659 770
568 659
551 659
562 659
82 659
343 659
527 659
659 903
551 573
767 767
384 767
767 903
766 767
503 567
567 706
438 567
570 706
570 921
339 570
503 570
570 773
501 570
572 586
475 586
329 578
332 581
508 856
601 665
100 601
92 601
601 953
438 601
595 601
382 601
601 727
665 932
512 665
518 665
665 717
438 665
183 665
603 604
603 605
604 605
560 605
183 605
595 605
165 605
82 605
736 860
736 944
72 629
629 638
629 640
615 629
343 629
629 932
629 933
620 629
383 629
620 630
630 926
592 630
630 921
630 922
630 924
574 630
630 928
630 933
624 630
630 931
615 630
630 903
615 632
620 632
615 633
620 633
633 763
615 634
620 634
383 634
72 636
620 636
165 636
636 771
31 636
615 636
475 636
215 636
582 636
636 933
183 636
636 638
636 936
37 636
617 636
616 636
636 919
636 774
612 636
342 636
616 639
615 639
620 639
492 639
642 932
23 642
642 648
642 933
642 929
641 642
642 926
642 936
615 642
620 642
584 642
19 647
16 647
637 647
643 647
646 647
647 648
647 784
647 936
615 647
620 647
32 647
647 949
618 647
647 932
647 933
640 647
629 647
647 649
639 647
642 647
647 783
615 649
620 649
615 651
620 651
613 614
72 809
215 809
809 881
809 952
550 809
809 966
444 809
183 809
165 809
809 809
809 965
343 809
93 965
881 965
768 965
965 966
492 965
215 965
346 965
809 965
345 965
135 821
621 631
621 637
621 641
621 643
621 646
621 648
621 650
621 652
621 653
621 654
52 621
621 656
621 644
621 638
621 640
621 635
610 621
615 621
621 629
621 630
621 632
621 633
621 634
621 636
621 639
621 642
621 647
621 649
621 651
615 631
620 631
637 932
616 637
183 637
532 637
383 637
637 913
615 637
620 637
637 638
135 637
342 637
620 641
641 651
615 641
615 643
620 643
643 644
646 922
646 929
646 932
11 646
646 921
615 646
620 646
137 646
646 927
624 646
646 933
584 646
644 646
646 931
646 936
537 646
634 646
636 646
646 935
592 646
646 934
646 903
546 646
615 648
620 648
615 650
620 650
644 650
383 650
635 650
615 652
33 652
383 652
615 653
615 654
615 656
656 790
622 774
82 622
31 622
617 622
620 622
622 672
38 622
560 622
622 624
38 561
38 958
26 38
38 672
38 622
38 617
11 38
38 921
38 928
628 710
628 711
616 628
628 628
628 711
616 711
628 710
616 710
605 645
655 921
615 655
652 655
383 655
663 664
302 717
717 941
183 717
665 717
717 721
715 717
666 849
345 849
668 707
361 668
667 707
361 667
760 761
432 761
181 761
464 673
380 673
54 673
252 674
512 675
675 707
54 675
677 936
82 677
610 704
678 695
695 733
679 680
383 679
679 681
679 682
679 683
679 684
679 685
679 692
679 693
679 694
680 681
383 681
681 976
679 681
681 888
679 682
682 686
615 682
383 682
679 683
683 687
383 683
679 684
383 684
684 691
679 685
383 685
679 692
383 692
679 693
383 693
679 694
383 694
383 686
687 688
683 687
383 691
327 689
349 689
193 689
689 944
326 689
689 690
689 690
519 697
492 697
568 697
343 697
344 697
428 697
93 697
697 941
345 697
37 697
697 847
200 697
525 697
215 697
135 697
346 697
490 697
615 697
213 916
705 916
602 702
183 741
711 712
183 722
302 722
715 722
183 725
715 725
731 941
235 731
669 731
183 731
79 731
343 731
715 731
183 716
715 716
716 717
721 747
665 721
721 941
721 833
302 721
717 721
183 721
135 721
926 957
921 957
615 957
924 957
925 957
82 957
950 957
183 720
715 720
525 724
530 724
490 724
273 724
193 724
345 724
723 724
723 724
82 818
818 952
343 818
31 818
54 737
160 857
454 757
432 757
384 765
183 765
765 766
765 767
766 903
766 767
766 766
881 966
425 966
302 966
528 966
966 966
32 966
877 966
165 966
490 966
809 966
965 966
778 922
778 919
592 778
273 779
93 780
780 782
506 780
780 782
93 782
215 782
273 785
615 785
747 785
346 785
878 879
311 991
947 991
697 791
54 791
443 870
19 794
23 794
20 794
17 794
25 794
24 794
26 794
16 794
29 794
21 794
22 794
18 794
54 794
323 794
538 795
54 795
323 795
727 798
183 798
100 798
803 929
619 803
16 803
594 803
365 803
615 803
346 803
25 803
82 803
400 803
399 803
803 919
226 803
1 26
1 1
1 344
1 745
1 858
1 181
1 800
1 723
1 79
1 595
1 615
1 135
1 747
1 941
1 953
1 934
1 200
1 183
121 826
160 826
414 826
823 826
160 825
244 825
825 829
388 825
138 827
323 832
167 838
838 958
167 839
82 840
383 840
43 845
845 903
165 845
432 845
850 851
32 851
346 851
502 851
851 953
461 851
363 852
854 855
858 973
858 990
183 858
54 858
323 858
858 947
800 858
137 861
864 865
864 924
503 864
865 866
823 866
512 866
503 866
160 869
823 869
553 874
200 874
183 874
568 876
218 876
876 972
382 876
876 992
183 876
417 876
11 876
137 876
876 877
346 876
345 876
65 887
528 997
327 997
338 997
768 997
490 997
891 997
428 997
412 997
582 997
568 997
343 997
54 997
760 997
93 997
714 997
890 997
550 997
135 997
183 997
595 997
200 997
892 997
475 997
37 997
443 997
100 997
165 997
727 997
302 896
493 895
697 895
135 897
897 958
438 897
77 897
54 964
911 912
911 912
602 981
181 904
904 944
135 906
531 954
272 954
620 954
954 958
32 954
929 954
925 954
492 954
888 954
930 954
935 954
93 954
934 954
928 954
926 954
949 954
493 954
921 954
922 954
923 954
924 954
927 954
954 960
932 954
933 954
584 954
931 954
936 954
592 954
903 954
528 979
165 979
771 979
31 979
32 979
215 979
492 979
490 979
467 979
345 979
339 979
503 979
776 979
82 979
343 979
760 979
443 979
714 979
135 979
432 979
183 979
344 979
615 979
475 979
37 979
770 979
978 979
568 979
454 979
979 999
302 979
769 979
612 979
452 979
79 979
669 979
54 983
323 983
949 1000
528 1000
972 1000
489 1000
307 1000
82 1000
496 1000
349 1000
512 1000
574 1000
922 1000
32 1000
454 1000
490 1000
23 50
50 561
50 525
50 506
50 930
50 383
50 926
50 949
50 929
50 183
50 560
50 50
50 921
50 922
50 923
50 924
50 925
50 574
50 927
50 932
50 933
50 958
50 888
50 624
50 384
50 903
50 583
8 18
8 332
8 62
8 181
8 609
8 518
8 44
8 43
8 329
4 922
4 20
4 923
4 24
4 583
4 888
4 927
4 930
4 934
4 135
4 928
4 932
4 926
4 929
4 183
4 137
4 924
4 925
4 933
4 597
4 958
4 584
4 921
4 11
4 936
4 624
4 833
4 903
3 591
3 597
3 948
3 921
3 923
3 925
3 929
3 933
3 492
3 936
3 535
3 930
3 592
3 934
3 931
3 536
3 863
55 922
55 615
55 688
55 962
55 343
55 383
55 616
51 82
51 76
51 747
51 893
51 77
250 607
82 607
607 903
183 607
443 607
0 496
0 999
0 327
0 183
0 771
0 344
0 349
0 530
0 223
0 475
0 32
0 525
0 611
0 518
0 492
0 202
0 709
0 340
0 0
0 65
134 134
121 134
134 624
134 250
134 936
82 134
134 383
134 921
7 165
7 197
7 921
7 925
165 726
344 726
615 726
475 726
726 959
33 726
618 726
551 726
709 726
82 726
617 726
616 726
553 726
488 726
135 726
557 726
342 726
998 998
183 998
880 998
9 528
9 36
561 804
804 923
583 804
165 804
380 804
804 922
804 933
804 888
558 804
343 804
520 804
615 804
703 902
339 902
432 902
544 902
709 902
165 902
31 902
617 902
553 902
572 902
475 902
200 902
32 902
587 902
557 902
768 902
342 902
385 528
385 774
340 385
385 543
165 385
385 771
31 385
338 385
385 952
385 768
32 385
215 385
346 385
76 385
385 490
385 582
385 428
385 518
339 385
385 503
385 773
385 775
385 776
385 777
343 385
93 385
385 553
135 385
342 385
72 385
385 619
183 385
385 492
385 502
344 385
385 475
37 385
385 426
341 385
385 770
385 808
385 568
385 999
385 919
302 385
385 772
200 385
385 792
385 488
385 612
183 316
316 316
387 936
387 934
76 387
19 500
23 500
500 925
24 500
500 888
500 927
500 934
135 500
500 928
500 926
500 921
500 745
500 932
500 933
500 936
500 500
500 903
145 183
145 505
145 833
145 745
137 145
76 145
77 145
145 897
135 145
591 943
344 943
932 943
933 943
568 943
135 943
215 708
62 708
165 708
93 708
582 708
615 708
154 708
183 708
380 708
552 671
544 671
562 671
529 671
489 671
553 671
475 671
620 671
527 671
557 671
342 671
215 986
165 986
962 986
43 986
959 986
159 514
160 514
514 594
388 514
349 514
420 514
514 823
593 919
165 593
82 593
34 730
34 888
34 640
34 250
34 648
34 82
17 34
34 310
34 921
12 72
12 496
12 16
12 528
12 340
12 749
12 165
12 502
12 771
12 338
12 933
12 475
12 503
12 922
12 77
12 932
12 341
12 770
12 492
12 568
12 888
12 776
12 121
12 185
12 343
12 93
12 344
12 934
12 183
12 135
12 342
469 932
137 469
469 555
33 469
135 469
469 556
76 893
183 893
615 893
82 893
77 893
200 893
135 893
51 893
18 799
799 936
799 932
165 799
560 799
93 799
747 799
137 799
598 796
183 801
504 958
504 506
135 504
183 752
671 752
135 752
385 752
553 660
587 660
565 660
553 662
6 768
6 808
6 342
479 479
