0 253
0 284
0 213
0 423
1 211
2 508
2 154
2 460
2 322
2 430
3 497
3 268
4 176
4 464
4 123
4 381
4 469
4 471
4 119
4 41
4 459
4 221
4 325
5 276
6 389
6 521
6 279
6 268
6 525
6 14
6 15
6 16
6 529
6 18
6 535
6 536
6 282
6 155
6 156
6 393
6 290
6 292
6 294
6 298
6 45
6 174
6 431
6 49
6 499
6 180
6 182
6 183
6 313
6 186
6 189
6 446
6 447
6 322
6 139
6 70
6 455
6 328
6 457
6 332
6 77
6 334
6 80
6 338
6 206
6 86
6 344
6 226
6 38
6 490
6 364
6 530
6 239
6 243
6 500
6 362
6 382
7 7
8 8
9 9
10 288
10 530
10 500
10 106
10 279
10 329
10 298
10 313
10 426
10 77
10 239
11 457
11 343
11 206
11 143
11 368
11 273
11 18
11 310
11 471
11 271
11 284
11 189
12 385
12 66
12 195
12 518
12 205
12 142
12 145
12 467
12 471
12 152
12 348
12 223
12 356
12 198
12 358
12 42
12 427
12 125
12 497
12 374
12 381
12 58
12 234
13 279
13 322
13 197
13 455
13 328
13 73
13 535
13 332
13 77
13 15
13 145
13 338
13 471
13 282
13 155
13 525
13 393
13 226
13 82
13 230
13 424
13 493
13 298
13 210
13 431
13 49
13 239
13 268
13 119
13 45
13 442
13 127
13 490
13 446
13 447
14 321
14 45
14 86
14 455
14 525
14 174
14 15
14 16
14 49
14 210
14 180
14 150
14 535
14 536
14 282
14 431
14 382
15 393
15 138
15 139
15 268
15 16
15 344
15 18
15 535
15 536
15 282
15 155
15 156
15 290
15 292
15 38
15 423
15 298
15 45
15 174
15 431
15 304
15 49
15 306
15 243
15 180
15 182
15 183
15 313
15 186
15 446
15 447
15 279
15 322
15 197
15 455
15 328
15 332
15 77
15 525
15 80
15 338
15 86
15 88
15 222
15 226
15 484
15 294
15 242
15 490
15 364
15 530
15 239
15 362
15 499
15 500
15 426
15 382
16 393
16 535
16 524
16 525
16 18
16 279
16 536
16 282
16 155
16 156
16 290
16 294
16 298
16 455
16 45
16 174
16 431
16 49
16 243
16 180
16 182
16 183
16 313
16 189
16 446
16 447
16 321
16 322
16 199
16 268
16 461
16 77
16 80
16 338
16 86
16 344
16 226
16 484
16 38
16 490
16 239
16 499
16 500
16 362
16 382
17 17
18 393
18 268
18 435
18 499
18 271
18 406
18 535
18 536
18 282
18 155
18 156
18 290
18 292
18 38
18 298
18 45
18 174
18 431
18 49
18 51
18 180
18 182
18 183
18 57
18 186
18 189
18 446
18 447
18 279
18 321
18 322
18 452
18 455
18 328
18 77
18 206
18 525
18 80
18 338
18 86
18 313
18 344
18 226
18 294
18 490
18 365
18 239
18 368
18 243
18 318
18 362
18 382
19 258
19 67
19 133
19 142
19 143
19 467
19 469
19 471
19 280
19 540
19 221
19 325
19 482
19 483
19 423
19 299
19 176
19 270
19 117
19 119
19 505
19 223
19 381
19 318
20 20
21 435
21 471
21 345
21 91
21 76
21 126
21 479
22 22
23 160
23 385
23 198
23 327
23 145
23 361
23 330
23 43
23 125
23 497
23 244
23 279
23 440
23 249
23 443
23 381
23 31
24 66
24 324
24 395
24 322
24 145
24 276
24 470
24 481
24 291
24 420
24 229
24 360
24 427
24 303
24 176
24 497
24 498
24 51
24 181
24 381
24 125
24 318
25 208
25 256
25 480
25 90
25 125
25 110
25 381
26 201
26 419
26 428
26 166
26 49
27 136
27 36
27 135
27 328
27 521
27 366
28 146
28 223
29 359
30 144
30 248
31 224
31 497
31 500
31 33
31 303
31 119
31 471
31 143
32 145
33 465
33 58
33 483
33 318
34 34
35 426
35 525
35 239
36 224
36 481
36 131
36 135
36 140
36 203
36 460
36 208
36 497
36 469
36 377
36 507
36 427
37 250
38 393
38 279
38 268
38 525
38 535
38 536
38 282
38 155
38 156
38 290
38 166
38 298
38 45
38 174
38 431
38 49
38 499
38 180
38 182
38 183
38 313
38 189
38 446
38 447
38 139
38 455
38 524
38 77
38 80
38 338
38 86
38 344
38 271
38 226
38 484
38 294
38 490
38 364
38 365
38 239
38 243
38 362
38 382
39 474
39 276
40 205
40 470
41 288
41 145
41 258
41 471
41 530
41 172
41 379
41 143
41 493
41 221
42 370
42 516
42 518
42 198
42 103
42 154
42 234
42 429
43 497
43 113
43 481
43 195
43 305
43 90
43 413
43 467
44 522
45 393
45 279
45 268
45 535
45 536
45 282
45 155
45 156
45 158
45 290
45 292
45 294
45 298
45 174
45 431
45 49
45 499
45 180
45 182
45 183
45 313
45 189
45 446
45 447
45 321
45 322
45 139
45 197
45 455
45 328
45 332
45 77
45 206
45 525
45 80
45 82
45 86
45 365
45 344
45 226
45 484
45 490
45 364
45 338
45 239
45 243
45 500
45 362
45 382
46 385
46 290
46 387
46 455
46 458
46 322
46 175
46 304
46 178
46 51
46 244
46 182
46 122
46 315
46 446
47 416
47 360
47 291
47 375
47 488
47 377
47 303
47 286
47 361
48 361
49 201
49 243
49 393
49 535
49 268
49 344
49 150
49 473
49 536
49 155
49 282
49 290
49 420
49 294
49 424
49 298
49 174
49 431
49 435
49 180
49 182
49 183
49 436
49 186
49 316
49 446
49 447
49 279
49 321
49 70
49 455
49 456
49 73
49 332
49 77
49 525
49 80
49 338
49 86
49 313
49 88
49 292
49 90
49 226
49 484
49 362
49 239
49 499
49 510
49 490
49 382
49 127
50 50
51 322
51 389
51 455
51 457
51 279
51 268
51 77
51 206
51 531
51 344
51 403
51 212
51 470
51 535
51 420
51 280
51 356
51 294
51 502
51 298
51 171
51 304
51 499
51 52
51 182
51 319
51 536
51 447
52 288
52 418
52 455
52 426
52 268
52 77
52 239
52 180
52 313
52 312
52 500
53 53
54 137
55 55
56 428
56 460
56 366
57 320
57 243
57 357
57 118
57 359
57 505
57 471
57 525
57 463
58 288
58 195
58 516
58 360
58 457
58 269
58 143
58 125
58 271
58 497
58 210
58 464
58 377
58 379
58 444
58 189
58 223
59 152
59 481
59 471
59 484
59 153
60 510
60 295
61 283
61 313
61 386
61 459
61 306
62 62
63 63
64 83
65 98
65 486
65 471
65 538
65 493
65 143
66 537
66 401
67 544
67 176
67 456
67 170
67 493
67 464
67 529
67 116
67 149
67 280
67 476
67 221
67 510
67 95
68 68
69 545
69 322
69 457
69 395
69 365
69 206
69 253
69 368
69 213
69 118
69 279
69 122
69 495
69 189
70 210
70 180
70 182
70 183
70 424
71 162
71 245
71 142
71 380
71 428
71 78
71 175
72 72
73 290
73 362
73 269
73 77
73 431
73 80
73 338
73 499
73 244
73 279
73 282
73 382
74 175
75 499
76 96
76 229
76 387
76 246
76 438
76 345
76 538
76 154
76 158
76 390
77 386
77 520
77 393
77 535
77 268
77 88
77 532
77 279
77 536
77 282
77 155
77 156
77 290
77 180
77 292
77 294
77 298
77 455
77 174
77 431
77 304
77 182
77 183
77 312
77 313
77 446
77 447
77 321
77 322
77 199
77 328
77 332
77 162
77 525
77 80
77 338
77 86
77 344
77 226
77 490
77 239
77 499
77 500
77 380
77 362
77 382
78 100
78 262
78 460
78 395
78 428
78 93
78 334
79 113
80 393
80 279
80 268
80 525
80 344
80 535
80 536
80 282
80 155
80 156
80 329
80 290
80 292
80 294
80 298
80 174
80 431
80 304
80 243
80 180
80 182
80 183
80 313
80 186
80 446
80 447
80 322
80 139
80 455
80 328
80 338
80 86
80 88
80 226
80 362
80 364
80 239
80 242
80 499
80 500
80 490
80 382
81 472
81 498
82 166
82 294
82 169
82 343
82 365
82 464
82 269
82 150
82 183
82 90
83 471
83 535
83 427
83 125
83 381
84 84
85 85
86 393
86 535
86 524
86 525
86 279
86 536
86 282
86 155
86 156
86 290
86 292
86 294
86 424
86 298
86 174
86 431
86 304
86 243
86 180
86 182
86 183
86 316
86 446
86 447
86 322
86 455
86 268
86 332
86 338
86 471
86 344
86 143
86 226
86 484
86 362
86 364
86 239
86 499
86 490
86 382
87 87
88 321
88 262
88 393
88 525
88 344
88 338
88 279
88 536
88 90
88 431
88 282
88 290
88 484
88 294
88 298
88 226
88 239
88 180
88 182
88 119
88 313
88 186
88 362
88 382
88 447
89 89
90 279
90 539
90 322
90 227
90 262
90 166
90 461
90 526
90 464
90 340
90 150
90 183
90 119
90 312
90 447
91 235
92 92
93 276
93 373
93 135
93 441
93 234
94 336
94 242
94 99
94 390
94 105
94 426
94 444
94 477
95 401
95 500
95 369
95 537
95 351
96 320
96 198
96 409
96 377
96 479
96 303
97 97
98 538
98 486
98 143
100 244
100 475
100 428
100 334
101 299
102 175
102 228
102 127
103 320
103 498
103 387
103 500
103 198
103 153
103 429
103 479
104 279
105 432
105 178
105 517
105 479
106 288
106 465
106 242
106 336
106 176
106 444
106 514
106 222
106 239
107 378
108 217
108 426
108 429
108 470
109 183
109 182
109 455
109 313
109 362
109 279
109 282
109 334
109 431
110 368
110 480
110 470
110 153
111 111
112 112
113 123
113 360
113 195
113 390
113 375
113 440
113 145
113 330
114 267
115 211
118 354
118 500
118 344
118 427
118 229
119 243
119 136
119 459
119 273
119 525
119 210
119 174
119 344
119 153
119 143
119 359
119 360
119 169
119 299
119 366
119 303
119 499
119 508
119 446
120 145
120 276
120 231
121 401
121 470
122 368
122 322
122 203
122 271
123 464
123 146
123 211
123 480
123 471
123 305
123 176
123 143
123 319
124 386
125 320
125 385
125 195
125 518
125 519
125 471
125 462
125 143
125 208
125 145
125 146
125 211
125 476
125 480
125 464
125 229
125 497
125 427
125 493
125 381
125 176
125 305
125 253
125 319
126 428
126 175
127 162
127 245
127 312
127 201
127 220
127 175
128 145
128 167
129 242
130 130
131 320
132 260
132 358
133 369
133 516
133 465
133 360
133 177
134 350
135 459
135 460
135 203
135 140
135 208
135 146
135 469
135 278
135 471
135 409
135 286
135 160
135 481
135 427
135 303
135 368
135 305
135 377
135 507
135 381
135 319
136 420
136 406
136 206
136 368
136 145
136 370
136 310
136 153
136 284
136 189
136 479
137 257
137 308
137 501
137 455
137 328
137 184
137 411
137 158
138 481
138 322
138 459
138 485
138 423
138 472
138 439
138 477
139 393
139 226
139 268
139 362
139 183
139 239
139 525
139 174
139 338
139 180
139 446
139 182
139 535
139 536
139 155
139 382
140 145
140 507
141 141
142 455
142 232
142 217
142 334
143 258
143 418
143 206
143 271
143 276
143 471
143 223
143 288
143 490
143 299
143 365
143 176
143 243
143 182
143 379
143 381
145 160
145 224
145 195
145 481
145 330
145 208
145 146
145 467
145 278
145 409
145 476
145 286
145 497
145 291
145 230
145 428
145 429
145 451
145 303
145 304
145 305
145 381
145 440
145 249
145 377
145 319
146 195
146 325
146 330
146 493
146 275
146 469
146 409
146 476
146 223
146 480
146 481
146 356
146 241
146 427
146 428
146 301
146 176
146 497
146 467
146 374
146 440
146 249
146 381
147 147
148 276
149 481
150 182
150 535
150 268
151 151
152 385
152 293
152 360
152 234
152 299
153 320
153 368
153 267
153 454
153 457
153 234
153 427
153 176
153 206
153 310
153 505
153 253
153 295
154 387
154 229
154 198
154 361
154 322
154 493
154 370
154 406
154 471
155 393
155 268
155 535
155 536
155 282
155 156
155 290
155 292
155 298
155 455
155 174
155 431
155 304
155 243
155 180
155 182
155 183
155 313
155 186
155 446
155 447
155 279
155 321
155 322
155 199
155 328
155 332
155 525
155 338
155 344
155 226
155 484
155 294
155 362
155 364
155 239
155 499
155 490
155 382
156 322
156 455
156 393
156 279
156 268
156 344
156 338
156 535
156 536
156 282
156 525
156 290
156 292
156 294
156 226
156 298
156 174
156 431
156 304
156 180
156 182
156 183
156 313
156 239
156 446
156 447
157 375
158 257
158 338
158 501
158 343
158 328
158 493
159 159
160 360
160 330
160 303
160 286
160 497
160 469
160 440
160 249
160 378
160 350
160 377
161 161
162 322
162 391
162 245
162 312
162 380
162 398
162 175
163 163
164 481
164 202
164 473
164 509
164 449
165 165
166 227
166 393
166 526
166 431
166 536
166 539
166 382
166 447
167 505
167 322
167 375
168 517
169 368
169 471
169 242
169 365
171 449
171 322
171 357
171 359
171 428
171 213
172 176
172 315
172 318
173 173
174 393
174 268
174 525
174 273
174 535
174 536
174 282
174 290
174 292
174 294
174 298
174 431
174 304
174 499
174 180
174 182
174 183
174 313
174 186
174 189
174 446
174 447
174 279
174 321
174 322
174 455
174 338
174 344
174 226
174 484
174 362
174 364
174 239
174 243
174 490
174 382
175 386
175 485
175 391
175 428
175 322
175 382
175 244
175 245
175 312
175 380
176 409
176 321
176 325
176 457
176 395
176 276
176 366
176 471
176 221
176 223
176 507
176 252
176 299
176 365
176 430
176 189
176 304
176 497
176 435
176 182
176 381
176 505
176 188
176 318
177 451
178 528
178 322
178 517
178 213
178 197
179 179
180 515
180 393
180 268
180 525
180 535
180 536
180 282
180 290
180 298
180 431
180 243
180 182
180 183
180 313
180 186
180 446
180 447
180 279
180 321
180 455
180 332
180 210
180 344
180 226
180 484
180 294
180 490
180 338
180 239
180 499
180 500
180 362
180 382
180 426
181 291
181 276
181 303
182 243
182 393
182 268
182 525
182 535
182 397
182 282
182 290
182 294
182 424
182 298
182 391
182 431
182 183
182 313
182 442
182 446
182 447
182 279
182 321
182 322
182 455
182 328
182 332
182 210
182 471
182 344
182 226
182 484
182 536
182 493
182 490
182 338
182 239
182 499
182 244
182 362
182 382
183 521
183 524
183 525
183 279
183 536
183 282
183 290
183 292
183 294
183 424
183 298
183 431
183 393
183 313
183 186
183 446
183 447
183 321
183 455
183 328
183 268
183 332
183 344
183 442
183 226
183 484
183 535
183 362
183 364
183 338
183 210
183 239
183 243
183 500
183 490
183 382
184 304
185 185
186 455
186 393
186 279
186 226
186 536
186 535
186 282
186 431
186 344
186 290
186 294
186 362
186 338
186 239
186 446
186 313
186 382
186 447
187 187
188 401
188 336
188 537
188 426
188 493
188 221
189 321
189 322
189 386
189 457
189 459
189 461
189 206
189 493
189 273
189 471
189 271
189 368
189 365
189 310
189 312
189 253
190 190
191 375
192 354
193 267
193 198
193 319
194 475
195 322
195 519
195 330
195 465
195 348
195 350
195 224
195 481
195 497
195 428
195 304
195 242
195 440
195 249
195 381
196 413
197 347
198 390
198 449
198 234
198 304
198 385
198 434
198 250
198 377
199 226
199 405
199 313
199 298
199 490
200 200
201 322
201 419
201 244
201 428
203 448
203 497
203 466
204 528
205 208
205 480
206 253
206 386
206 267
206 457
206 364
206 368
206 273
206 310
206 471
206 271
206 406
207 207
208 480
208 360
208 356
208 330
208 381
208 254
209 209
210 290
210 452
210 424
210 332
210 493
210 328
210 447
210 276
210 239
210 525
210 471
211 356
211 470
211 375
211 360
211 490
211 268
211 381
212 265
212 514
212 486
213 528
213 370
213 403
213 280
213 517
214 214
215 464
215 493
215 293
215 286
215 471
216 451
217 544
217 465
217 482
217 423
217 269
218 218
219 219
220 368
221 482
222 242
222 500
222 535
222 444
222 431
222 239
222 493
223 304
223 483
223 325
223 401
223 510
223 318
224 544
224 482
224 497
224 519
224 299
225 315
226 393
226 268
226 525
226 279
226 536
226 282
226 290
226 292
226 294
226 298
226 455
226 431
226 313
226 446
226 447
226 321
226 328
226 332
226 338
226 344
226 273
226 535
226 490
226 364
226 239
226 243
226 500
226 362
226 382
227 497
227 539
227 461
227 526
229 304
229 370
229 276
229 469
230 328
230 330
230 249
231 262
231 527
232 428
232 334
233 233
234 498
234 322
234 355
234 385
236 236
237 518
238 467
239 389
239 520
239 393
239 268
239 344
239 535
239 536
239 282
239 288
239 418
239 292
239 244
239 294
239 298
239 431
239 530
239 243
239 290
239 313
239 362
239 446
239 447
239 279
239 321
239 322
239 455
239 328
239 329
239 332
239 525
239 484
239 361
239 364
239 338
239 242
239 499
239 500
239 490
239 382
240 420
241 496
242 544
242 519
242 393
242 535
242 493
242 444
243 279
243 490
243 455
243 535
243 268
243 290
243 536
243 431
243 313
243 344
243 282
243 525
243 393
243 484
243 298
243 500
243 338
243 382
243 362
243 446
243 447
244 279
244 450
244 515
244 455
244 535
244 393
244 471
244 334
244 463
244 338
244 470
244 344
244 282
244 360
244 362
244 497
244 380
244 447
245 391
245 312
245 380
245 398
246 391
247 354
247 307
248 471
249 481
249 322
249 497
249 360
249 330
249 257
249 303
249 401
249 440
249 377
249 449
249 409
249 286
249 319
250 434
250 415
251 481
251 357
253 387
253 310
253 423
253 271
253 403
254 464
254 470
255 293
256 471
257 385
257 462
257 502
257 361
257 378
258 471
258 379
258 493
258 270
259 259
261 261
262 409
262 291
262 462
262 361
262 303
263 263
264 471
266 266
267 449
267 387
267 360
267 327
267 322
268 393
268 535
268 536
268 282
268 431
268 290
268 292
268 294
268 298
268 303
268 304
268 499
268 313
268 446
268 447
268 279
268 322
268 455
268 328
268 332
268 525
268 338
268 344
268 490
268 364
268 500
268 362
268 382
269 464
269 386
269 483
269 423
269 459
269 493
269 368
269 465
269 283
270 379
271 517
271 493
271 457
271 299
271 365
271 368
271 273
271 499
271 310
272 544
272 363
273 481
273 387
273 392
273 457
273 290
273 368
273 284
274 274
275 360
276 451
276 390
276 459
276 280
276 463
276 471
276 475
276 542
276 291
276 360
276 429
277 277
278 378
279 393
279 535
279 344
279 536
279 282
279 290
279 292
279 294
279 298
279 431
279 313
279 446
279 447
279 321
279 455
279 328
279 499
279 525
279 465
279 338
279 361
279 490
279 500
279 364
279 368
279 505
279 362
279 382
280 310
280 470
280 401
280 517
281 371
282 393
282 535
282 536
282 290
282 292
282 294
282 298
282 431
282 499
282 313
282 446
282 447
282 321
282 322
282 455
282 328
282 525
282 338
282 344
282 484
282 490
282 500
282 364
282 368
282 362
282 382
283 386
283 459
284 368
284 403
284 406
284 310
284 457
285 285
286 464
286 356
286 497
286 360
286 330
286 432
286 469
286 440
286 303
287 287
288 418
288 483
288 389
288 520
288 471
288 525
288 530
288 329
288 426
289 470
290 393
290 535
290 525
290 536
290 292
290 294
290 298
290 428
290 431
290 499
290 313
290 446
290 447
290 322
290 455
290 328
290 344
290 484
290 490
290 364
290 338
290 366
290 379
290 362
290 382
291 497
291 454
291 390
292 320
292 455
292 535
292 393
292 334
292 344
292 403
292 431
292 536
292 294
292 338
292 446
292 447
293 464
293 514
294 393
294 535
294 525
294 536
294 298
294 431
294 304
294 313
294 446
294 447
294 321
294 322
294 453
294 455
294 334
294 344
294 362
294 338
294 499
294 490
294 382
295 510
295 319
296 296
297 297
298 393
298 535
298 536
298 424
298 455
298 431
298 313
298 446
298 447
298 321
298 322
298 328
298 524
298 499
298 334
298 525
298 338
298 344
298 484
298 490
298 530
298 362
298 382
299 528
299 322
299 471
299 493
300 300
301 497
302 302
303 322
303 330
303 391
303 497
303 449
303 481
303 416
304 322
304 470
304 519
304 454
304 525
304 405
304 338
304 403
304 471
304 344
304 536
304 535
304 361
304 493
304 431
304 435
304 510
304 505
304 377
304 446
304 447
305 480
305 375
305 488
305 360
305 519
305 381
305 497
305 533
305 361
305 378
306 313
307 354
308 470
309 309
310 432
310 387
310 517
310 390
310 457
310 403
310 430
310 368
311 482
312 391
312 520
312 329
312 418
312 398
312 500
312 380
313 393
313 535
313 525
313 344
313 536
313 418
313 455
313 431
313 499
313 446
313 447
313 321
313 524
313 338
313 483
313 484
313 362
314 314
315 322
315 501
315 470
315 386
317 426
318 325
318 401
318 483
319 386
319 486
319 493
319 464
319 497
319 502
319 471
319 440
319 378
319 383
320 409
320 322
320 360
320 427
320 374
321 455
321 535
321 525
321 344
321 338
321 362
321 536
321 446
321 447
322 391
322 393
322 536
322 387
322 428
322 446
322 447
322 455
322 328
322 330
322 525
322 338
322 344
322 429
322 431
322 481
322 357
322 360
322 361
322 423
322 368
322 498
322 499
322 379
322 380
323 323
324 508
325 401
325 483
326 360
327 356
327 518
327 471
327 440
327 361
327 493
328 455
328 493
328 403
328 431
328 525
328 338
328 471
328 353
328 535
328 428
328 446
328 447
329 418
329 500
329 391
329 426
330 467
330 471
330 409
330 481
330 356
330 497
330 360
330 493
330 440
330 377
331 331
332 535
332 525
332 424
332 338
332 431
332 446
332 447
333 333
334 419
334 460
334 525
334 440
334 475
334 348
334 405
335 335
337 436
338 393
338 344
338 536
338 431
338 499
338 446
338 447
338 452
338 455
338 525
338 484
338 535
338 490
338 500
338 364
338 368
338 362
338 382
339 339
340 393
340 521
340 539
340 415
341 401
342 342
343 365
343 447
344 393
344 535
344 525
344 536
344 423
344 431
344 446
344 447
344 455
344 499
344 356
344 490
344 364
344 505
344 362
344 382
345 479
346 367
349 349
351 470
352 352
354 485
354 535
355 449
355 366
356 518
356 360
356 497
357 359
357 457
357 527
358 374
359 427
359 507
359 361
360 449
360 470
360 377
360 497
360 390
360 361
360 440
361 470
361 428
361 431
361 375
361 536
361 455
362 393
362 525
362 536
362 431
362 446
362 447
362 455
362 535
362 484
362 490
362 499
362 382
364 455
364 393
364 535
364 536
364 431
364 525
364 499
364 365
364 446
364 382
364 447
365 471
366 469
366 377
366 428
366 475
368 459
368 471
368 457
368 387
368 470
368 539
368 424
368 431
368 499
368 525
369 516
370 517
370 495
370 521
370 527
370 428
371 384
372 372
374 481
374 486
375 449
375 497
375 502
375 543
376 376
377 515
377 421
377 427
377 481
377 405
377 409
377 471
377 416
378 427
378 438
378 459
379 471
379 493
380 461
380 386
381 518
381 471
381 462
381 476
381 480
381 464
381 497
381 519
381 428
382 393
382 525
382 536
382 431
382 499
382 446
382 447
382 455
382 535
382 490
382 500
383 471
385 459
386 423
386 460
386 465
386 430
386 457
386 459
387 390
387 479
388 537
389 418
389 520
389 393
389 426
389 431
389 465
389 530
389 470
390 517
391 398
392 428
392 460
392 405
393 515
393 536
393 431
393 499
393 446
393 447
393 455
393 535
393 525
393 484
393 500
393 490
394 422
395 401
396 416
396 438
399 399
400 456
400 544
401 544
401 483
401 516
401 522
401 482
401 529
401 532
401 470
402 402
403 435
403 446
403 406
404 404
405 515
405 460
405 427
405 428
405 462
405 465
405 419
406 466
406 430
406 435
406 498
407 407
408 408
409 481
409 421
409 471
409 428
409 493
409 440
410 410
412 412
413 440
414 435
416 488
417 417
418 500
418 520
418 426
418 493
418 532
418 424
419 428
419 460
420 470
420 536
420 447
420 499
421 481
423 483
423 465
423 493
423 446
424 446
425 425
426 516
426 520
426 500
426 530
426 470
426 428
427 481
427 471
427 535
427 497
427 469
428 458
428 460
428 467
428 475
428 481
428 531
428 545
428 507
428 469
429 508
429 471
430 460
431 535
431 536
431 499
431 446
431 447
431 455
431 525
431 465
431 500
431 490
433 433
435 471
435 545
435 466
437 437
438 467
438 471
438 462
440 480
440 533
440 497
440 469
445 445
446 536
446 499
446 447
446 455
446 525
446 484
446 535
446 490
447 535
447 536
447 455
447 525
447 499
447 490
448 466
449 471
451 465
452 467
454 464
455 535
455 536
455 499
455 525
455 484
455 500
455 490
457 493
457 471
459 465
459 469
459 470
460 475
461 539
462 535
462 471
464 480
464 518
464 471
464 465
467 480
467 497
467 469
468 468
469 471
469 476
470 481
470 529
470 501
471 493
471 535
471 508
471 520
471 505
471 475
471 489
471 507
475 531
475 517
476 480
478 515
479 496
480 519
481 543
481 497
481 500
481 541
484 525
484 536
484 535
487 487
490 536
490 525
490 535
490 499
491 491
492 492
493 507
493 519
493 530
494 494
495 505
497 502
499 535
499 525
499 536
499 524
500 544
500 520
500 535
500 529
500 532
500 536
500 525
502 515
503 503
504 514
506 506
511 511
512 512
513 513
515 536
520 530
523 523
524 525
525 536
525 535
526 539
532 537
534 534
535 536
