0 0
1 1
2 2
3 3
4 4
5 5
6 6
7 7
8 8
9 9
10 10
11 11
12 12
13 13
14 14
15 15
16 16
17 17
18 18
19 19
20 20
21 21
22 22
23 23
24 24
25 25
26 26
27 27
28 28
29 29
30 30
31 31
32 32
33 33
34 34
35 35
36 36
37 37
38 38
39 39
40 40
41 41
42 42
43 43
44 44
45 45
46 46
47 47
48 48
49 49
50 50
51 51
52 52
53 53
54 54
55 55
56 56
57 57
58 58
59 59
60 60
61 61
62 62
63 63
64 64
65 65
66 66
67 67
68 68
69 69
70 70
71 71
72 72
73 73
74 74
75 75
76 76
77 77
78 78
79 79
80 80
81 81
82 82
83 83
84 84
85 85
86 86
87 87
88 88
89 89
90 90
91 91
92 92
93 93
94 94
95 95
96 96
97 97
98 98
99 99
100 100
101 101
102 102
103 103
104 104
105 105
106 106
107 107
108 108
109 109
110 110
111 111
112 112
113 113
114 114
115 115
116 116
117 117
118 118
119 119
120 120
121 121
122 122
123 123
124 124
125 125
126 126
127 127
128 128
129 129
130 130
131 131
132 132
133 133
134 134
135 135
136 136
137 137
138 138
139 139
140 140
141 141
142 142
143 143
144 144
145 145
146 146
147 147
148 148
149 149
150 150
151 151
152 152
153 153
154 154
155 155
156 156
157 157
158 158
159 159
160 160
161 161
162 162
163 163
164 164
165 165
166 166
167 167
168 168
169 169
170 170
171 171
172 172
173 173
174 174
175 175
176 176
177 177
178 178
179 179
180 180
181 181
182 182
183 183
184 184
185 185
186 186
187 187
188 188
189 189
190 190
191 191
192 192
193 193
194 194
195 195
196 196
197 197
198 198
199 199
200 200
201 201
202 202
203 203
204 204
205 205
206 206
207 207
208 208
209 209
210 210
211 211
212 212
213 213
214 214
215 215
216 216
217 217
218 218
219 219
220 220
221 221
222 222
223 223
224 224
225 225
226 226
227 227
228 228
229 229
230 230
231 231
232 232
233 233
234 234
235 235
236 236
237 237
238 238
239 239
240 240
241 241
242 242
243 243
244 244
245 245
246 246
247 247
248 248
249 249
250 250
251 251
252 252
253 253
254 254
255 255
256 256
257 257
258 258
259 259
260 260
261 261
262 262
263 263
264 264
265 265
266 266
267 267
268 268
269 269
270 270
271 271
272 272
273 273
274 274
275 275
276 276
277 277
278 278
279 279
280 280
281 281
282 282
283 283
284 284
285 285
286 286
287 287
288 288
289 289
290 290
291 291
292 292
293 293
294 294
295 295
296 296
297 297
298 298
299 299
300 300
301 301
302 302
303 303
304 304
305 305
306 306
307 307
308 308
309 309
310 310
311 311
312 312
313 313
314 314
315 315
316 316
317 317
318 318
319 319
320 320
321 321
322 322
323 323
324 324
325 325
326 326
327 327
328 328
329 329
330 330
331 331
332 332
333 333
334 334
335 335
336 336
337 337
338 338
339 339
340 340
341 341
342 342
343 343
344 344
345 345
346 346
347 347
348 348
349 349
350 350
351 351
352 352
353 353
354 354
355 355
356 356
357 357
358 358
359 359
360 360
361 361
362 362
363 363
364 364
365 365
366 366
367 367
368 368
369 369
370 370
371 371
372 372
373 373
374 374
375 375
376 376
377 377
378 378
379 379
380 380
381 381
382 382
383 383
384 384
385 385
386 386
387 387
388 388
389 389
390 390
391 391
392 392
393 393
394 394
395 395
396 396
397 397
398 398
399 399
400 400
401 401
402 402
403 403
404 404
405 405
406 406
407 407
408 408
409 409
410 410
411 411
412 412
413 413
414 414
415 415
416 416
417 417
418 418
419 419
420 420
421 421
422 422
423 423
424 424
425 425
426 426
427 427
428 428
429 429
430 430
431 431
432 432
433 433
434 434
435 435
436 436
437 437
438 438
439 439
440 440
441 441
442 442
443 443
444 444
445 445
446 446
447 447
448 448
449 449
450 450
451 451
452 452
453 453
454 454
455 455
456 456
457 457
458 458
459 459
460 460
461 461
462 462
463 463
464 464
465 465
466 466
467 467
468 468
469 469
470 470
471 471
472 472
473 473
474 474
475 475
476 476
477 477
478 478
479 479
480 480
481 481
482 482
483 483
484 484
485 485
486 486
487 487
488 488
489 489
490 490
491 491
492 492
493 493
494 494
495 495
496 496
497 497
498 498
499 499
500 500
501 501
502 502
503 503
504 504
505 505
506 506
507 507
508 508
509 509
510 510
511 511
512 512
513 513
514 514
515 515
516 516
517 517
518 518
519 519
520 520
521 521
522 522
523 523
524 524
525 525
526 526
527 527
528 528
529 529
530 530
531 531
532 532
533 533
534 534
535 535
536 536
537 537
538 538
539 539
540 540
541 541
542 542
543 543
544 544
545 545
546 546
547 547
548 548
549 549
550 550
551 551
552 552
553 553
554 554
555 555
556 556
557 557
558 558
559 559
560 560
561 561
562 562
563 563
564 564
565 565
566 566
567 567
568 568
569 569
570 570
571 571
572 572
573 573
574 574
575 575
576 576
577 577
578 578
579 579
580 580
581 581
582 582
583 583
584 584
585 585
586 586
587 587
588 588
589 589
590 590
591 591
592 592
593 593
594 594
595 595
596 596
597 597
598 598
599 599
600 600
601 601
602 602
603 603
604 604
605 605
606 606
607 607
608 608
609 609
610 610
611 611
612 612
613 613
614 614
615 615
616 616
617 617
618 618
619 619
620 620
621 621
622 622
623 623
624 624
625 625
626 626
627 627
628 628
629 629
630 630
631 631
632 632
633 633
634 634
635 635
636 636
637 637
638 638
639 639
640 640
641 641
642 642
643 643
644 644
645 645
646 646
647 647
648 648
649 649
650 650
651 651
652 652
653 653
654 654
655 655
656 656
657 657
658 658
659 659
660 660
661 661
662 662
663 663
664 664
665 665
666 666
667 667
668 668
669 669
670 670
671 671
672 672
673 673
674 674
675 675
676 676
677 677
678 678
679 679
680 680
681 681
682 682
683 683
684 684
685 685
686 686
687 687
688 688
689 689
690 690
691 691
692 692
693 693
694 694
695 695
696 696
697 697
698 698
699 699
700 700
701 701
702 702
703 703
704 704
705 705
706 706
707 707
708 708
709 709
710 710
711 711
712 712
713 713
714 714
715 715
716 716
717 717
718 718
719 719
720 720
721 721
722 722
723 723
724 724
725 725
726 726
727 727
728 728
729 729
730 730
731 731
732 732
733 733
734 734
735 735
736 736
737 737
738 738
739 739
740 740
741 741
742 742
743 743
744 744
745 745
746 746
747 747
748 748
109 652
474 652
481 652
621 652
20 41
19 41
490 565
233 565
273 565
390 565
250 565
241 565
131 259
222 259
106 259
641 657
181 657
291 657
54 657
65 657
381 657
182 657
477 657
265 657
526 657
35 657
98 657
144 657
326 657
419 657
56 657
34 657
328 666
210 234
46 51
84 171
17 171
3 4
95 150
75 150
27 150
138 150
19 150
24 151
48 151
54 151
59 153
86 153
50 153
81 153
51 153
124 153
97 157
17 22
27 163
47 163
55 165
22 24
7 25
18 26
19 27
22 28
19 29
50 271
246 271
55 271
13 30
24 31
27 32
28 33
23 34
31 34
34 35
13 36
7 36
24 175
48 175
64 175
123 175
89 175
54 175
158 175
109 175
99 175
66 175
110 175
55 175
45 175
112 175
101 175
102 175
24 177
104 177
48 177
93 177
42 177
54 177
45 177
112 177
159 177
121 177
127 177
66 177
16 184
19 184
7 184
80 184
27 184
130 184
267 275
161 201
42 201
173 201
134 201
48 201
179 201
66 201
101 201
133 202
126 202
24 210
48 210
42 210
54 210
141 210
19 37
109 214
32 38
8 39
3 39
13 40
30 40
24 42
32 43
38 43
42 44
44 45
42 45
35 46
31 46
34 46
13 47
10 47
16 47
37 47
45 48
24 48
42 48
19 49
46 50
261 371
352 371
346 371
80 374
82 374
184 374
19 374
130 374
13 379
161 379
7 379
134 379
216 379
120 389
302 389
69 389
332 389
342 389
233 390
250 390
390 395
250 395
212 396
254 396
359 396
232 396
205 396
80 397
374 397
82 397
130 397
244 403
301 403
190 403
284 403
348 403
209 403
42 403
324 403
111 403
179 403
380 403
253 403
24 403
290 403
121 403
48 403
358 403
313 403
54 403
361 403
207 403
303 403
109 405
91 405
358 405
331 405
393 405
238 407
168 407
55 407
124 407
285 407
302 407
388 412
241 418
135 418
282 418
384 418
247 418
212 418
174 418
288 418
372 418
140 418
62 418
231 418
116 418
128 418
105 418
355 418
357 418
401 418
360 418
25 418
362 418
107 418
205 418
87 419
93 419
42 419
54 419
381 419
182 419
104 419
48 419
185 419
127 419
159 419
107 420
222 420
105 420
208 420
135 420
152 420
140 420
384 420
247 420
212 420
174 420
249 420
357 420
231 420
396 420
232 420
116 420
128 420
257 420
355 420
372 420
401 420
288 420
359 420
337 420
360 420
221 420
188 420
241 420
147 420
205 420
378 704
331 704
209 704
190 704
605 704
109 704
348 704
99 704
580 704
111 704
112 704
261 704
380 704
24 704
510 704
48 704
267 704
358 704
54 704
45 704
516 704
361 704
66 704
24 421
48 421
54 421
127 421
119 422
54 422
315 422
19 422
261 422
27 422
49 52
231 424
184 424
135 424
116 424
105 424
355 424
372 424
212 424
401 424
288 424
357 424
360 424
205 424
247 424
241 424
221 424
45 53
23 53
44 53
42 53
53 54
24 54
48 54
42 54
46 55
35 56
34 56
48 56
42 56
31 56
46 58
55 58
49 59
50 59
46 59
51 59
287 426
289 426
252 426
31 60
57 60
12 62
47 62
19 62
60 63
48 63
31 63
54 63
24 64
48 64
54 64
35 65
34 65
45 66
24 66
48 66
42 66
54 66
41 67
50 68
46 68
54 68
50 69
46 69
24 70
64 70
54 70
48 70
56 70
65 70
37 73
27 75
41 76
24 77
54 77
55 77
74 77
48 77
27 77
27 78
67 79
62 80
10 80
47 80
25 80
5 83
15 83
6 83
7 83
1 83
3 83
231 432
209 432
343 432
112 432
389 432
411 432
179 432
238 432
99 432
54 432
377 432
45 432
49 432
124 432
19 432
241 432
5 84
59 85
46 85
24 85
23 85
44 85
34 85
59 86
46 86
51 86
276 433
341 433
310 433
66 87
24 88
64 88
53 88
48 88
35 88
42 88
66 88
54 88
45 88
23 88
44 88
70 88
56 88
34 88
24 89
46 89
64 89
54 89
55 89
53 89
48 89
66 89
79 90
67 90
59 91
86 91
31 91
54 91
50 91
81 91
44 91
51 91
57 91
5 94
13 92
1 5
3 5
393 447
347 447
75 95
27 95
47 96
55 97
56 98
24 99
48 99
42 99
54 99
55 99
45 99
89 99
77 99
66 99
13 100
10 100
16 100
15 100
7 100
85 101
92 101
57 101
24 102
99 102
48 102
42 102
54 102
91 102
45 102
77 102
66 102
32 103
19 103
38 103
24 104
93 104
48 104
54 104
105 106
105 107
35 108
31 108
56 108
34 108
153 642
451 642
50 642
46 642
69 642
24 109
42 109
54 109
48 109
101 109
66 109
102 111
85 111
31 111
91 111
45 111
48 111
44 111
66 111
42 111
85 112
54 112
24 112
53 112
44 112
48 112
111 112
45 112
66 112
74 113
104 114
52 115
105 116
79 116
107 116
67 116
90 116
5 117
9 117
58 118
50 120
46 120
69 120
109 121
24 121
93 121
54 121
110 121
104 121
45 121
112 121
48 121
101 121
66 121
85 122
46 122
54 122
110 122
91 122
112 122
55 122
44 122
101 122
57 122
24 123
99 123
89 123
54 123
110 123
111 123
112 123
48 123
66 123
109 648
59 124
86 124
50 124
81 124
51 124
57 124
28 125
111 125
58 126
74 126
112 127
93 127
54 127
104 127
52 129
67 131
58 133
118 133
126 133
31 133
48 134
92 134
101 134
67 134
116 135
128 135
105 135
107 135
118 136
30 137
75 138
27 138
233 658
241 658
181 663
528 663
474 663
644 663
123 663
597 663
117 663
589 663
454 663
481 663
537 663
483 663
621 663
127 663
472 663
562 665
384 665
247 665
288 665
156 665
507 665
250 665
420 665
231 665
626 665
232 665
116 665
451 665
184 665
355 665
372 665
476 665
401 665
142 665
233 665
241 665
242 665
357 665
448 670
31 670
552 670
183 670
513 670
529 670
427 670
443 670
670 672
170 670
91 670
584 670
32 687
500 687
43 687
38 687
276 687
266 689
602 689
474 689
481 689
512 689
597 689
620 689
328 689
621 689
394 692
474 692
481 692
123 692
597 692
49 692
74 692
653 692
649 692
533 692
116 694
41 694
139 694
424 694
399 694
109 697
569 697
367 697
605 697
398 697
256 697
190 697
178 697
50 697
30 706
447 707
116 139
128 139
105 139
76 139
116 140
128 140
105 140
107 140
135 140
101 141
594 708
455 708
695 708
350 708
343 708
458 708
319 708
59 142
46 142
86 142
116 142
50 142
51 142
124 142
57 143
24 143
48 143
54 143
55 143
24 144
54 144
65 144
98 144
48 144
56 144
42 144
84 145
52 146
116 147
128 147
105 147
28 148
34 148
96 149
47 149
128 152
552 711
427 711
243 711
669 711
670 711
685 711
448 711
96 154
109 155
66 155
109 156
114 156
109 158
99 158
31 158
123 158
55 158
89 158
93 159
48 159
42 159
54 159
112 159
45 159
104 159
121 159
99 159
127 159
66 159
153 160
92 161
134 161
101 161
146 162
52 162
49 162
77 164
19 166
139 167
118 168
99 168
133 168
123 168
55 168
89 168
74 168
77 168
126 168
158 168
59 169
46 169
86 169
81 169
49 169
50 169
142 169
51 169
124 169
104 170
94 467
124 172
109 173
85 173
161 173
92 173
101 173
57 173
139 174
135 174
152 174
116 174
128 174
105 174
140 174
107 174
147 174
159 176
122 176
170 176
101 176
57 176
91 178
31 178
156 178
170 178
159 178
44 178
57 178
161 179
42 179
45 179
112 179
48 179
92 179
101 179
134 179
153 180
160 180
31 181
123 181
89 181
35 181
99 181
175 181
55 181
34 181
44 181
158 181
56 181
122 181
35 182
98 182
65 182
56 182
34 182
170 183
159 183
85 185
93 185
53 185
104 185
44 185
127 185
87 185
53 186
24 186
48 186
151 186
54 186
31 187
116 188
172 189
120 190
106 191
58 192
74 192
126 192
82 193
19 193
29 193
80 193
166 193
25 193
172 194
51 194
189 194
132 194
50 195
46 195
69 195
49 196
67 196
131 196
131 197
104 198
93 198
121 198
42 198
177 198
45 198
112 198
48 198
179 198
66 198
161 199
20 199
78 199
13 199
36 199
12 199
119 199
127 200
24 200
173 200
156 200
104 200
48 200
185 200
68 200
109 200
93 200
42 200
54 200
198 200
45 200
112 200
101 200
102 200
159 200
99 203
48 203
93 203
23 203
197 204
40 205
184 205
116 205
128 205
105 205
188 205
131 206
31 57
190 207
49 61
67 208
116 208
128 208
105 208
140 208
107 208
87 209
42 209
54 209
198 209
45 209
177 209
48 209
185 209
112 209
66 209
179 209
107 212
174 212
30 212
19 212
135 212
116 212
105 212
140 212
137 212
184 212
73 211
37 211
19 211
74 213
77 213
10 12
7 12
3 6
1 7
6 7
33 72
210 215
141 215
201 215
101 215
161 216
134 216
201 216
13 216
199 216
101 216
211 218
19 218
198 218
45 218
112 218
184 218
153 219
160 219
141 219
104 220
93 220
127 220
34 478
161 478
173 478
134 478
201 478
301 478
48 478
109 478
209 478
55 478
226 478
112 478
472 478
101 478
31 478
212 222
174 222
30 222
40 222
152 222
116 222
128 222
184 222
205 222
59 81
50 81
46 81
51 81
332 370
116 224
188 224
202 225
133 225
126 225
161 230
138 230
216 230
75 230
12 230
229 230
119 233
80 82
27 82
19 82
212 236
217 236
167 236
47 236
205 236
125 237
28 237
97 237
194 237
45 238
112 238
178 238
207 238
124 238
161 239
27 239
216 239
80 239
230 239
10 239
7 239
12 239
199 239
130 239
25 239
24 241
222 241
48 241
209 241
135 241
152 241
116 241
233 241
128 241
105 241
231 241
205 241
212 241
54 241
147 241
11 245
9 245
117 245
5 245
222 247
135 247
152 247
116 247
128 247
105 247
140 247
231 247
205 247
212 247
174 247
107 247
147 247
221 247
24 248
99 248
209 248
54 248
112 248
45 248
104 248
48 248
93 248
127 248
159 248
212 249
222 249
184 249
231 249
135 249
116 249
128 249
105 249
241 249
147 249
205 249
233 250
241 250
183 251
187 251
170 251
5 252
62 254
37 254
47 254
236 254
133 255
126 255
192 255
59 256
46 256
86 256
169 256
120 256
50 256
51 256
124 256
188 257
54 258
146 260
52 260
24 261
134 261
201 261
87 261
104 261
112 261
48 261
185 261
54 261
110 261
93 261
42 261
156 261
198 261
45 261
177 261
159 261
179 261
127 261
209 261
220 262
168 264
181 265
35 265
31 265
65 265
182 265
56 265
34 265
109 266
226 266
120 266
132 266
122 266
24 267
93 267
42 267
54 267
104 267
159 267
48 267
66 267
209 267
125 268
28 268
85 269
173 269
200 269
134 269
201 269
210 269
109 269
91 269
176 269
44 269
122 269
178 269
101 269
57 269
58 270
118 270
133 270
255 270
202 270
225 270
126 270
192 270
71 272
233 273
241 273
250 273
157 274
129 274
43 276
179 276
24 93
48 93
54 93
98 375
291 375
144 375
56 375
65 375
212 217
47 217
205 217
135 221
152 221
116 221
183 221
128 221
105 221
140 221
205 221
212 221
174 221
187 221
170 221
107 221
147 221
182 277
65 277
67 600
92 278
120 279
190 279
244 279
125 280
28 280
49 280
177 281
257 281
198 281
62 282
254 282
47 282
125 283
28 283
263 283
55 285
168 285
271 285
71 286
252 287
222 288
257 288
208 288
135 288
152 288
128 288
247 288
212 288
174 288
249 288
251 288
231 288
232 288
116 288
170 288
183 288
105 288
140 288
205 288
221 288
188 288
241 288
147 288
107 288
24 227
93 227
48 227
123 227
54 227
198 227
159 227
89 227
178 227
99 227
158 227
287 289
252 289
253 290
244 290
45 290
112 290
190 290
207 290
271 290
98 291
56 291
131 292
196 292
208 293
27 294
95 229
75 229
138 229
119 295
41 295
247 295
145 296
183 297
205 298
49 299
259 299
139 300
109 301
24 301
99 301
209 301
54 301
45 301
112 301
48 301
185 301
179 301
87 301
194 302
67 303
24 303
114 303
48 303
209 303
54 303
55 303
301 303
156 303
99 303
241 303
62 304
282 304
100 304
16 304
87 305
104 305
48 305
185 305
109 305
93 305
42 305
54 305
198 305
177 305
127 305
159 305
269 306
168 306
55 306
178 306
158 306
122 306
153 307
160 307
279 308
244 308
212 232
19 232
73 232
184 232
37 232
205 232
276 310
250 312
101 312
231 312
30 312
218 312
128 312
257 312
241 312
242 312
137 312
240 314
14 315
15 315
134 315
283 315
125 315
173 315
33 315
216 315
226 315
179 315
127 315
161 315
28 315
201 315
104 315
101 315
93 315
54 315
55 315
57 315
263 315
148 315
162 316
205 384
222 384
135 384
152 384
247 384
212 384
174 384
288 384
372 384
228 384
231 384
232 384
116 384
128 384
105 384
355 384
357 384
359 384
337 384
221 384
107 384
147 384
241 384
308 318
190 318
279 318
244 318
262 319
109 320
24 320
155 320
54 320
182 320
48 320
241 320
261 320
211 321
206 235
197 235
303 322
271 322
115 325
182 326
63 326
209 327
281 327
112 327
284 327
111 327
60 327
261 327
42 327
198 327
177 327
305 327
127 327
159 327
24 327
200 327
87 327
104 327
48 327
185 327
93 327
313 327
54 327
45 327
121 327
66 327
192 328
168 328
255 328
277 329
310 330
303 330
54 330
301 330
109 331
24 331
48 331
54 331
157 332
318 333
310 334
202 335
133 335
225 335
24 336
64 336
54 336
226 336
261 336
56 336
250 337
170 337
231 337
67 337
135 337
152 337
116 337
273 337
128 337
105 337
140 337
241 337
212 337
174 337
288 337
233 337
205 337
247 337
107 337
147 337
221 337
118 240
202 240
225 240
274 386
125 342
319 343
32 344
27 344
131 345
292 345
196 345
259 345
293 345
60 346
109 346
264 347
24 348
267 348
331 348
209 348
54 348
45 348
112 348
48 348
179 348
261 348
66 348
125 349
283 349
28 349
315 349
343 350
319 350
60 352
109 352
121 352
31 352
54 352
198 352
261 352
177 352
48 352
91 352
346 352
271 353
125 354
28 354
349 354
283 354
317 354
263 354
222 355
257 355
135 355
152 355
247 355
212 355
174 355
288 355
205 355
250 355
338 355
231 355
67 355
232 355
116 355
233 355
128 355
105 355
140 355
107 355
147 355
241 355
242 355
221 355
339 356
313 356
187 356
290 358
209 358
301 358
348 358
99 358
313 358
303 358
324 358
55 358
112 358
207 358
241 358
205 359
232 359
82 242
208 242
19 242
80 242
73 242
37 242
130 242
205 242
231 360
241 360
62 362
233 362
282 362
24 363
173 363
156 363
210 363
234 363
48 363
219 363
141 363
215 363
42 363
54 363
226 363
50 364
92 364
67 364
153 244
190 244
69 244
125 246
582 599
510 599
226 599
516 599
478 599
101 599
581 599
263 599
5 9
58 74
160 263
125 263
28 263
111 263
160 365
153 365
180 365
253 366
290 366
313 366
244 366
22 366
351 366
190 366
207 366
153 367
160 367
190 367
333 367
86 367
58 368
133 368
209 368
301 368
202 368
270 368
74 368
118 368
5 368
99 368
240 368
303 368
225 368
126 368
8 368
3 368
160 369
233 369
250 369
153 369
107 372
231 372
135 372
116 372
140 372
128 372
105 372
355 372
41 372
247 372
212 372
174 372
288 372
360 372
205 372
241 372
357 372
325 373
156 373
173 376
123 376
89 376
68 376
109 376
99 376
55 376
226 376
34 376
101 376
102 376
57 376
238 377
24 378
367 378
209 378
190 378
48 378
141 378
226 378
54 378
45 378
112 378
50 378
66 378
173 380
209 380
85 380
190 380
284 380
176 380
348 380
99 380
303 380
324 380
111 380
226 380
112 380
101 380
244 380
24 380
290 380
48 380
294 380
358 380
313 380
54 380
45 380
301 380
122 380
66 380
42 380
181 381
24 381
248 381
42 381
54 381
182 381
48 381
358 381
56 381
65 381
223 382
106 382
191 382
259 382
212 385
231 385
105 385
67 385
116 385
247 385
128 385
221 385
355 385
241 385
205 385
39 383
18 383
84 383
8 383
3 383
267 387
301 387
209 387
31 387
293 388
319 388
197 388
350 388
125 391
28 391
349 391
283 391
148 391
280 391
315 391
317 391
263 391
109 392
125 392
173 392
200 392
68 392
376 392
226 392
261 392
317 392
263 392
347 393
237 394
194 394
280 394
59 398
50 398
51 398
124 398
31 399
156 399
342 400
107 401
231 401
357 401
135 401
116 401
140 401
128 401
105 401
355 401
247 401
212 401
174 401
288 401
360 401
372 401
241 401
384 401
205 401
109 402
24 402
93 402
42 402
54 402
48 402
66 402
159 402
253 404
207 404
172 406
133 406
240 406
225 406
202 406
126 406
160 408
58 409
118 409
133 409
240 409
168 409
136 409
126 409
394 410
194 410
377 411
238 411
389 411
342 411
302 411
62 413
282 413
362 413
41 413
59 414
86 414
389 414
50 414
124 414
51 414
271 414
112 415
209 415
403 415
208 416
135 416
313 416
224 416
247 416
372 416
231 416
396 416
232 416
116 416
128 416
105 416
355 416
205 416
401 416
359 416
360 416
221 416
188 416
241 416
242 416
357 416
114 417
156 417
261 423
176 425
54 425
227 425
183 425
48 425
170 425
251 425
366 427
163 428
146 429
52 429
429 430
49 429
332 431
222 434
257 434
135 434
152 434
384 434
247 434
212 434
174 434
288 434
416 434
418 434
357 434
420 434
338 434
231 434
396 434
424 434
232 434
116 434
128 434
105 434
355 434
372 434
401 434
359 434
337 434
221 434
360 434
298 434
241 434
147 434
205 434
19 435
25 435
24 449
48 449
352 449
54 449
5 11
160 468
153 468
367 468
443 468
112 468
437 468
179 468
1 2
217 470
109 481
45 481
474 481
66 481
226 484
349 484
283 484
28 484
317 484
222 436
359 436
396 436
232 436
48 436
242 436
160 437
354 437
315 438
182 439
65 439
56 439
85 440
269 440
31 440
210 440
66 440
42 440
30 441
232 441
116 441
128 441
152 441
137 441
205 441
212 441
359 441
147 441
247 441
242 441
373 442
183 442
170 442
427 443
209 443
179 444
93 444
402 444
209 444
198 444
104 444
303 444
301 444
99 444
127 444
159 444
157 445
274 445
386 445
343 446
319 446
350 446
427 448
443 448
370 450
430 450
97 450
332 450
274 450
395 490
390 490
250 490
59 451
142 451
86 451
394 451
50 451
389 451
46 451
190 451
81 451
51 451
124 451
24 452
42 452
176 452
198 452
53 452
48 452
56 452
122 452
109 453
173 453
200 453
134 453
201 453
226 453
352 453
44 453
54 453
101 453
336 454
343 455
316 455
319 455
350 455
160 456
153 456
215 456
369 456
210 456
219 456
141 456
101 456
322 457
271 457
435 460
19 460
242 460
25 460
366 461
190 461
313 461
207 461
290 461
127 462
161 462
422 462
324 462
283 462
315 462
125 462
33 462
54 462
317 462
349 462
55 462
263 462
391 462
28 462
391 463
462 464
28 464
283 464
315 464
27 464
119 464
422 464
54 464
19 464
261 464
391 464
317 464
127 464
263 464
28 465
459 465
170 466
59 466
398 466
86 466
425 466
183 466
81 466
91 466
414 466
251 466
169 466
405 466
50 466
178 466
51 466
102 466
159 466
13 469
379 469
139 471
355 471
241 471
424 471
231 493
19 493
67 493
337 493
184 493
241 493
242 493
58 472
173 472
31 472
123 472
466 472
153 472
99 472
46 472
269 472
176 472
376 472
226 472
44 472
101 472
102 472
181 472
161 472
200 472
64 472
53 472
178 472
89 472
158 472
91 472
175 472
306 472
54 472
55 472
414 472
109 472
122 472
57 472
400 473
24 473
54 473
342 473
53 473
320 473
48 473
109 474
58 474
368 474
388 475
295 475
107 476
257 476
208 476
135 476
152 476
434 476
355 476
384 476
247 476
212 476
174 476
249 476
416 476
471 476
418 476
357 476
420 476
231 476
396 476
424 476
232 476
116 476
128 476
105 476
140 476
441 476
372 476
401 476
288 476
359 476
337 476
360 476
221 476
188 476
241 476
147 476
205 476
181 477
85 477
99 477
173 477
56 477
34 477
48 477
70 477
66 477
35 477
171 479
84 479
17 479
24 480
367 480
209 480
301 480
403 480
48 480
99 480
324 480
311 480
358 480
303 480
54 480
55 480
45 480
112 480
421 480
66 480
449 480
238 482
178 482
389 482
377 482
302 482
207 482
411 482
124 482
24 483
328 483
89 483
86 483
64 483
123 483
53 483
48 483
109 483
99 483
175 483
54 483
55 483
133 483
126 483
158 483
209 483
252 486
173 487
31 487
466 487
109 487
269 487
176 487
226 487
57 487
44 487
158 487
392 487
181 487
85 487
200 487
201 487
101 487
91 487
134 487
376 487
55 487
472 487
122 487
317 487
263 487
478 488
178 488
173 488
31 488
123 488
266 488
46 488
269 488
176 488
376 488
226 488
44 488
158 488
306 488
472 488
181 488
161 488
200 488
352 488
89 488
371 488
453 488
91 488
175 488
54 488
55 488
109 488
34 488
122 488
57 488
114 489
156 489
417 489
109 491
222 491
474 491
201 491
48 491
99 491
312 491
454 491
93 491
54 491
227 491
305 491
178 491
66 491
159 491
209 492
301 492
111 492
54 492
109 492
348 492
267 492
415 492
444 492
112 492
44 492
179 492
380 492
24 492
64 492
48 492
99 492
303 492
358 492
403 492
376 492
45 492
361 492
485 492
66 492
58 494
133 494
126 494
368 494
202 494
170 494
183 494
8 494
118 494
474 494
481 494
270 494
74 494
3 494
6 8
3 8
120 496
142 496
68 496
276 497
310 497
62 498
119 498
480 498
47 498
27 498
41 498
41 499
103 500
276 500
38 500
19 500
32 500
43 500
498 500
27 500
41 500
427 501
448 501
340 502
109 503
173 503
465 503
226 503
459 503
392 503
160 504
153 504
468 504
443 504
58 505
328 505
133 505
123 505
494 505
74 505
89 505
192 505
118 505
99 505
323 505
213 505
77 505
126 505
489 508
351 509
366 509
197 511
292 511
131 511
206 511
204 511
235 511
109 512
99 512
175 512
209 512
123 512
89 512
66 512
116 513
209 513
380 513
324 513
337 513
112 513
128 513
404 513
147 513
303 513
425 495
183 495
170 495
127 495
104 495
10 13
7 13
5 18
8 18
131 506
67 506
259 506
292 506
231 507
478 507
241 507
404 507
247 507
378 510
173 510
209 510
112 510
111 510
109 510
348 510
267 510
492 510
198 510
226 510
177 510
44 510
380 510
24 510
48 510
358 510
403 510
54 510
45 510
361 510
66 510
109 723
165 723
226 723
518 723
516 723
559 725
579 725
677 725
691 725
7 725
80 725
383 725
637 725
84 725
10 725
130 725
59 726
124 726
86 726
91 726
710 727
313 727
416 727
231 728
359 728
396 728
360 728
372 728
241 728
681 728
351 514
366 514
442 514
209 515
301 515
190 515
444 515
109 515
348 515
99 515
303 515
324 515
111 515
179 515
244 515
253 515
290 515
121 515
380 515
48 515
513 515
358 515
313 515
403 515
404 515
42 515
361 515
207 515
485 515
415 515
109 516
226 516
358 516
478 516
510 516
209 516
45 516
112 516
361 516
492 516
380 516
153 517
160 517
367 517
91 517
301 518
480 518
209 518
303 518
129 519
274 519
107 520
231 520
208 520
135 520
116 520
140 520
105 520
513 520
247 520
212 520
174 520
303 520
324 520
337 520
205 520
241 520
242 520
221 520
206 521
125 522
268 522
280 522
349 522
354 522
283 522
263 522
484 522
317 522
28 522
253 523
366 523
313 523
290 523
244 523
290 524
492 524
209 524
301 524
190 524
120 524
380 524
403 524
109 524
348 524
358 524
313 524
515 524
45 524
112 524
361 524
179 524
485 524
415 524
24 525
520 525
54 525
324 525
116 525
48 525
513 525
303 525
109 526
182 526
248 526
173 526
329 526
65 526
381 526
226 526
439 526
56 526
375 526
206 527
521 527
109 528
99 528
443 529
100 530
443 530
7 530
109 531
328 531
474 531
481 531
168 531
59 533
46 533
86 533
394 533
194 533
49 533
50 533
410 533
51 533
74 533
124 533
297 534
465 534
309 535
109 536
415 536
303 536
444 536
211 536
301 536
321 536
485 536
368 536
537 589
24 537
93 537
54 537
104 537
261 537
48 537
127 537
159 537
498 538
27 538
387 539
187 539
352 539
261 540
454 540
246 540
336 540
54 540
393 542
264 542
347 542
397 543
82 543
130 543
374 543
274 544
457 545
271 545
154 546
215 548
336 548
381 548
276 549
497 549
310 549
161 550
379 550
7 550
75 550
27 550
530 550
239 550
138 550
216 550
405 550
12 550
229 550
230 550
457 551
267 551
427 552
46 552
448 552
161 553
134 553
216 553
13 553
96 553
92 553
179 553
101 553
161 554
462 554
127 554
315 554
104 554
399 554
159 554
109 555
508 555
173 555
156 555
417 555
226 555
489 555
392 555
44 555
503 555
57 555
139 556
352 557
81 558
256 558
195 558
142 558
431 558
13 559
10 559
16 559
7 559
302 561
59 563
378 563
367 563
520 563
380 563
398 563
513 563
290 563
238 563
313 563
50 563
461 563
348 564
267 564
54 564
404 564
24 564
104 564
48 564
93 564
127 564
159 564
466 569
398 569
50 569
271 569
173 570
156 570
417 570
393 572
542 572
347 572
161 573
95 573
150 573
138 573
75 573
229 573
298 575
120 577
69 577
558 577
533 577
389 577
164 578
27 579
102 583
552 584
427 584
448 584
550 585
229 585
386 586
445 586
274 586
162 587
318 587
316 587
54 591
455 594
28 594
350 594
343 594
458 594
262 594
319 594
263 594
471 595
139 595
300 595
339 596
109 596
173 596
156 596
417 596
226 596
210 596
57 596
44 596
141 596
101 596
109 597
99 597
474 597
510 597
123 597
168 597
66 597
516 597
582 597
581 597
481 597
181 598
85 598
305 598
176 598
183 598
494 598
425 598
398 598
159 598
569 598
495 598
376 598
466 598
50 598
472 598
170 598
523 598
251 598
122 598
339 601
187 601
352 601
356 601
539 601
99 602
474 602
510 602
209 602
123 602
512 602
597 602
516 602
459 602
581 602
481 602
592 604
378 605
134 605
281 605
417 605
109 605
176 605
112 605
555 605
177 605
327 605
179 605
380 605
24 605
510 605
87 605
48 605
185 605
93 605
480 605
581 605
459 605
392 605
516 605
121 605
66 605
122 605
54 605
301 605
348 605
99 605
269 605
303 605
156 605
198 605
226 605
305 605
352 605
101 605
127 605
159 605
60 605
582 605
200 605
201 605
104 605
371 605
267 605
358 605
518 605
376 605
45 605
361 605
42 605
312 606
541 606
441 606
30 606
560 606
242 606
218 606
128 606
147 606
109 607
171 608
145 608
261 609
24 609
48 609
54 609
333 610
561 610
342 610
318 610
389 610
561 611
367 611
342 611
389 611
589 612
514 612
185 612
351 612
200 612
506 613
241 613
196 613
19 613
605 613
570 613
49 613
301 613
168 613
41 613
27 613
104 614
93 614
305 614
127 614
159 614
62 615
254 615
30 615
374 615
282 615
41 615
49 616
150 617
75 617
138 617
229 617
230 617
12 21
24 618
510 618
209 618
444 618
301 618
48 618
513 618
468 618
491 618
109 618
541 618
530 618
99 618
303 618
54 618
605 618
555 618
516 618
179 618
485 618
515 618
151 619
58 620
328 620
474 620
505 620
255 620
597 620
192 620
109 620
142 620
481 620
168 620
512 620
582 621
474 621
510 621
597 621
516 621
602 621
581 621
481 621
461 622
367 623
399 623
487 624
173 624
209 624
348 624
269 624
226 624
112 624
178 624
101 624
306 624
380 624
181 624
510 624
201 624
44 624
478 624
358 624
294 624
134 624
376 624
55 624
516 624
472 624
122 624
57 624
24 625
23 625
31 625
54 625
98 625
182 625
88 625
48 625
449 625
560 626
208 626
152 626
218 626
493 626
73 626
37 626
128 626
242 626
45 627
541 627
560 627
209 627
112 627
534 628
534 629
386 630
450 630
370 630
430 630
586 630
97 630
332 630
274 630
582 631
49 631
201 631
613 631
116 631
168 631
109 631
533 631
19 631
605 631
570 631
516 631
581 631
209 631
62 632
231 632
396 632
116 632
282 632
355 632
247 632
359 632
385 632
418 632
241 632
384 632
508 635
605 636
588 636
39 637
383 637
84 637
536 637
3 637
626 638
197 638
206 638
521 638
497 638
527 638
109 639
582 639
510 639
226 639
516 639
599 639
581 639
382 640
224 640
181 641
34 641
209 641
104 641
48 641
415 641
303 641
142 641
56 641
324 641
485 641
70 641
102 641
159 641
529 643
427 643
69 643
443 643
120 643
190 643
524 643
367 643
448 643
540 644
278 644
336 644
463 646
391 646
302 646
528 647
274 647
129 647
28 649
592 649
280 649
604 649
484 649
168 649
518 649
368 649
325 651
299 651
49 653
649 653
202 654
409 654
240 654
133 654
257 655
541 655
231 655
106 655
415 655
382 655
191 655
188 655
202 656
168 656
359 659
396 659
299 660
651 660
173 661
123 661
597 661
599 661
605 661
109 661
99 661
269 661
652 661
226 661
510 661
44 661
621 661
581 661
472 661
181 661
528 661
582 661
474 661
200 661
478 661
602 661
158 661
89 661
481 661
376 661
516 661
639 661
101 661
122 661
71 662
455 662
432 662
350 662
343 662
458 662
319 662
446 662
24 664
582 664
121 664
209 664
444 664
104 664
48 664
93 664
485 664
54 664
198 664
45 664
112 664
305 664
327 664
127 664
159 664
651 667
209 667
443 667
411 668
533 668
552 669
448 669
427 669
442 669
605 669
584 669
93 671
251 671
614 671
104 671
598 671
170 671
183 671
127 671
159 671
670 672
427 672
241 672
443 672
448 672
222 673
105 673
49 673
135 673
152 673
658 673
212 673
42 673
605 673
231 673
510 673
464 673
116 673
233 673
128 673
565 673
205 673
273 673
45 673
516 673
498 673
241 673
147 673
589 674
109 674
209 674
516 674
664 674
327 674
259 674
566 674
552 675
427 675
584 675
661 675
663 675
448 675
125 676
114 676
379 676
28 676
156 676
576 676
218 676
417 676
484 676
263 676
218 677
379 677
330 677
24 678
53 678
563 678
48 678
452 678
35 678
569 678
456 678
42 678
198 678
56 678
34 678
619 679
297 679
151 679
233 680
241 680
250 680
360 681
183 681
425 681
523 681
170 681
598 681
251 681
247 681
208 682
371 682
346 682
393 683
542 683
572 683
347 683
542 684
683 684
552 685
448 685
427 685
584 685
669 685
670 685
442 685
682 686
150 688
573 688
138 688
617 688
75 688
229 688
208 690
550 690
434 690
116 690
384 690
247 690
530 690
443 690
507 690
12 690
199 690
420 690
231 690
396 690
424 690
232 690
476 690
233 690
665 690
372 690
562 690
401 690
239 690
632 690
359 690
337 690
360 690
230 690
241 690
573 690
559 691
579 691
383 691
637 691
84 691
222 693
30 693
218 693
615 693
627 693
435 693
137 693
247 693
312 693
541 693
441 693
40 693
436 693
147 693
606 693
594 695
455 695
350 695
343 695
458 695
262 695
319 695
486 696
618 698
504 698
468 698
179 698
109 699
454 699
31 699
605 699
45 699
112 699
331 699
109 700
516 700
699 700
510 700
556 701
362 701
567 701
508 702
114 702
156 702
417 702
635 702
489 702
360 703
183 703
425 703
523 703
170 703
598 703
251 703
58 709
478 709
409 709
209 709
301 709
649 709
266 709
303 709
324 709
516 709
226 709
619 709
179 709
656 709
161 709
474 709
510 709
368 709
201 709
202 709
48 709
118 709
240 709
55 709
335 709
639 709
518 709
325 710
106 710
514 710
391 710
437 712
180 712
307 712
160 713
552 713
427 713
367 713
669 713
529 713
178 713
643 713
448 713
79 105
67 105
90 105
336 705
6 14
1 14
7 14
1 15
10 15
6 15
7 15
24 110
93 110
64 110
54 110
85 110
87 110
104 110
48 110
45 110
66 110
42 110
62 119
36 119
27 119
79 128
67 128
116 128
105 128
107 128
90 128
289 309
290 714
448 714
713 714
427 714
437 714
643 714
650 714
529 714
142 714
367 714
443 714
605 714
190 714
107 715
222 715
105 715
208 715
135 715
152 715
434 715
690 715
384 715
247 715
212 715
174 715
249 715
416 715
560 715
520 715
418 715
507 715
665 715
420 715
140 715
231 715
396 715
424 715
232 715
476 715
188 715
128 715
257 715
355 715
441 715
205 715
116 715
401 715
288 715
359 715
337 715
360 715
221 715
372 715
241 715
147 715
357 715
293 716
166 716
416 716
242 716
205 716
305 717
510 717
209 717
112 717
104 717
48 717
111 717
99 717
198 717
93 717
42 717
516 717
45 717
177 717
121 717
179 717
66 717
159 717
487 718
173 718
510 718
465 718
459 718
605 718
582 718
503 718
109 718
125 718
472 718
200 718
317 718
633 718
226 718
516 718
392 718
581 718
639 718
599 718
263 718
289 719
426 719
252 719
142 720
683 720
13 721
228 721
36 721
543 721
374 721
188 722
168 722
325 722
224 722
183 722
257 722
170 722
655 722
62 130
82 130
47 130
80 130
73 130
10 130
37 130
27 130
25 130
594 724
455 724
695 724
350 724
343 724
458 724
262 724
319 724
356 724
2 20
710 729
479 730
559 731
579 731
7 731
725 731
10 731
84 731
691 731
498 733
490 734
119 734
567 734
556 734
273 734
233 734
565 734
390 734
250 734
241 734
516 735
478 735
209 735
704 735
605 735
109 735
348 735
492 735
111 735
112 735
102 735
380 735
510 735
564 735
331 735
700 735
238 735
358 735
480 735
54 735
45 735
405 735
699 735
361 735
639 735
208 736
447 741
707 741
60 742
625 742
529 743
650 743
712 743
443 743
539 743
24 744
54 744
421 744
48 744
605 744
127 744
62 745
500 745
677 745
282 745
487 746
474 746
597 746
478 746
109 746
602 746
173 746
481 746
226 746
620 746
621 746
472 746
183 747
318 747
190 747
67 748
124 132
212 732
529 732
530 732
690 732
173 459
209 485
301 485
104 485
198 485
358 485
259 485
109 485
93 485
402 485
322 485
303 485
444 485
45 485
112 485
131 485
241 485
127 485
415 485
7 10
24 284
209 284
87 284
48 284
185 284
99 284
54 284
198 284
112 284
121 284
44 284
66 284
57 284
111 737
209 737
284 737
605 737
109 737
492 737
156 737
417 737
112 737
352 737
380 737
24 737
582 737
361 737
510 737
177 737
44 737
48 737
198 737
541 737
358 737
54 737
45 737
516 737
121 737
552 738
675 738
448 738
442 738
669 738
427 738
670 738
685 738
711 738
584 738
191 223
106 223
13 16
10 16
7 16
0 0
559 739
579 739
282 739
19 739
254 739
725 739
62 739
498 739
27 739
691 739
109 740
589 740
612 740
537 740
87 740
104 740
305 740
185 740
127 740
17 84
22 23
184 311
209 311
19 311
253 313
290 313
244 313
190 313
207 313
242 313
271 313
226 317
125 317
28 317
263 317
85 226
173 226
200 226
134 226
201 226
176 226
109 226
54 226
122 226
44 226
101 226
57 226
202 323
118 323
133 323
240 323
225 323
303 324
301 324
209 324
271 324
55 324
49 228
184 228
19 228
49 458
62 338
231 338
241 338
153 339
215 339
127 339
87 339
104 339
339 601
185 339
93 339
339 356
159 339
27 340
173 341
31 341
54 341
226 341
168 341
101 341
209 351
212 357
312 357
231 357
135 357
250 357
116 357
105 357
241 357
205 357
247 357
318 361
209 361
301 361
190 361
198 361
348 361
99 361
111 361
112 361
120 361
261 361
271 361
253 361
290 361
177 361
44 361
331 361
244 361
358 361
313 361
45 361
207 361
66 361
454 532
313 541
209 541
404 541
301 541
303 541
515 541
349 547
125 547
28 547
315 547
522 547
283 547
484 547
263 547
431 593
91 243
151 243
156 243
13 19
16 19
12 19
231 560
396 560
152 560
116 560
218 560
128 560
541 560
441 560
359 560
442 560
241 560
147 560
173 633
599 633
503 633
109 633
125 633
176 633
605 633
226 633
510 633
352 633
101 633
581 633
472 633
85 633
582 633
200 633
44 633
376 633
516 633
392 633
122 633
263 633
233 562
241 562
233 634
556 634
565 634
567 634
273 634
250 634
516 566
284 566
510 566
209 566
198 566
45 566
177 566
121 566
327 566
102 566
556 567
362 567
187 568
91 571
31 571
73 574
460 574
37 574
211 574
321 574
125 576
462 576
268 576
280 576
315 576
522 576
283 576
263 576
484 576
28 576
24 580
209 580
48 580
99 580
310 580
261 580
358 580
54 580
111 580
45 580
112 580
361 580
66 580
380 580
52 430
49 430
146 430
429 430
157 430
129 430
332 430
109 581
226 581
209 581
54 581
516 581
45 581
112 581
101 581
66 581
472 581
109 582
226 582
510 582
352 582
54 582
581 582
261 582
516 582
371 582
346 582
263 582
489 588
54 588
417 588
109 589
403 589
537 589
516 589
305 589
566 589
127 589
209 589
478 645
472 645
173 645
599 645
124 645
109 645
261 645
226 645
516 645
503 645
101 645
122 645
208 231
135 231
152 231
116 231
128 231
105 231
140 231
205 231
212 231
174 231
107 231
147 231
221 231
49 71
27 71
41 71
538 590
498 590
27 590
330 592
539 592
510 603
209 603
190 603
380 603
358 603
109 603
99 603
313 603
175 603
516 603
121 603
244 603
187 253
207 253
244 253
367 650
187 650
592 650
539 650
1 3
