0 384
0 289
0 115
0 276
0 391
0 410
0 365
1 1
2 2
3 10
3 203
3 37
4 4
5 321
5 66
5 195
5 388
5 197
5 151
5 140
5 398
5 89
5 272
5 210
5 276
5 213
5 279
5 25
5 410
5 314
5 157
5 368
5 292
5 37
5 103
5 407
5 299
5 112
5 241
5 246
5 313
5 250
5 188
6 6
7 7
8 14
9 371
10 371
10 204
10 198
10 220
10 388
10 203
10 44
10 205
10 334
11 258
12 44
13 13
15 15
16 16
17 371
17 365
18 18
19 264
19 154
19 204
19 365
19 349
20 204
21 21
22 289
22 114
22 388
22 257
22 204
22 220
22 365
22 185
23 291
24 24
25 154
26 26
27 176
27 34
27 115
27 292
27 391
27 203
27 380
27 205
27 365
28 195
29 29
30 385
30 210
30 198
30 55
30 104
30 124
30 204
30 66
30 350
31 31
32 154
32 44
32 114
33 204
33 220
34 384
34 225
34 83
34 371
34 212
34 286
34 378
34 92
34 362
34 222
35 178
35 371
35 356
35 413
35 195
36 36
37 66
37 388
37 407
37 299
37 398
37 367
38 115
39 340
40 154
40 371
41 371
41 372
42 371
43 43
44 68
44 78
44 175
44 114
44 179
44 280
44 218
44 220
44 221
45 45
46 46
47 176
48 384
48 291
48 356
48 365
48 349
49 49
50 50
51 51
52 52
53 365
54 54
55 66
55 246
55 118
55 407
55 346
55 299
56 264
56 371
56 388
56 365
56 349
57 57
58 58
59 59
60 288
60 369
60 214
60 215
60 89
60 202
60 176
60 220
60 383
61 104
61 124
62 371
63 336
64 176
64 365
65 113
65 114
65 220
66 321
66 299
66 292
66 407
66 334
66 241
66 211
66 250
66 188
66 346
67 67
68 204
69 203
70 371
71 385
71 210
71 198
71 264
71 204
71 365
72 210
73 73
74 258
74 114
74 203
74 365
75 291
75 154
75 371
75 114
76 76
77 77
78 176
79 79
80 80
81 81
82 82
83 365
84 172
85 85
86 86
87 87
88 88
89 281
90 90
91 225
91 114
91 371
91 202
91 203
93 113
93 210
93 204
93 340
93 292
93 407
93 388
93 250
93 289
93 188
93 349
94 94
95 95
96 114
96 371
96 276
96 154
96 205
96 287
97 289
97 365
98 98
99 99
100 100
101 113
101 114
101 340
101 289
101 264
101 203
101 210
101 398
101 301
102 102
103 289
103 274
103 203
103 204
104 360
104 403
104 124
105 105
106 371
106 204
107 107
108 108
109 371
109 203
110 110
111 111
112 289
112 291
112 204
112 203
112 220
113 320
113 386
113 123
113 237
113 176
113 368
113 279
113 250
113 175
113 378
114 384
114 130
114 278
114 199
114 334
114 207
114 216
114 339
114 148
114 213
114 279
114 344
114 152
114 221
114 197
114 161
114 212
114 165
114 209
114 362
114 225
114 289
114 302
114 175
114 242
114 377
114 186
114 190
116 220
116 365
116 390
117 117
119 119
120 120
121 250
121 398
122 122
123 176
123 203
124 385
124 210
124 198
124 305
124 346
125 240
126 126
127 410
127 165
127 390
128 371
129 129
131 275
131 165
131 390
132 132
133 133
134 134
135 135
136 136
137 365
137 190
138 138
139 139
140 365
141 141
142 142
143 361
143 365
144 144
145 178
145 203
145 220
146 146
147 147
148 176
148 275
148 365
149 149
150 150
151 365
152 224
152 365
152 154
152 205
153 153
154 291
154 356
154 225
154 339
154 207
154 221
154 245
154 378
154 383
154 156
154 317
154 222
154 287
155 155
156 178
158 158
159 176
160 160
161 195
161 250
161 334
162 162
163 388
163 365
164 164
165 276
165 310
165 188
166 166
167 167
168 168
169 169
170 380
171 328
172 291
173 354
174 174
175 176
175 371
175 264
176 320
176 203
176 197
176 253
176 321
176 371
176 207
176 384
176 206
176 215
176 220
176 413
176 225
176 289
176 243
176 373
176 276
176 317
177 271
178 368
178 217
179 339
179 258
179 371
179 365
180 180
181 181
182 371
183 365
184 184
185 352
185 385
185 322
185 356
185 390
185 289
185 220
186 371
187 349
187 389
188 276
188 246
188 407
189 189
190 288
191 191
192 365
193 193
194 410
194 246
195 322
195 264
195 204
195 271
196 304
198 385
198 210
198 204
198 377
198 346
200 371
200 349
201 201
202 384
202 289
202 203
202 257
202 204
202 410
203 322
203 388
203 289
203 269
203 365
203 276
203 279
203 260
203 218
203 220
203 222
203 373
203 212
204 385
204 386
204 264
204 236
204 322
204 206
204 210
204 279
204 260
204 352
204 304
204 289
204 303
204 275
204 374
204 377
205 289
206 352
206 371
206 389
207 371
207 292
207 264
207 365
208 208
210 385
210 412
210 299
210 264
210 403
210 276
210 279
210 377
211 249
211 346
212 276
212 349
212 365
214 314
215 289
215 349
215 334
216 234
219 219
220 386
220 276
220 385
220 313
222 365
223 223
225 289
225 371
225 365
226 226
227 227
228 228
229 229
230 264
231 231
232 232
233 233
235 235
236 289
238 238
239 239
241 321
241 246
242 264
242 365
244 244
245 336
246 304
246 348
246 299
247 247
248 248
249 346
250 388
250 312
250 292
250 299
250 317
251 388
252 252
253 365
253 383
254 254
255 255
256 256
257 385
259 412
259 301
259 279
261 365
262 289
263 263
264 362
264 371
264 287
265 265
266 266
267 267
268 268
269 372
270 270
273 273
276 291
276 385
276 381
276 352
276 279
276 380
276 413
277 277
278 365
279 289
279 412
279 299
279 380
282 282
283 283
284 380
285 354
287 289
287 384
287 388
287 352
289 385
289 388
289 339
289 344
289 409
289 352
289 291
289 292
289 365
289 413
289 374
289 377
290 397
291 322
291 339
291 371
291 372
291 379
291 317
292 299
292 388
292 321
293 293
294 294
295 295
296 296
297 297
298 298
299 321
299 334
299 346
300 300
301 371
301 412
302 371
303 370
304 410
305 346
306 306
307 307
308 308
309 309
311 311
312 367
313 400
313 365
313 381
314 346
314 407
314 383
315 315
316 316
317 346
317 388
317 380
318 318
319 319
320 371
322 372
322 391
322 371
322 349
323 371
324 400
325 325
326 326
327 327
329 329
330 330
331 363
331 388
332 365
333 333
334 346
335 335
337 337
338 338
341 341
342 342
343 343
345 345
346 407
347 347
349 362
349 371
349 374
351 351
352 388
353 353
355 355
356 371
356 380
356 365
357 357
358 358
359 359
361 365
362 371
362 365
363 372
364 364
365 413
365 381
365 368
365 383
366 371
367 371
368 371
371 388
371 400
371 413
371 374
371 379
375 375
376 376
377 411
378 380
380 408
381 388
382 382
384 413
385 388
387 387
392 392
393 393
394 394
395 395
396 396
399 399
401 401
402 402
404 404
405 405
406 406
414 414
