0 539
0 433
0 371
0 189
0 227
0 361
0 267
0 77
0 445
1 192
1 160
1 131
1 199
1 10
1 141
1 463
1 145
1 335
1 87
1 474
1 539
1 156
1 479
1 96
1 98
1 228
1 102
1 103
1 105
1 106
1 427
1 430
1 125
1 497
1 51
1 180
1 249
1 442
1 507
1 522
2 4
2 358
2 247
2 488
2 361
2 173
2 414
2 287
3 257
3 259
3 196
3 70
3 7
3 456
3 203
3 204
3 205
3 78
3 81
3 530
3 84
3 430
3 215
3 228
3 347
3 412
3 285
3 164
3 37
3 167
3 46
3 302
3 239
3 520
3 51
3 244
3 526
3 187
3 126
3 149
4 96
4 387
4 280
4 201
4 394
4 273
4 19
4 149
4 73
4 151
4 536
4 89
4 412
4 539
4 348
4 349
4 408
4 288
4 370
4 355
4 100
4 293
4 372
4 298
4 491
4 284
4 173
4 434
4 112
4 178
4 51
4 186
4 510
4 55
4 313
4 314
4 446
5 32
5 448
5 370
5 326
5 49
5 150
5 321
5 404
5 209
5 363
5 258
6 513
6 11
6 326
6 200
6 140
6 267
6 204
6 397
6 141
6 82
6 339
6 215
6 411
6 540
6 285
6 288
6 354
6 35
6 40
6 169
6 236
6 239
6 433
6 19
6 374
6 247
6 151
6 445
6 319
7 80
7 368
7 179
7 336
7 8
8 130
8 329
8 330
8 461
8 78
8 143
8 80
8 151
8 153
8 219
8 93
8 478
8 545
8 546
8 227
8 420
8 232
8 426
8 509
8 265
8 125
9 193
9 131
9 200
9 73
9 171
9 79
9 16
9 123
9 150
9 346
9 283
9 414
9 159
10 320
10 194
10 195
10 327
10 200
10 265
10 247
10 77
10 78
10 207
10 208
10 145
10 403
10 404
10 121
10 90
10 91
10 156
10 30
10 227
10 421
10 231
10 296
10 490
10 199
10 257
10 173
10 239
10 269
10 414
10 119
10 57
10 314
10 234
11 65
11 386
11 325
11 203
11 460
11 450
11 269
11 144
11 146
11 84
11 341
11 470
11 87
11 164
11 28
11 421
11 420
11 70
11 156
11 517
11 175
11 240
11 433
11 179
11 446
11 314
11 509
11 318
11 511
12 224
12 225
12 486
12 447
12 268
12 80
12 371
12 117
12 502
12 503
12 59
12 220
12 414
12 533
13 51
13 196
13 454
13 97
13 503
13 76
13 205
13 526
13 207
13 272
13 17
13 483
13 535
13 408
13 156
13 414
13 415
13 353
13 418
13 227
13 102
13 295
13 135
13 493
13 240
13 370
13 499
13 119
13 273
13 126
14 321
14 264
14 266
14 269
14 206
14 145
14 29
14 341
14 86
14 477
14 478
14 159
14 97
14 98
14 315
14 102
14 167
14 40
14 433
14 430
14 431
14 305
14 498
14 180
14 376
14 379
15 257
15 227
15 164
15 421
15 326
15 423
15 329
15 490
15 203
15 46
15 209
15 147
15 87
15 228
15 90
15 218
15 446
16 385
16 260
16 502
16 326
16 71
16 200
16 330
16 79
16 146
16 275
16 84
16 85
16 471
16 24
16 153
16 218
16 527
16 284
16 122
16 414
16 159
16 263
16 353
16 37
16 103
16 519
16 361
16 193
16 225
16 257
16 530
16 46
16 285
16 180
16 310
16 244
16 442
16 202
16 510
17 353
17 326
17 321
17 343
17 209
17 51
17 214
17 535
17 440
17 537
17 90
17 30
17 415
18 224
18 227
18 485
18 329
18 172
18 530
18 269
18 368
18 201
18 434
18 259
18 300
18 314
18 508
18 349
18 414
19 326
19 519
19 522
19 209
19 339
19 84
19 150
19 535
19 90
19 477
19 479
19 98
19 228
19 233
19 173
19 285
19 496
19 177
19 501
19 374
19 376
19 317
20 257
20 322
20 227
20 37
20 200
20 426
20 236
20 78
20 239
20 155
20 273
20 125
20 83
20 170
20 247
20 218
20 283
20 156
20 541
20 254
20 319
21 80
21 225
21 517
21 528
21 490
21 491
21 172
22 257
22 322
22 84
22 57
22 415
22 45
22 526
22 493
23 455
24 327
24 397
24 519
25 528
25 434
25 387
25 178
25 440
25 491
25 45
25 110
26 512
26 449
26 305
26 130
26 394
26 522
26 533
26 77
26 397
26 141
26 81
26 210
26 212
26 341
26 57
26 527
26 28
26 479
26 144
26 227
26 294
26 103
26 80
26 106
26 274
26 366
26 432
26 49
26 370
26 118
26 119
26 440
26 441
26 232
26 125
26 254
26 149
27 48
27 369
27 434
27 227
27 500
27 414
27 295
27 490
27 76
27 334
28 32
28 66
28 261
28 70
28 135
28 200
28 386
28 208
28 209
28 214
28 537
28 287
28 288
28 482
28 227
28 228
28 421
28 519
28 303
28 497
28 370
28 180
28 251
28 504
28 372
28 442
28 509
28 444
28 445
28 126
28 511
29 321
29 98
29 163
29 196
29 103
29 200
29 298
29 349
29 177
29 209
29 180
29 149
29 214
29 477
29 126
30 160
30 386
30 67
30 326
30 535
30 203
30 204
30 269
30 209
30 404
30 214
30 343
30 280
30 90
30 303
30 477
30 415
30 96
30 119
30 297
30 231
30 430
30 239
30 319
30 370
30 285
30 502
30 105
30 505
30 314
30 443
30 125
30 511
31 129
31 133
31 70
31 391
31 204
31 205
31 208
31 209
31 82
31 405
31 303
31 407
31 152
31 90
31 475
31 280
31 415
31 214
31 240
31 408
31 102
31 230
31 168
31 425
31 426
31 428
31 111
31 496
31 433
31 50
31 372
31 244
31 315
32 288
32 225
32 231
32 314
32 105
32 209
32 497
32 545
32 405
32 279
32 280
32 186
32 351
32 445
32 410
32 511
33 33
34 227
35 209
35 49
35 539
35 87
35 376
35 474
35 55
35 204
35 141
35 280
36 450
36 283
36 206
36 70
36 232
36 490
36 123
36 82
36 158
36 159
37 417
37 164
37 310
37 257
37 40
37 300
37 397
37 46
37 337
37 227
37 502
37 87
37 283
37 120
37 474
37 347
37 348
37 446
38 144
38 227
39 80
39 497
39 146
39 259
39 325
39 103
40 83
40 195
40 227
40 200
40 427
40 461
40 414
40 51
40 180
40 341
40 214
40 314
40 411
40 156
40 510
40 159
41 224
41 165
41 259
41 357
41 168
41 84
41 414
41 215
41 218
41 287
41 381
41 410
41 229
42 96
42 545
42 130
42 326
42 105
42 203
42 430
42 368
42 147
42 246
42 375
42 90
42 443
42 511
43 272
43 343
43 149
43 182
43 471
43 395
43 108
43 237
43 527
44 128
44 352
44 195
44 388
44 325
44 70
44 519
44 200
44 330
44 247
44 205
44 334
44 337
44 482
44 179
44 239
44 412
44 159
44 288
44 304
44 162
44 293
44 358
44 359
44 362
44 197
44 236
44 302
44 111
44 48
44 307
44 244
44 503
44 440
44 187
44 445
44 446
45 51
45 372
45 454
45 200
45 244
45 187
45 346
45 110
45 390
46 257
46 130
46 68
46 470
46 111
46 451
46 214
46 87
46 196
46 474
46 347
46 125
46 158
46 164
46 492
46 238
46 445
46 496
46 305
46 314
46 61
47 256
47 68
47 327
47 87
47 332
47 461
47 80
47 471
47 282
47 414
47 351
47 224
47 144
47 227
47 167
47 488
47 489
47 234
47 305
47 178
47 51
47 372
47 248
47 442
47 509
48 163
48 164
48 230
48 295
48 139
48 108
48 207
48 303
48 209
48 180
48 214
48 329
48 408
48 340
48 475
49 129
49 131
49 522
49 139
49 527
49 529
49 274
49 149
49 150
49 279
49 280
49 156
49 496
49 418
49 299
49 433
49 437
49 55
49 186
49 187
49 317
49 66
49 395
49 202
49 204
49 206
49 207
49 209
49 83
49 470
49 87
49 474
49 475
49 479
49 97
49 355
49 101
49 530
49 367
49 240
49 498
49 115
49 405
50 214
50 326
50 200
50 90
50 511
51 488
51 454
51 392
51 492
51 516
51 397
51 463
51 259
51 468
51 405
51 150
51 473
51 218
51 143
51 413
51 222
51 231
51 160
51 304
51 484
51 357
51 209
51 363
51 428
51 532
51 112
51 264
51 371
51 180
51 183
51 120
51 500
51 122
51 149
52 112
52 411
52 342
52 262
52 230
52 530
52 208
52 397
52 78
52 496
52 82
52 244
52 502
52 151
52 120
52 159
52 509
52 383
53 80
53 228
53 326
53 343
54 394
54 179
55 129
55 519
55 395
55 141
55 274
55 276
55 533
55 150
55 407
55 280
55 539
55 412
55 415
55 240
55 292
55 421
55 425
55 171
55 173
55 430
55 303
55 432
55 178
55 440
55 57
55 87
55 444
55 321
55 203
55 204
55 78
55 209
55 156
55 339
55 343
55 474
55 475
55 314
55 540
55 479
55 227
55 234
55 496
55 369
55 119
55 504
55 449
55 510
56 272
56 258
56 149
56 87
56 119
56 394
56 231
56 204
56 482
57 130
57 131
57 342
57 265
57 139
57 397
57 143
57 529
57 530
57 147
57 281
57 412
57 543
57 470
57 156
57 300
57 442
57 61
57 66
57 196
57 78
57 209
57 514
57 84
57 86
57 87
57 472
57 474
57 482
57 227
57 228
57 273
57 488
57 363
57 236
57 497
57 244
57 117
57 377
57 250
57 381
57 382
58 271
59 338
59 84
59 105
59 441
59 428
59 381
60 289
60 163
60 68
60 229
60 486
60 156
60 394
60 332
60 174
60 371
60 196
60 442
60 476
61 272
61 257
61 290
61 323
61 420
61 233
61 106
61 319
62 288
62 227
62 294
62 330
62 203
62 314
62 446
63 63
64 66
64 369
64 264
64 105
64 119
64 300
64 430
64 303
64 209
64 375
64 376
64 314
64 156
64 378
64 329
65 288
65 160
65 195
65 446
65 486
65 379
65 314
65 102
65 334
66 225
66 112
66 325
66 209
66 72
66 156
66 522
66 103
66 240
66 334
66 463
66 496
66 78
66 150
66 264
66 446
66 159
67 209
67 278
67 326
67 345
67 90
67 445
67 303
68 126
68 427
68 545
68 329
68 331
68 482
68 78
68 272
68 148
68 86
68 228
68 444
68 156
68 477
68 478
68 225
68 418
68 164
68 358
68 369
68 489
68 363
68 370
68 433
68 306
68 181
68 119
68 445
68 382
68 511
69 163
69 421
69 326
69 343
69 200
69 90
69 267
69 203
70 258
70 326
70 391
70 130
70 78
70 80
70 274
70 147
70 203
70 90
70 477
70 144
70 485
70 540
70 235
70 239
70 375
70 119
70 445
71 115
71 159
72 112
72 505
72 486
72 87
72 280
72 153
72 490
72 530
73 163
73 423
73 519
73 187
73 231
73 460
73 398
73 255
73 368
73 431
73 214
73 313
73 282
73 363
73 412
73 254
73 95
74 464
74 233
74 484
74 255
75 224
75 438
75 247
75 168
75 268
75 218
75 239
75 76
75 490
75 94
75 237
76 353
76 418
76 260
76 268
76 105
76 493
76 239
76 433
76 370
76 269
76 374
76 329
76 413
76 345
76 200
76 509
77 320
77 227
77 296
77 314
77 490
77 143
77 175
77 399
77 456
77 83
77 510
77 542
77 169
77 216
77 283
77 539
77 446
78 512
78 130
78 322
78 141
78 529
78 530
78 546
78 278
78 152
78 324
78 542
78 159
78 418
78 167
78 299
78 430
78 177
78 178
78 179
78 443
78 446
78 193
78 200
78 201
78 290
78 463
78 85
78 343
78 218
78 222
78 351
78 353
78 227
78 102
78 103
78 488
78 239
78 240
78 497
79 288
79 112
79 258
79 227
79 474
79 519
79 125
79 369
79 83
79 150
79 201
79 283
79 218
79 191
79 314
79 351
80 128
80 129
80 299
80 262
80 267
80 269
80 143
80 145
80 151
80 153
80 412
80 157
80 410
80 409
80 288
80 432
80 165
80 220
80 170
80 263
80 429
80 176
80 456
80 178
80 329
80 355
80 187
80 316
80 451
80 545
80 200
80 140
80 461
80 462
80 82
80 83
80 468
80 342
80 216
80 527
80 92
80 221
80 222
80 344
80 227
80 228
80 485
80 102
80 529
80 519
80 234
80 107
80 112
80 391
80 246
80 120
80 505
80 509
80 511
81 343
81 199
81 200
81 395
81 204
81 206
81 146
81 211
81 87
81 156
81 442
81 496
81 354
81 236
81 430
81 285
81 240
81 436
81 314
81 508
82 455
82 200
82 334
82 143
82 145
82 83
82 406
82 343
82 408
82 292
82 90
82 91
82 538
82 480
82 97
82 163
82 390
82 227
82 233
82 426
82 135
82 112
82 264
82 123
82 374
82 297
82 506
82 507
82 444
82 511
83 386
83 518
83 263
83 137
83 138
83 471
83 258
83 274
83 150
83 540
83 329
83 159
83 167
83 175
83 432
83 180
83 310
83 201
83 193
83 453
83 326
83 200
83 457
83 330
83 460
83 465
83 215
83 218
83 91
83 348
83 349
83 97
83 227
83 269
83 486
83 105
83 234
83 236
83 109
83 243
83 372
83 361
83 376
83 505
83 122
84 134
84 519
84 270
84 204
84 526
84 274
84 339
84 148
84 85
84 408
84 345
84 154
84 419
84 421
84 488
84 234
84 135
84 492
84 140
84 99
84 433
84 242
84 233
84 248
84 314
85 227
85 102
85 263
85 361
85 492
85 180
85 146
85 310
85 329
85 153
85 218
85 220
85 122
85 446
85 159
86 192
86 386
86 451
86 200
86 329
86 461
86 205
86 456
86 269
86 149
86 278
86 228
86 92
86 285
86 288
86 353
86 379
86 420
86 486
86 166
86 433
86 490
86 231
86 239
86 368
86 497
86 126
86 246
86 251
86 526
86 187
86 234
86 254
86 383
87 130
87 259
87 257
87 520
87 393
87 522
87 269
87 144
87 529
87 530
87 275
87 475
87 405
87 156
87 285
87 159
87 496
87 546
87 164
87 423
87 385
87 314
87 479
87 444
87 330
87 446
87 319
87 196
87 329
87 202
87 203
87 204
87 354
87 206
87 397
87 211
87 340
87 487
87 343
87 474
87 143
87 421
87 272
87 98
87 103
87 363
87 236
87 317
87 112
87 369
87 248
87 125
87 383
88 227
89 288
89 452
89 197
89 359
89 170
89 119
89 236
89 313
89 189
90 386
90 132
90 391
90 523
90 269
90 528
90 156
90 208
90 415
90 266
90 164
90 421
90 423
90 168
90 297
90 299
90 428
90 301
90 432
90 158
90 244
90 186
90 444
90 317
90 522
90 200
90 395
90 505
90 209
90 214
90 343
90 474
90 527
90 92
90 442
90 479
90 97
90 98
90 187
90 228
90 246
90 235
90 236
90 237
90 111
90 496
90 372
90 374
90 376
90 377
90 383
90 170
90 254
90 511
91 448
91 96
91 132
91 389
91 134
91 125
91 397
91 239
91 532
91 461
91 362
92 96
92 258
92 227
92 278
92 326
92 343
92 460
92 209
92 535
92 347
92 285
92 254
93 433
93 530
93 227
93 244
93 195
93 206
94 201
94 522
94 541
95 282
95 172
95 357
95 414
96 386
96 151
96 397
96 269
96 105
96 159
96 482
96 420
96 167
96 168
96 233
96 108
96 432
96 497
96 414
96 439
96 490
96 511
97 539
97 257
97 195
97 196
97 214
97 327
97 200
97 265
97 311
97 239
97 141
97 144
97 504
97 340
97 227
97 470
97 207
97 285
97 159
97 353
97 419
97 420
97 357
97 102
97 177
97 105
97 487
97 483
97 513
97 374
97 119
97 376
97 526
97 126
98 197
98 326
98 321
98 329
98 203
98 208
98 257
98 214
98 228
98 415
98 420
98 103
98 236
98 301
98 430
98 372
98 247
98 244
98 314
99 209
99 323
99 388
99 233
99 330
99 103
99 316
99 221
99 477
100 496
100 434
100 244
100 262
100 105
100 139
100 301
101 178
101 180
101 433
101 440
101 537
101 442
101 285
102 126
102 451
102 196
102 200
102 203
102 332
102 205
102 530
102 259
102 340
102 343
102 410
102 207
102 231
102 506
102 483
102 421
102 165
102 167
102 519
102 234
102 427
102 428
102 430
102 353
102 244
102 180
102 446
102 119
102 135
102 313
102 314
102 315
102 319
103 135
103 264
103 236
103 526
103 401
103 274
103 275
103 148
103 410
103 537
103 283
103 156
103 158
103 288
103 299
103 302
103 413
103 432
103 177
103 530
103 180
103 311
103 186
103 443
103 444
103 446
103 195
103 324
103 325
103 456
103 329
103 203
103 354
103 442
103 478
103 479
103 224
103 272
103 355
103 357
103 145
103 232
103 105
103 362
103 364
103 493
103 369
103 501
103 247
103 120
103 378
103 125
104 448
105 259
105 196
105 325
105 391
105 264
105 545
105 126
105 208
105 466
105 238
105 216
105 218
105 517
105 182
105 418
105 497
105 232
105 502
105 327
105 492
105 430
105 200
105 306
105 307
105 181
105 438
105 393
105 442
105 253
105 446
105 383
106 386
106 262
106 385
106 330
106 139
106 144
106 472
106 218
106 477
106 159
106 224
106 418
106 227
106 421
106 433
106 168
106 490
106 430
106 381
106 497
106 120
107 445
108 321
108 325
108 363
108 332
108 366
108 303
108 209
108 427
108 442
108 381
109 144
109 290
109 244
109 150
109 327
109 535
109 260
109 122
109 119
109 285
110 313
110 217
110 413
110 410
110 239
111 226
111 227
111 420
111 326
111 203
111 319
111 505
111 363
111 156
111 427
111 350
112 320
112 327
112 457
112 217
112 218
112 224
112 432
112 482
112 358
112 237
112 430
112 176
112 371
112 503
112 383
112 319
113 144
113 130
113 331
113 196
113 421
113 158
113 507
113 126
113 526
114 329
114 410
114 231
114 177
114 191
115 535
115 393
115 394
115 203
115 209
115 278
115 343
115 442
115 507
115 200
116 272
116 227
116 151
116 218
116 187
116 378
117 288
117 225
117 450
117 227
117 421
117 359
117 203
117 428
117 304
117 497
117 323
117 313
117 218
117 460
118 238
119 197
119 393
119 273
119 173
119 272
119 209
119 529
119 149
119 214
119 471
119 347
119 314
119 482
119 269
119 165
119 423
119 490
119 141
119 285
119 496
119 433
119 242
119 244
119 313
119 186
119 254
119 277
120 288
120 432
120 290
120 227
120 196
120 200
120 427
120 257
121 313
121 259
121 348
121 397
122 163
122 227
122 490
122 135
122 332
122 530
122 244
122 310
122 536
122 218
122 283
122 540
122 167
122 351
123 325
123 460
123 510
124 361
124 203
124 173
124 433
125 521
125 394
125 215
125 269
125 526
125 402
125 147
125 280
125 539
125 159
125 417
125 418
125 421
125 423
125 427
125 178
125 187
125 200
125 203
125 205
125 208
125 337
125 223
125 353
125 227
125 165
125 233
125 234
125 239
125 126
125 502
125 383
125 381
125 510
125 511
126 257
126 200
126 526
126 463
126 208
126 146
126 497
126 470
126 343
126 196
126 474
126 539
126 160
126 227
126 420
126 167
126 234
126 492
126 353
126 240
126 177
126 434
126 244
126 381
126 153
126 511
127 258
127 155
127 167
127 440
127 351
127 530
127 479
128 224
128 372
128 236
128 412
128 187
128 159
129 321
129 258
129 202
129 203
129 173
129 303
129 150
129 474
129 475
129 156
130 196
130 458
130 331
130 524
130 442
130 143
130 272
130 466
130 147
130 269
130 334
130 470
130 346
130 207
130 156
130 542
130 351
130 418
130 164
130 372
130 427
130 428
130 175
130 432
130 186
130 245
130 438
130 439
130 314
130 380
130 381
130 383
131 227
131 325
131 358
131 427
131 156
131 445
131 430
132 368
132 418
132 430
133 433
133 407
133 236
133 227
134 368
134 178
134 440
134 386
134 159
135 448
135 361
135 310
135 327
135 258
135 386
135 143
135 272
135 227
135 398
135 150
135 215
135 536
135 153
135 205
135 314
135 222
135 159
135 163
135 519
135 297
135 490
135 235
135 176
135 370
135 182
135 311
135 377
135 411
136 430
137 164
137 484
137 195
137 227
137 313
137 298
137 492
137 141
137 414
138 488
138 285
138 227
139 353
139 227
139 241
139 264
139 299
139 208
139 430
139 463
139 146
139 451
139 372
139 159
140 400
140 419
140 227
140 199
140 361
140 394
140 172
140 334
140 547
140 497
140 178
140 209
140 213
140 246
140 440
141 448
141 203
141 326
141 321
141 202
141 269
141 375
141 209
141 146
141 163
141 539
141 218
141 159
141 523
141 418
141 234
141 455
141 428
141 239
141 449
141 147
141 372
141 349
141 376
141 383
141 446
141 511
142 346
142 542
143 330
143 331
143 397
143 264
143 348
143 250
143 159
143 224
143 546
143 227
143 292
143 167
143 233
143 239
143 369
143 243
143 247
143 186
143 541
143 382
144 195
144 196
144 197
144 545
144 329
144 526
144 335
144 209
144 210
144 403
144 529
144 533
144 173
144 343
144 471
144 285
144 414
144 159
144 224
144 507
144 454
144 432
144 433
144 247
144 241
144 511
144 447
145 272
145 264
145 203
145 431
145 232
145 371
145 341
145 463
145 446
146 256
146 264
146 521
146 330
146 397
146 337
146 530
146 401
146 217
146 347
146 222
146 539
146 230
146 427
146 492
146 240
146 177
146 314
146 381
146 446
147 448
147 260
147 396
147 330
147 204
147 376
147 274
147 269
147 463
147 284
147 479
147 353
147 227
147 228
147 360
147 496
147 232
147 244
147 374
147 440
147 442
147 426
147 524
147 319
148 288
148 224
148 391
148 200
148 193
148 460
148 430
148 178
148 214
148 313
148 539
148 231
149 386
149 262
149 519
149 394
149 471
149 272
149 273
149 403
149 150
149 535
149 539
149 156
149 414
149 159
149 290
149 411
149 165
149 294
149 296
149 170
149 173
149 430
149 314
149 448
149 201
149 215
149 370
149 482
149 358
149 231
149 361
149 237
149 496
149 242
149 504
149 511
150 258
150 299
150 394
150 398
150 272
150 530
150 283
150 540
150 414
150 163
150 167
150 519
150 428
150 178
150 313
150 186
150 444
150 522
150 446
150 191
150 200
150 329
150 330
150 208
150 214
150 185
150 442
150 222
150 351
150 227
150 485
150 231
150 361
150 491
150 237
150 244
150 511
150 254
150 383
151 197
151 398
151 530
151 403
151 468
151 238
151 388
151 218
151 540
151 222
151 543
151 545
151 227
151 230
151 167
151 424
151 277
151 430
151 303
151 168
151 435
151 502
151 503
151 440
151 159
151 533
152 193
152 358
152 231
152 329
152 203
152 365
152 271
152 434
152 404
152 501
152 470
152 215
152 441
152 314
153 163
153 519
153 490
153 167
153 530
153 278
153 329
153 313
153 168
153 222
153 351
154 227
154 325
155 307
155 294
155 278
155 234
156 401
156 259
156 405
156 367
156 474
156 240
156 421
156 299
156 431
156 433
156 209
156 317
156 446
156 319
156 325
156 522
156 204
156 483
156 475
156 479
156 353
156 355
156 357
156 363
156 236
156 496
156 515
156 376
156 532
156 379
156 382
157 224
157 452
157 273
157 436
157 160
157 268
157 527
158 326
158 535
158 297
158 362
158 203
158 302
158 209
158 374
158 247
158 441
158 383
158 444
158 474
158 329
158 511
159 384
159 442
159 259
159 260
159 389
159 401
159 530
159 397
159 283
159 414
159 341
159 418
159 165
159 167
159 270
159 477
159 176
159 313
159 180
159 162
159 385
159 510
159 314
159 443
159 317
159 215
159 191
159 193
159 323
159 328
159 202
159 331
159 205
159 369
159 337
159 470
159 216
159 420
159 218
159 347
159 395
159 353
159 459
159 351
159 231
159 232
159 235
159 203
159 368
159 296
159 501
159 377
159 506
159 379
159 254
159 277
160 456
160 269
160 207
160 209
160 214
160 412
160 228
160 421
160 273
160 490
160 432
160 200
160 434
160 436
160 414
160 310
160 442
160 383
161 407
162 231
162 487
162 461
162 207
162 496
162 351
162 500
162 501
162 214
162 319
163 370
163 227
163 205
163 490
163 429
163 381
163 319
163 410
163 351
164 326
164 199
164 264
164 396
164 195
164 535
164 347
164 354
164 305
164 300
164 497
164 437
164 319
165 450
165 195
165 200
165 457
165 212
165 215
165 410
165 477
165 414
165 229
165 289
165 357
165 168
165 172
165 365
165 431
165 177
165 376
166 488
166 227
167 258
167 519
167 392
167 522
167 272
167 530
167 496
167 296
167 263
167 433
167 469
167 180
167 310
167 441
167 351
167 193
167 453
167 330
167 205
167 209
167 341
167 218
167 477
167 479
167 224
167 227
167 231
167 361
167 490
167 240
167 371
167 251
167 234
168 256
168 224
168 259
168 503
168 202
168 463
168 338
168 469
168 215
168 410
168 361
168 290
168 427
168 173
168 385
168 369
168 501
168 489
168 440
168 446
168 191
169 296
169 227
170 538
170 490
170 271
170 307
170 503
170 440
170 187
170 442
170 426
171 416
171 224
171 227
171 276
171 323
171 234
171 471
171 209
171 527
172 419
172 229
172 518
172 530
172 340
172 178
172 547
172 500
172 313
172 442
172 410
173 448
173 515
173 273
173 386
173 280
173 274
173 276
173 536
173 410
173 285
173 414
173 272
173 358
173 231
173 361
173 239
173 496
173 497
173 370
173 436
173 404
173 251
173 247
175 197
175 227
175 371
175 431
175 182
175 186
175 412
175 445
175 447
176 320
176 482
176 227
176 263
176 224
176 515
176 195
176 310
176 217
177 353
177 329
177 214
177 410
177 539
177 314
177 414
177 283
177 236
177 430
177 306
177 442
177 380
177 253
177 446
177 191
178 269
178 401
178 533
178 388
178 542
178 508
178 414
178 290
178 432
178 307
178 309
178 310
178 313
178 444
178 502
178 204
178 330
178 459
178 332
178 480
178 482
178 483
178 488
178 233
178 490
178 494
178 383
178 244
178 374
178 504
178 251
178 507
178 511
179 320
179 323
179 325
179 522
179 394
179 472
179 537
179 477
179 288
179 304
179 227
179 293
179 236
179 237
179 445
179 496
179 247
179 376
179 330
179 446
180 451
180 487
180 389
180 454
180 264
180 259
180 231
180 369
180 531
180 530
180 215
180 218
180 410
180 283
180 357
180 272
180 546
180 443
180 490
180 492
180 365
180 431
180 456
180 329
180 440
180 351
180 380
180 232
181 530
181 259
181 420
181 292
181 439
182 288
182 505
182 518
182 239
182 493
183 345
183 493
183 203
184 313
184 540
185 449
185 323
185 294
186 233
186 330
186 395
186 430
186 209
186 409
186 508
186 314
187 320
187 311
187 199
187 457
187 203
187 460
187 209
187 275
187 280
187 482
187 357
187 294
187 529
187 232
187 363
187 329
187 500
187 378
187 510
188 433
189 224
189 433
189 362
189 509
189 445
190 200
190 267
191 288
191 262
191 503
191 218
191 283
191 410
192 259
192 340
192 214
192 534
192 430
193 283
193 329
193 463
193 530
193 297
193 218
193 542
193 351
194 227
195 388
195 264
195 215
195 347
195 288
195 290
195 362
195 302
195 239
195 433
195 499
195 236
195 247
195 440
195 379
195 330
195 446
196 353
196 456
196 330
196 526
196 463
196 497
196 219
196 227
196 420
196 433
196 374
196 297
196 443
196 510
196 511
197 323
197 201
197 426
197 397
197 497
197 514
197 474
197 477
197 478
198 198
199 496
199 456
199 376
199 234
199 325
200 257
200 514
200 259
200 516
200 519
200 392
200 269
200 337
200 530
200 546
200 280
200 495
200 496
200 290
200 420
200 540
200 355
200 285
200 520
200 442
200 445
200 288
200 353
200 329
200 418
200 511
200 510
200 478
200 421
200 227
200 228
200 357
200 231
200 449
200 362
200 208
200 239
200 240
200 369
200 372
200 318
200 247
200 379
200 383
201 202
201 530
201 216
201 218
201 540
201 351
201 224
201 227
201 231
201 490
201 430
201 414
201 440
201 313
202 224
202 433
202 231
202 218
202 283
202 381
203 512
203 386
203 391
203 401
203 259
203 215
203 544
203 421
203 325
203 299
203 428
203 301
203 304
203 440
203 314
203 318
203 459
203 205
203 525
203 208
203 466
203 218
203 349
203 353
203 443
203 381
203 362
203 363
203 496
203 376
203 510
203 511
204 321
204 324
204 209
204 208
204 401
204 474
204 496
204 482
204 381
204 465
204 240
204 303
204 304
204 317
204 383
205 227
205 207
205 273
205 530
205 340
205 341
205 214
205 540
205 222
205 483
205 228
205 412
205 235
205 432
205 433
205 313
205 378
206 374
206 297
206 209
206 535
206 221
206 317
206 470
206 452
206 474
206 444
206 329
206 511
207 483
207 278
207 232
207 363
207 499
207 340
207 214
207 314
207 303
207 285
208 386
208 326
208 519
208 525
208 274
208 343
208 296
208 363
208 430
208 303
208 496
208 243
208 374
208 376
208 372
208 383
208 511
209 386
209 391
209 395
209 274
209 276
209 405
209 407
209 408
209 280
209 474
209 299
209 240
209 430
209 303
209 449
209 540
209 479
209 314
209 446
209 321
209 339
209 214
209 343
209 345
209 233
209 222
209 351
209 263
209 230
209 231
209 361
209 234
209 363
209 496
209 221
209 545
209 376
209 477
209 383
210 539
210 442
211 512
211 384
211 227
211 398
211 248
211 323
211 397
211 494
211 533
212 394
213 240
213 395
213 285
213 262
213 543
213 429
213 271
214 448
214 258
214 235
214 397
214 546
214 406
214 537
214 419
214 421
214 294
214 303
214 329
214 314
214 317
214 319
214 525
214 324
214 326
214 461
214 463
214 473
214 348
214 477
214 363
214 499
214 501
214 375
215 389
215 394
215 527
215 345
215 410
215 367
215 414
215 290
215 229
215 484
215 357
215 493
215 430
215 431
215 502
215 381
215 376
215 510
216 256
216 231
216 490
216 465
216 470
216 376
216 443
217 320
217 482
217 419
217 457
217 274
217 224
217 317
217 371
217 501
217 474
217 445
217 414
218 386
218 259
218 519
218 396
218 398
218 530
218 537
218 283
218 540
218 285
218 368
218 420
218 426
218 303
218 310
218 329
218 244
218 330
218 322
218 452
218 326
218 524
218 284
218 349
218 222
218 351
218 486
218 487
218 361
218 241
218 370
218 377
218 380
218 510
218 383
219 240
219 440
219 408
219 403
219 278
219 475
219 285
220 225
220 457
220 227
220 433
220 377
220 410
220 460
220 533
221 374
221 297
221 316
222 384
222 325
222 330
222 396
222 341
222 227
222 234
222 519
222 369
222 251
222 443
222 381
223 417
223 510
224 320
224 439
224 263
224 256
224 277
224 471
224 327
224 231
224 351
224 482
224 227
224 370
224 366
224 369
224 501
224 502
224 329
224 440
224 404
224 509
224 255
225 448
225 517
225 261
225 459
225 236
225 265
225 434
225 457
225 383
226 528
226 227
226 373
226 534
226 360
226 379
226 494
227 258
227 299
227 516
227 341
227 263
227 524
227 270
227 272
227 531
227 533
227 534
227 279
227 536
227 541
227 542
227 432
227 290
227 291
227 292
227 295
227 348
227 519
227 300
227 305
227 528
227 308
227 310
227 283
227 315
227 411
227 266
227 322
227 323
227 325
227 353
227 329
227 331
227 332
227 312
227 340
227 342
227 346
227 527
227 540
227 356
227 394
227 360
227 530
227 368
227 370
227 371
227 379
227 384
227 386
227 397
227 398
227 461
227 494
227 514
227 412
227 414
227 430
227 433
227 457
227 296
227 373
227 545
227 503
227 334
227 473
227 336
227 488
227 508
227 423
227 403
227 241
227 510
227 349
227 425
227 504
227 505
227 250
227 507
227 252
227 254
227 255
228 326
228 391
228 330
228 397
228 477
228 479
228 355
228 285
228 244
228 375
228 314
228 443
228 522
228 511
229 436
229 376
229 410
229 446
230 321
230 375
230 407
230 326
230 363
230 461
230 430
230 239
230 244
230 303
231 448
231 277
231 262
231 247
231 403
231 329
231 543
231 439
231 410
231 488
231 441
231 251
231 255
232 259
232 490
232 236
232 271
232 329
232 473
232 252
232 413
233 258
233 259
233 269
233 314
233 351
233 485
233 423
233 362
233 299
233 496
233 497
233 377
233 446
233 511
234 388
234 518
234 519
234 522
234 396
234 530
234 537
234 540
234 414
234 415
234 424
234 300
234 302
234 303
234 305
234 524
234 458
234 333
234 341
234 470
234 472
234 357
234 236
234 237
234 239
234 248
234 251
235 353
235 482
235 278
235 359
235 526
236 256
236 394
236 523
236 272
236 275
236 302
236 279
236 537
236 288
236 266
236 420
236 293
236 412
236 301
236 430
236 284
236 314
236 443
236 445
236 446
236 449
236 325
236 327
236 456
236 330
236 467
236 470
236 344
236 477
236 478
236 490
236 239
236 497
236 362
236 244
236 245
236 247
236 378
237 329
237 494
237 527
237 515
237 343
238 433
238 461
238 430
238 285
239 513
239 514
239 516
239 389
239 364
239 268
239 528
239 463
239 323
239 430
239 535
239 260
239 539
239 413
239 288
239 293
239 294
239 272
239 509
239 297
239 302
239 541
239 432
239 433
239 243
239 440
239 442
239 315
239 445
239 318
239 449
239 397
239 331
239 485
239 363
239 371
239 247
239 378
239 362
240 539
240 321
240 363
240 386
240 460
240 527
240 534
240 343
240 408
240 540
240 353
240 354
240 411
240 295
240 535
240 530
240 430
240 303
240 496
240 351
240 254
240 332
240 526
240 479
240 511
241 477
241 294
241 345
241 313
241 506
241 414
241 303
242 433
243 450
243 260
243 295
243 364
243 493
243 530
243 247
243 413
243 541
243 543
244 285
244 326
244 519
244 456
244 522
244 517
244 368
244 477
244 424
244 436
244 304
244 371
244 254
244 374
244 317
245 346
245 542
245 255
246 326
246 518
246 314
246 306
246 394
246 443
246 540
246 317
246 446
247 490
247 492
247 523
247 397
247 273
247 302
247 537
247 539
247 412
247 413
247 288
247 545
247 421
247 295
247 430
247 285
247 414
247 313
247 314
247 445
247 446
247 330
247 335
247 352
247 358
247 362
247 494
247 378
247 381
248 539
248 427
248 280
248 519
248 410
248 414
249 456
250 445
250 319
251 352
251 289
251 331
251 300
251 434
251 368
251 440
251 441
252 336
252 356
252 473
252 300
253 496
253 301
253 337
254 326
254 391
254 522
254 527
254 405
254 472
254 329
254 485
254 300
254 285
254 371
254 511
255 323
255 294
255 491
255 398
255 377
255 410
256 329
256 430
256 302
256 314
256 538
256 414
256 319
257 512
257 386
257 274
257 430
257 474
257 347
257 442
257 293
257 456
257 314
257 379
258 386
258 332
258 530
258 536
258 351
258 278
258 449
258 441
258 446
259 386
259 503
259 329
259 395
259 401
259 433
259 264
259 474
259 421
259 364
259 530
259 477
259 382
260 299
260 364
260 301
260 541
260 413
261 421
261 360
261 394
261 397
261 431
262 496
262 276
262 489
262 343
262 484
262 385
262 351
262 473
262 532
262 446
263 325
263 296
263 329
263 430
263 448
263 503
263 441
263 410
263 283
263 501
264 327
264 408
264 475
264 427
264 299
264 369
264 439
264 381
264 446
265 325
265 519
266 433
266 539
267 289
267 542
267 343
267 332
267 346
267 368
268 290
268 493
269 391
269 412
269 285
269 304
269 519
269 303
269 432
269 442
269 443
269 444
269 317
269 319
269 343
269 326
269 329
269 333
269 397
269 479
269 360
269 274
269 496
269 372
269 374
269 383
270 359
270 414
271 360
271 397
272 325
272 471
272 273
272 397
272 333
272 436
272 426
272 433
272 370
272 277
273 450
273 299
273 404
273 536
273 370
273 419
273 502
273 436
273 493
274 386
274 325
274 539
274 421
274 430
274 434
274 436
274 372
274 383
274 316
274 511
276 391
276 454
276 540
276 471
277 360
277 313
277 330
277 414
278 288
278 330
278 386
278 343
278 477
278 352
278 355
278 295
278 285
278 369
278 501
278 438
278 372
278 314
279 314
280 455
280 394
280 405
280 537
280 477
280 421
280 363
280 314
280 317
281 470
281 313
281 539
281 381
281 414
282 519
282 440
282 490
282 410
282 329
283 450
283 491
283 487
283 453
283 518
283 522
283 334
283 419
283 463
283 412
283 285
283 284
283 519
283 368
283 502
283 375
283 330
283 446
284 497
284 470
284 460
284 427
285 386
285 391
285 471
285 530
285 290
285 539
285 296
285 299
285 428
285 433
285 309
285 311
285 442
285 443
285 326
285 455
285 473
285 314
285 478
285 363
285 368
285 369
285 370
285 371
285 501
285 511
285 341
286 286
287 484
287 487
287 338
287 540
287 509
288 512
288 391
288 521
288 526
288 531
288 537
288 541
288 290
288 293
288 412
288 302
288 431
288 456
288 313
288 314
288 445
288 446
288 325
288 330
288 477
288 352
288 362
288 376
289 419
289 428
290 328
290 517
290 536
290 433
290 496
290 379
290 357
291 528
291 371
291 373
291 488
291 445
292 386
292 484
292 488
292 457
292 460
292 338
292 392
292 477
292 443
292 445
292 318
292 511
293 302
293 352
293 374
293 471
293 537
293 412
293 446
294 516
294 488
294 433
294 328
294 393
294 490
294 530
294 431
294 338
294 483
294 349
295 490
295 334
295 310
295 414
296 530
296 370
296 383
296 511
296 510
296 351
297 326
297 406
297 343
297 477
297 545
297 490
297 372
297 374
297 442
297 319
297 444
297 511
298 321
298 539
298 326
298 502
298 536
298 299
299 535
299 522
299 397
299 369
299 405
299 343
299 479
299 358
299 430
299 502
299 361
299 317
300 386
300 494
300 336
300 502
300 473
300 314
301 384
301 387
301 326
301 327
301 424
301 458
301 396
301 482
301 303
301 391
301 329
301 330
302 327
302 330
302 397
302 527
302 537
302 473
302 362
302 376
302 445
302 314
302 317
302 446
303 386
303 321
303 323
303 408
303 475
303 347
303 361
303 363
303 317
303 362
303 415
303 381
304 492
304 460
304 405
305 488
305 332
305 496
305 371
305 372
305 430
305 383
306 387
306 490
309 345
309 540
310 482
310 465
310 329
310 530
310 497
310 351
310 501
311 451
311 325
311 433
311 313
311 526
313 391
313 329
313 416
313 393
313 443
313 445
313 450
313 324
313 327
313 439
313 471
313 349
313 351
313 480
313 487
313 489
313 364
313 366
313 404
313 509
314 375
314 470
314 337
314 401
314 529
314 439
314 431
314 546
314 430
314 429
314 463
314 530
314 443
314 394
314 319
314 322
314 395
314 327
314 456
314 329
314 474
314 477
314 351
314 372
314 343
314 505
314 511
314 381
314 510
315 353
315 477
316 423
317 456
317 535
317 474
317 353
317 421
317 540
317 511
318 470
319 321
319 388
319 522
319 395
319 354
319 408
319 474
319 475
319 479
319 432
319 363
319 428
319 433
320 482
320 519
320 360
320 460
321 540
321 415
321 496
321 363
321 433
321 477
322 430
322 439
323 539
323 427
323 529
323 530
323 537
323 482
323 421
323 488
323 402
323 440
324 325
324 381
325 522
325 546
325 527
325 468
325 472
325 496
325 482
325 362
325 385
325 497
325 329
325 438
325 376
325 445
325 443
326 386
326 391
326 392
326 523
326 396
326 540
326 415
326 421
326 423
326 432
326 433
326 372
326 329
326 466
326 339
326 345
326 374
326 489
326 338
326 376
326 505
326 511
326 383
327 486
327 487
327 401
327 414
327 474
327 446
328 421
328 453
328 377
328 440
328 473
328 490
328 382
329 386
329 536
329 411
329 370
329 342
329 391
329 542
329 457
329 440
329 447
329 450
329 332
329 458
329 461
329 463
329 349
329 351
329 484
329 358
329 490
329 494
329 488
329 382
329 504
330 514
330 388
330 525
330 421
330 430
330 432
330 440
330 456
330 458
330 470
330 351
330 352
330 353
330 490
330 530
330 368
330 362
330 504
330 505
331 507
332 528
332 513
332 488
332 530
332 494
332 473
332 508
334 539
334 484
334 357
334 418
334 470
334 374
334 381
335 399
335 427
336 473
336 445
337 417
337 379
337 521
337 394
337 397
337 541
337 441
337 510
338 450
338 460
338 446
339 535
339 539
339 395
340 526
340 499
340 414
340 345
340 483
340 446
341 461
341 530
341 397
341 351
341 420
341 358
341 430
341 433
341 441
341 378
342 351
343 503
343 531
343 345
343 363
343 361
343 421
344 520
344 478
346 390
346 488
346 542
347 396
347 490
347 459
347 460
347 432
348 357
349 416
349 474
349 391
349 492
349 372
349 441
349 371
350 436
351 519
351 527
351 530
351 533
351 397
351 411
351 540
351 541
351 430
351 433
351 447
351 361
351 500
352 412
352 537
352 446
353 526
353 369
353 426
353 531
353 499
353 415
353 375
353 441
354 466
354 539
355 445
355 430
356 488
356 473
356 516
357 389
357 421
357 430
357 431
357 502
357 490
357 446
358 397
358 529
358 404
358 471
358 539
358 414
358 370
358 420
358 536
358 497
358 434
358 502
358 383
360 386
360 530
360 502
360 442
360 379
360 507
361 530
361 536
361 433
361 370
361 503
361 440
362 539
362 386
362 388
362 463
362 470
362 537
362 421
362 497
362 510
362 446
362 511
363 391
363 537
363 474
363 368
363 408
363 475
363 433
363 442
363 507
364 509
364 541
364 413
365 448
365 540
366 418
366 484
366 501
366 440
367 484
367 470
367 490
368 514
368 459
368 527
368 487
368 509
368 495
368 377
368 381
369 427
369 517
369 460
369 526
369 433
369 456
369 421
369 490
369 430
369 463
369 370
369 414
369 441
370 404
370 410
370 539
370 408
370 484
370 433
370 414
370 503
370 441
370 411
371 386
371 528
371 530
371 432
371 498
371 373
371 379
371 403
372 448
372 514
372 540
372 544
372 443
372 426
372 382
372 543
372 507
372 510
373 528
373 379
373 494
374 386
374 517
374 455
374 426
374 545
374 383
374 444
374 445
374 511
375 418
375 529
375 511
376 430
376 537
376 418
376 421
376 490
376 427
376 441
376 507
376 446
376 511
377 537
377 453
377 427
377 460
377 519
377 383
377 457
378 420
379 528
379 541
379 446
380 384
380 465
380 519
380 394
381 512
381 492
381 526
381 493
381 401
381 407
381 539
381 417
381 546
381 427
381 430
381 433
381 478
381 445
381 460
381 463
381 472
381 474
381 477
381 485
381 530
381 506
381 510
382 482
382 394
382 397
382 529
382 403
383 448
383 391
383 535
383 545
383 511
384 524
384 461
385 386
385 539
385 490
385 410
386 514
386 529
386 536
386 474
386 545
386 433
386 445
386 454
386 456
386 473
386 481
386 405
387 460
388 471
388 433
388 440
388 505
389 431
389 421
389 394
390 519
391 478
391 490
391 511
392 440
392 436
392 394
393 496
393 472
393 522
394 451
394 521
394 398
394 537
394 541
394 417
394 434
394 510
395 474
395 540
395 510
396 490
396 440
397 515
397 517
397 537
397 539
397 540
397 538
397 545
397 427
397 530
397 440
397 445
397 446
397 454
397 457
397 463
397 402
397 511
398 512
398 533
399 457
399 542
400 419
400 503
401 539
401 446
402 418
402 490
402 509
402 451
403 482
403 425
403 428
403 493
403 461
403 515
403 468
403 477
403 443
404 433
404 445
405 427
405 530
405 510
405 474
406 530
406 511
407 457
407 442
407 540
408 496
408 420
408 540
410 515
410 452
410 439
410 472
410 485
410 538
410 414
410 445
410 489
410 509
411 461
411 433
411 412
411 540
412 456
412 537
412 485
412 509
412 446
413 433
413 541
413 509
414 491
414 519
414 515
414 541
414 543
414 450
414 503
414 461
414 487
414 509
414 524
415 448
415 451
415 477
416 545
416 434
416 440
417 521
417 539
417 510
418 491
419 547
420 497
420 478
420 423
420 543
421 525
421 474
421 546
421 453
421 443
421 448
421 487
421 491
421 497
422 422
423 528
423 424
423 522
423 432
423 508
423 473
423 463
423 511
424 440
425 442
426 455
426 444
427 453
427 492
427 526
427 539
427 433
427 496
427 446
427 502
427 510
428 443
428 517
430 450
430 539
430 477
430 496
430 479
430 443
430 444
430 446
430 451
430 461
430 463
430 468
430 442
430 478
430 488
430 485
430 511
431 454
432 545
432 477
432 511
433 452
433 530
433 515
433 485
433 539
433 518
433 540
433 443
433 457
433 463
433 497
433 474
433 484
433 541
433 502
433 477
434 545
434 530
434 496
434 502
434 540
436 484
436 519
436 477
436 530
436 525
437 490
439 490
439 482
440 488
440 503
440 527
440 530
440 500
441 539
441 526
441 515
441 497
441 505
442 454
442 463
442 457
442 544
442 528
443 499
444 527
444 470
444 477
444 490
444 446
444 511
445 513
445 503
445 537
445 483
445 456
445 449
445 510
445 508
445 446
446 537
446 471
446 474
446 523
446 497
446 490
448 490
448 466
448 505
450 454
450 460
450 484
451 480
451 471
451 477
451 510
454 460
456 526
456 477
457 502
459 544
460 470
461 501
463 522
463 479
463 477
463 493
463 496
466 511
467 511
469 537
469 526
470 487
470 488
470 522
471 527
471 540
471 484
471 492
472 538
473 502
473 530
473 511
474 522
474 545
474 511
475 522
477 539
477 490
477 511
478 482
478 537
478 526
479 511
479 490
481 490
482 504
482 539
483 499
483 502
484 530
484 538
485 491
485 524
485 530
486 502
486 519
487 539
488 516
490 519
490 543
490 527
490 496
490 509
492 497
493 508
494 530
494 528
496 536
496 539
496 540
496 501
496 502
496 511
497 512
497 543
497 507
498 503
499 511
500 519
501 505
503 539
503 509
503 511
505 519
505 527
505 511
506 519
507 524
507 533
510 521
510 539
510 523
511 514
511 538
511 519
511 522
511 545
512 539
512 533
519 545
519 530
526 539
528 530
531 537
539 546
541 546
