0 3
1 3
2 2
3 4
4 4
5 3
6 3
7 3
8 4
9 2
10 3
11 3
12 2
13 2
14 3
15 2
16 2
17 3
18 1
19 1
20 3
21 3
22 3
23 2
24 0
25 1
26 3
27 2
28 3
29 2
30 3
31 3
32 4
33 3
34 0
35 1
36 3
37 3
38 3
39 4
40 3
41 4
42 3
43 4
44 2
45 3
46 3
47 3
48 4
49 3
50 3
51 2
52 4
53 3
54 1
55 1
56 3
57 3
58 4
59 3
60 2
61 3
62 3
63 3
64 3
65 3
66 1
67 3
68 4
69 3
70 1
71 1
72 3
73 -1
74 3
75 4
76 3
77 4
78 4
79 4
80 2
81 3
82 3
83 4
84 1
85 4
86 2
87 3
88 2
89 3
90 4
91 0
92 4
93 2
94 1
95 0
96 4
97 3
98 0
99 2
100 1
101 3
102 4
103 2
104 3
105 3
106 0
107 3
108 2
109 3
110 4
111 1
112 3
113 2
114 3
115 0
116 3
117 3
118 4
119 3
120 3
121 2
122 3
123 3
124 1
125 2
126 3
127 0
128 1
129 2
130 0
131 3
132 4
133 3
134 3
135 0
136 4
137 3
138 4
139 1
140 2
141 2
142 3
143 1
144 4
145 3
146 2
147 3
148 2
149 3
150 4
151 3
152 4
153 1
154 3
155 3
156 0
157 3
158 3
159 0
160 3
161 3
162 3
163 3
164 3
165 2
166 2
167 0
168 3
169 3
170 4
171 3
172 3
173 3
174 3
175 4
176 2
177 1
178 3
179 3
180 2
181 4
182 3
183 3
184 1
185 3
186 1
187 3
188 4
189 3
190 3
191 0
192 3
193 3
194 3
195 3
196 3
197 1
198 2
199 3
200 3
201 1
202 3
203 1
204 1
205 4
206 2
207 4
208 3
209 1
210 3
211 3
212 4
213 4
214 2
215 2
216 3
217 1
218 1
219 1
220 3
221 1
222 4
223 4
224 3
225 4
226 3
227 0
228 4
229 2
230 2
231 3
232 1
233 4
234 2
235 0
236 4
237 3
238 3
239 3
240 4
241 3
242 2
243 1
244 4
245 4
246 4
247 0
248 3
249 4
250 3
251 4
252 3
253 0
254 3
255 4
256 1
257 2
258 2
259 4
260 3
261 4
262 4
263 3
264 3
265 3
266 1
267 3
268 3
269 3
270 4
271 3
272 3
273 3
274 3
275 2
276 4
277 4
278 3
279 3
280 3
281 4
282 3
283 3
284 2
285 0
286 4
287 4
288 4
289 3
290 2
291 3
292 2
293 3
294 4
295 2
296 0
297 1
298 3
299 3
300 3
301 2
302 3
303 1
304 3
305 2
306 1
307 1
308 -1
309 3
310 3
311 3
312 1
313 1
314 2
315 4
316 2
317 3
318 2
319 3
320 0
321 0
322 3
323 3
324 2
325 3
326 4
327 1
328 3
329 3
330 2
331 4
332 4
333 3
334 4
335 0
336 0
337 2
338 3
339 2
340 1
341 3
342 1
343 1
344 0
345 3
346 2
347 4
348 3
349 3
350 3
351 3
352 3
353 1
354 4
355 0
356 3
357 -1
358 3
359 4
360 2
361 3
362 3
363 3
364 4
365 4
366 4
367 4
368 3
369 3
370 1
371 1
372 3
373 3
374 0
375 4
376 4
377 1
378 3
379 1
380 4
381 3
382 2
383 -1
384 1
385 4
386 4
387 3
388 4
389 3
390 3
391 3
392 4
393 2
394 1
395 3
396 4
397 4
398 4
399 2
400 3
401 4
402 2
403 1
404 3
405 3
406 4
407 4
408 3
409 3
410 1
411 4
412 4
413 4
414 1
415 4
416 2
417 3
418 0
419 3
420 3
421 3
422 4
423 0
424 0
425 4
426 3
427 1
428 3
429 4
430 3
431 3
432 1
433 3
434 3
435 1
436 0
437 3
438 3
439 1
440 3
441 3
442 1
443 1
444 4
445 3
446 4
447 1
448 2
449 4
450 3
451 2
452 0
453 3
454 3
455 3
456 2
457 3
458 0
459 4
460 1
461 2
462 4
463 0
464 1
465 2
466 3
467 3
468 3
469 4
470 2
471 1
472 -1
473 3
474 3
475 1
476 1
477 2
478 0
479 3
480 3
481 2
482 4
483 1
484 4
485 1
486 3
487 3
488 4
489 2
490 4
491 2
492 3
493 0
494 1
495 3
496 2
497 4
498 4
499 3
500 4
501 3
502 2
503 3
504 2
505 0
506 1
507 3
508 3
509 -1
510 3
511 0
512 1
513 4
514 4
515 4
516 4
517 4
518 3
519 3
520 4
521 3
522 1
523 2
524 3
525 4
526 2
527 0
528 1
529 2
530 1
531 4
532 3
533 3
534 3
535 3
536 4
537 4
538 4
539 3
540 2
541 0
542 4
543 1
544 3
545 3
546 0
547 2
548 1
549 2
550 2
551 4
552 1
553 0
554 4
555 2
556 0
557 1
558 4
559 4
560 4
561 3
562 4
563 2
564 1
565 4
566 4
567 0
568 3
569 2
570 2
571 4
572 4
573 4
574 2
575 3
576 3
577 4
578 1
579 1
580 1
581 3
582 3
583 3
584 0
585 2
586 2
587 0
588 3
589 0
590 4
591 2
592 3
593 2
594 2
595 3
596 0
597 0
598 4
599 1
600 3
601 3
602 3
603 -1
604 4
605 3
606 3
607 3
608 3
609 2
610 3
611 2
612 3
613 3
614 1
615 3
616 3
617 4
618 4
619 4
620 0
621 3
622 1
623 3
624 3
625 1
626 3
627 0
628 3
629 1
630 4
631 3
632 1
633 3
634 0
635 3
636 3
637 4
638 3
639 0
640 4
641 3
642 3
643 3
644 2
645 3
646 3
647 4
648 3
649 3
650 2
651 3
652 4
653 3
654 3
655 3
656 3
657 1
658 2
659 3
660 3
661 3
662 4
663 3
664 3
665 4
666 0
667 3
668 3
669 3
670 3
671 1
672 2
673 0
674 3
675 2
676 2
677 1
678 3
679 3
680 3
681 4
682 1
683 3
684 1
685 1
686 3
687 2
688 3
689 2
690 3
691 1
692 1
693 1
694 -1
695 4
696 3
697 0
698 3
699 1
700 2
701 2
702 4
703 1
704 3
705 1
706 2
707 3
708 3
709 4
710 4
711 3
712 4
713 2
714 3
715 1
716 3
717 3
718 3
719 3
720 3
721 0
722 1
723 3
724 3
725 3
726 3
727 3
728 3
729 3
730 1
731 2
732 3
733 3
734 3
735 4
736 3
737 4
738 3
739 2
740 2
741 1
742 4
743 1
744 4
745 4
746 4
747 2
748 4
749 0
750 4
751 1
752 4
753 3
754 4
755 3
756 4
757 4
758 3
759 3
760 3
761 1
762 3
763 1
764 0
765 3
766 3
767 0
768 4
769 3
770 -1
771 3
772 3
773 0
774 3
775 0
776 3
777 0
778 3
779 2
780 1
781 2
782 1
783 3
784 3
785 4
786 3
787 0
788 1
789 4
790 4
791 3
792 4
793 3
794 2
795 3
796 4
797 3
798 3
799 1
800 4
801 4
802 4
803 3
804 0
805 1
806 3
807 3
808 3
809 3
810 4
811 3
812 4
813 4
814 3
815 2
816 3
817 3
818 4
819 1
820 3
821 3
822 2
823 1
824 4
825 4
826 1
827 2
828 4
829 3
830 3
831 4
832 3
833 4
834 3
835 3
836 3
837 3
838 2
839 3
840 2
841 1
842 3
843 3
844 4
845 3
846 3
847 0
848 1
849 4
850 4
851 3
852 4
853 4
854 1
855 0
856 3
857 -1
858 3
859 1
860 4
861 2
862 1
863 4
864 4
865 3
866 0
867 3
868 4
869 3
870 2
871 -1
872 3
873 1
874 3
875 4
876 3
877 2
878 3
879 3
880 3
881 4
882 3
883 1
884 3
885 1
886 3
887 1
888 3
889 3
890 0
891 1
892 4
893 3
894 1
895 3
896 1
897 1
898 3
899 3
900 1
901 4
902 1
903 3
904 4
905 3
906 1
907 2
908 2
909 3
910 4
911 3
912 2
913 1
914 2
915 3
916 1
917 3
918 2
919 2
920 2
921 2
922 2
923 3
924 0
925 4
926 4
927 3
928 4
929 3
930 3
931 3
932 4
933 1
934 4
935 1
936 3
937 3
938 3
939 4
940 3
941 0
942 0
943 2
944 3
945 1
946 1
947 1
948 2
949 2
950 1
951 3
952 3
953 1
954 3
955 4
956 3
957 0
958 4
959 2
960 4
961 4
962 0
963 4
964 4
965 3
966 3
967 3
968 2
969 3
970 -1
971 3
972 2
973 2
974 4
975 3
976 4
977 3
978 3
979 4
980 3
981 1
982 2
983 2
984 3
985 1
986 1
987 4
988 1
989 1
990 0
991 3
992 3
993 3
994 3
995 3
996 2
997 0
998 1
999 4
1000 2
1001 4
1002 4
1003 3
1004 3
1005 3
1006 3
1007 0
1008 1
1009 0
1010 3
1011 3
1012 2
1013 4
1014 2
1015 3
1016 4
1017 2
1018 3
1019 0
1020 1
1021 4
1022 3
1023 3
1024 3
1025 4
1026 4
1027 4
1028 4
1029 1
1030 1
1031 3
1032 2
1033 2
1034 3
1035 4
1036 4
1037 3
1038 3
1039 3
1040 3
1041 0
1042 2
1043 1
1044 4
1045 4
1046 4
1047 2
1048 2
1049 4
1050 4
1051 3
1052 2
1053 2
1054 0
1055 4
1056 3
1057 3
1058 3
1059 4
1060 3
1061 1
1062 4
1063 1
1064 3
1065 3
1066 4
1067 2
1068 3
1069 4
1070 2
1071 3
1072 3
1073 1
1074 3
1075 3
1076 4
1077 3
1078 4
1079 4
1080 2
1081 4
1082 2
1083 4
1084 1
1085 1
1086 3
1087 0
1088 3
1089 3
1090 4
1091 2
1092 2
1093 2
1094 1
1095 4
1096 1
1097 3
1098 2
1099 3
1100 2
1101 4
1102 4
1103 1
1104 1
1105 2
1106 1
1107 3
1108 2
1109 1
1110 1
1111 3
1112 3
1113 1
1114 1
1115 3
1116 4
1117 0
1118 3
1119 2
1120 2
1121 4
1122 4
1123 0
1124 2
1125 1
1126 3
1127 4
1128 4
1129 4
1130 4
1131 3
1132 3
1133 4
1134 4
1135 3
1136 3
1137 4
1138 2
1139 2
1140 4
1141 1
1142 3
1143 2
1144 1
1145 2
1146 3
1147 1
1148 3
1149 4
1150 1
1151 3
1152 -1
1153 3
1154 3
1155 2
1156 4
1157 1
1158 2
1159 3
1160 4
1161 3
1162 4
1163 4
1164 4
1165 4
1166 0
1167 3
1168 1
1169 4
1170 2
1171 3
1172 2
1173 2
1174 0
1175 3
1176 0
1177 0
1178 -1
1179 4
1180 4
1181 1
1182 2
1183 3
1184 4
1185 1
1186 1
1187 3
1188 1
1189 3
1190 2
1191 2
1192 0
1193 1
1194 1
1195 3
1196 3
1197 0
1198 3
1199 -1
1200 0
1201 4
1202 3
1203 3
1204 3
1205 3
1206 3
1207 0
1208 3
1209 4
1210 4
1211 3
1212 1
1213 0
1214 3
1215 4
1216 3
1217 4
1218 3
1219 1
1220 3
1221 4
1222 1
1223 0
1224 2
1225 1
1226 1
1227 4
1228 0
1229 2
1230 4
1231 1
1232 3
1233 3
1234 3
1235 4
1236 2
1237 1
1238 1
1239 1
1240 4
1241 4
1242 3
1243 3
1244 0
1245 4
1246 2
1247 3
1248 3
1249 3
1250 3
1251 4
1252 2
1253 4
1254 0
1255 4
1256 3
1257 4
1258 3
1259 3
1260 4
1261 1
1262 4
1263 0
1264 4
1265 3
1266 1
1267 1
1268 2
1269 1
1270 2
1271 1
1272 4
1273 4
1274 4
1275 0
1276 3
1277 1
1278 3
1279 1
1280 2
1281 3
1282 3
1283 3
1284 2
1285 1
1286 1
1287 2
1288 4
1289 0
1290 3
1291 1
1292 3
1293 4
1294 0
1295 2
1296 0
1297 1
1298 3
1299 1
1300 2
1301 3
1302 4
1303 4
1304 2
1305 3
1306 3
1307 3
1308 4
1309 1
1310 2
1311 2
1312 2
1313 1
1314 3
1315 3
1316 0
1317 3
1318 3
1319 4
1320 4
1321 2
1322 2
1323 3
1324 3
1325 3
1326 4
1327 3
1328 3
1329 2
1330 4
1331 1
1332 1
1333 2
1334 0
1335 3
1336 0
1337 3
1338 4
1339 3
1340 4
1341 1
1342 2
1343 4
1344 4
1345 4
1346 2
1347 3
1348 3
1349 3
1350 3
1351 4
1352 2
1353 0
1354 1
1355 3
1356 1
1357 4
1358 3
1359 4
1360 1
1361 4
1362 3
1363 4
1364 0
1365 1
1366 3
1367 3
1368 4
1369 3
1370 3
1371 4
1372 -1
1373 4
1374 4
1375 3
1376 1
1377 3
1378 4
1379 3
1380 3
1381 4
1382 2
1383 3
1384 3
1385 3
1386 3
1387 0
1388 3
1389 3
1390 4
1391 3
1392 2
1393 1
1394 1
1395 4
1396 0
1397 1
1398 3
1399 1
1400 4
1401 4
1402 4
1403 2
1404 4
1405 1
1406 2
1407 2
1408 1
1409 3
1410 2
1411 4
1412 2
1413 4
1414 4
1415 3
1416 1
1417 4
1418 3
1419 3
1420 3
1421 3
1422 3
1423 4
1424 1
1425 4
1426 1
1427 0
1428 3
1429 2
1430 3
1431 3
1432 1
1433 0
1434 2
1435 3
1436 3
1437 3
1438 4
1439 0
1440 2
1441 3
1442 4
1443 3
1444 4
1445 0
1446 3
1447 0
1448 3
1449 3
1450 3
1451 3
1452 1
1453 1
1454 3
1455 1
1456 3
1457 3
1458 4
1459 1
1460 3
1461 -1
1462 3
1463 3
1464 4
1465 1
1466 4
1467 2
1468 0
1469 3
1470 3
1471 4
1472 4
1473 4
1474 0
1475 4
1476 4
1477 4
1478 1
1479 1
1480 3
1481 3
1482 1
1483 3
1484 4
1485 1
1486 0
1487 1
1488 4
1489 3
1490 3
1491 3
1492 4
1493 4
1494 4
1495 2
1496 4
1497 3
1498 4
1499 2
1500 3
1501 3
1502 2
1503 3
1504 1
1505 3
1506 1
1507 3
1508 1
1509 4
1510 2
1511 3
1512 3
1513 0
1514 4
1515 4
1516 2
1517 1
1518 4
1519 1
1520 3
1521 3
1522 2
1523 1
1524 1
1525 1
1526 4
1527 1
1528 0
1529 4
1530 0
1531 1
1532 0
1533 4
1534 3
1535 1
1536 3
1537 2
1538 3
1539 4
1540 3
1541 3
1542 0
1543 1
1544 4
1545 1
1546 3
1547 4
1548 4
1549 3
1550 0
1551 0
1552 3
1553 3
1554 3
1555 3
1556 0
1557 1
1558 0
1559 3
1560 3
1561 4
1562 3
1563 3
1564 3
1565 3
1566 4
1567 3
1568 2
1569 1
1570 3
1571 2
1572 0
1573 4
1574 2
1575 3
1576 4
1577 3
1578 4
1579 3
1580 3
1581 3
1582 3
1583 4
1584 3
1585 3
1586 3
1587 4
1588 3
1589 3
1590 4
1591 4
1592 0
1593 3
1594 4
1595 1
1596 3
1597 2
1598 3
1599 1
1600 3
1601 3
1602 2
1603 3
1604 2
1605 2
1606 4
1607 3
1608 2
1609 3
1610 3
1611 3
1612 4
1613 4
1614 3
1615 2
1616 3
1617 3
1618 3
1619 3
1620 4
1621 4
1622 1
1623 4
1624 3
1625 0
1626 3
1627 1
1628 1
1629 3
1630 1
1631 3
1632 3
1633 1
1634 4
1635 4
1636 0
1637 3
1638 1
1639 2
1640 2
1641 3
1642 3
1643 4
1644 3
1645 3
1646 1
1647 3
1648 4
1649 3
1650 3
1651 3
1652 1
1653 0
1654 2
1655 3
1656 3
1657 3
1658 3
1659 1
1660 4
1661 4
1662 3
1663 4
1664 0
1665 4
1666 -1
1667 2
1668 3
1669 1
1670 3
1671 1
1672 0
1673 4
1674 4
1675 4
1676 3
1677 3
1678 2
1679 3
1680 3
1681 3
1682 4
1683 1
1684 4
1685 3
1686 3
1687 3
1688 0
1689 3
1690 1
1691 2
1692 3
1693 2
1694 3
1695 0
1696 0
1697 2
1698 2
1699 3
1700 3
1701 2
1702 3
1703 4
1704 2
1705 1
1706 3
1707 3
1708 3
1709 3
1710 3
1711 4
1712 1
1713 4
1714 4
1715 3
1716 2
1717 3
1718 1
1719 3
1720 2
1721 3
1722 3
1723 2
1724 0
1725 3
1726 3
1727 4
1728 4
1729 4
1730 0
1731 3
1732 0
1733 2
1734 1
1735 3
1736 3
1737 3
1738 2
1739 3
1740 1
1741 0
1742 3
1743 0
1744 0
1745 -1
1746 3
1747 4
1748 4
1749 3
1750 2
1751 3
1752 3
1753 2
1754 2
1755 3
1756 3
1757 1
1758 2
1759 1
1760 3
1761 0
1762 4
1763 2
1764 2
1765 0
1766 2
1767 2
1768 0
1769 3
1770 3
1771 4
1772 4
1773 3
1774 4
1775 0
1776 4
1777 3
1778 3
1779 0
1780 3
1781 3
1782 4
1783 4
1784 3
1785 2
1786 2
1787 3
1788 3
1789 3
1790 3
1791 2
1792 4
1793 3
1794 2
1795 1
1796 4
1797 1
1798 2
1799 2
1800 1
1801 3
1802 0
1803 3
1804 3
1805 4
1806 2
1807 1
1808 3
1809 3
1810 3
1811 3
1812 3
1813 3
1814 -1
1815 3
1816 3
1817 2
1818 1
1819 3
1820 3
1821 0
1822 2
1823 3
1824 4
1825 4
1826 3
1827 3
1828 4
1829 1
1830 4
1831 3
1832 4
1833 4
1834 3
1835 4
1836 2
1837 3
1838 3
1839 4
1840 2
1841 1
1842 1
1843 3
1844 2
1845 3
1846 4
1847 3
1848 0
1849 3
1850 1
1851 4
1852 4
1853 3
1854 3
1855 3
1856 2
1857 3
1858 2
1859 2
1860 4
1861 2
1862 4
1863 4
1864 3
1865 3
1866 3
1867 3
1868 3
1869 4
1870 3
1871 4
1872 2
1873 3
1874 4
1875 3
1876 4
1877 3
1878 3
1879 3
1880 2
1881 0
1882 3
1883 2
1884 1
1885 3
1886 3
1887 3
1888 1
1889 0
1890 1
1891 3
1892 4
1893 0
1894 4
1895 4
1896 3
1897 3
1898 4
1899 3
1900 -1
1901 4
1902 3
1903 4
1904 4
1905 4
1906 4
1907 3
1908 3
1909 3
1910 2
1911 4
1912 3
1913 3
1914 1
1915 0
1916 2
1917 2
1918 4
1919 1
1920 3
1921 3
1922 1
1923 1
1924 0
1925 1
1926 4
1927 2
1928 3
1929 4
1930 2
1931 2
1932 2
1933 4
1934 3
1935 3
1936 4
1937 2
1938 1
1939 2
1940 3
1941 3
1942 2
1943 0
1944 0
1945 3
1946 3
1947 1
1948 1
1949 4
1950 1
1951 3
1952 4
1953 2
1954 2
1955 4
1956 3
1957 4
1958 2
1959 2
1960 2
1961 1
1962 3
1963 3
1964 0
1965 3
1966 4
1967 1
1968 1
1969 1
1970 3
1971 2
1972 1
1973 2
1974 4
1975 3
1976 0
1977 3
1978 1
1979 0
1980 4
1981 4
1982 4
1983 1
1984 1
1985 1
1986 3
1987 4
1988 3
1989 3
1990 3
1991 3
1992 0
1993 0
1994 2
1995 1
1996 -1
1997 4
1998 3
1999 3
2000 3
2001 4
2002 0
2003 3
2004 3
2005 3
2006 2
2007 3
2008 4
2009 4
2010 4
2011 3
2012 3
2013 4
2014 4
2015 2
2016 1
2017 1
2018 3
2019 4
2020 4
2021 1
2022 3
2023 2
2024 3
2025 0
2026 3
2027 3
2028 1
2029 4
2030 2
2031 2
2032 1
2033 2
2034 3
2035 3
2036 3
2037 3
2038 3
2039 3
2040 2
2041 1
2042 4
2043 1
2044 4
2045 0
2046 3
2047 4
2048 3
2049 3
2050 3
2051 1
2052 4
2053 2
2054 3
2055 1
2056 4
2057 3
2058 2
2059 3
2060 3
2061 4
2062 3
2063 3
2064 3
2065 1
2066 4
2067 -1
2068 3
2069 0
2070 3
2071 4
2072 3
2073 1
2074 4
2075 1
2076 1
2077 4
2078 3
2079 0
2080 1
2081 3
2082 3
2083 3
2084 0
2085 2
2086 0
2087 4
2088 1
2089 3
2090 3
2091 0
2092 3
2093 3
2094 3
2095 4
2096 2
2097 3
2098 3
2099 3
2100 3
2101 4
2102 2
2103 2
2104 3
2105 3
2106 3
2107 4
2108 0
2109 3
2110 3
2111 2
2112 3
2113 4
2114 1
2115 3
2116 3
2117 2
2118 4
2119 3
2120 3
2121 2
2122 4
2123 2
2124 3
2125 3
2126 2
2127 1
2128 3
2129 3
2130 3
2131 3
2132 4
2133 0
2134 3
2135 4
2136 3
2137 3
2138 4
2139 2
2140 3
2141 2
2142 1
2143 3
2144 3
2145 3
2146 1
2147 3
2148 3
2149 4
2150 1
2151 3
2152 3
2153 3
2154 3
2155 4
2156 3
2157 3
2158 3
2159 4
2160 4
2161 2
2162 4
2163 4
2164 0
2165 4
2166 3
2167 4
2168 3
2169 2
2170 0
2171 2
2172 4
2173 2
2174 3
2175 4
2176 3
2177 1
2178 4
2179 1
2180 1
2181 4
2182 4
2183 4
2184 3
2185 3
2186 1
2187 3
2188 3
2189 4
2190 3
2191 0
2192 4
2193 4
2194 3
2195 3
2196 3
2197 3
2198 1
2199 3
2200 3
2201 0
2202 4
2203 2
2204 3
2205 4
2206 2
2207 3
2208 4
2209 2
2210 1
2211 3
2212 4
2213 3
2214 4
2215 3
2216 3
2217 4
2218 2
2219 4
2220 1
2221 3
2222 3
2223 3
2224 2
2225 3
2226 3
2227 3
2228 2
2229 1
2230 0
2231 4
2232 2
2233 3
2234 4
2235 4
2236 3
2237 1
2238 1
2239 3
2240 0
2241 3
2242 3
2243 4
2244 1
2245 4
2246 3
2247 4
2248 4
2249 2
2250 4
2251 3
2252 1
2253 4
2254 3
2255 3
2256 3
2257 4
2258 3
2259 4
2260 3
2261 -1
2262 3
2263 -1
2264 3
2265 3
2266 0
2267 0
2268 1
2269 4
2270 3
2271 1
2272 3
2273 2
2274 4
2275 4
2276 3
2277 3
2278 3
2279 3
2280 0
2281 4
2282 2
2283 3
2284 2
2285 0
2286 3
2287 1
2288 3
2289 1
2290 3
2291 3
2292 4
2293 2
2294 3
2295 4
2296 3
2297 3
2298 4
2299 1
2300 2
2301 1
2302 3
2303 3
2304 3
2305 3
2306 2
2307 1
2308 4
2309 4
2310 2
2311 4
2312 4
2313 1
2314 1
2315 4
2316 4
2317 4
2318 3
2319 1
2320 1
2321 4
2322 2
2323 3
2324 3
2325 4
2326 4
2327 3
2328 0
2329 3
2330 3
2331 2
2332 3
2333 2
2334 3
2335 4
2336 4
2337 3
2338 3
2339 3
2340 4
2341 2
2342 0
2343 0
2344 0
2345 4
2346 3
2347 3
2348 3
2349 2
2350 3
2351 3
2352 3
2353 2
2354 3
2355 3
2356 0
2357 4
2358 4
2359 4
2360 2
2361 4
2362 1
2363 3
2364 4
2365 0
2366 1
2367 3
2368 3
2369 4
2370 3
2371 4
2372 3
2373 3
2374 3
2375 2
2376 3
2377 2
2378 3
2379 3
2380 3
2381 1
2382 4
2383 4
2384 3
2385 3
2386 3
2387 0
2388 1
2389 4
2390 1
2391 3
2392 0
2393 1
2394 4
2395 4
2396 1
2397 -1
2398 0
2399 3
2400 4
2401 3
2402 3
2403 3
2404 1
2405 4
2406 1
2407 2
2408 2
2409 2
2410 1
2411 4
2412 4
2413 4
2414 3
2415 3
2416 4
2417 1
2418 3
2419 2
2420 4
2421 4
2422 1
2423 4
2424 3
2425 3
2426 4
2427 1
2428 3
2429 3
2430 4
2431 3
2432 3
2433 1
2434 4
2435 2
2436 3
2437 3
2438 3
2439 3
2440 2
2441 1
2442 4
2443 3
2444 3
2445 1
2446 0
2447 3
2448 4
2449 3
2450 3
2451 0
2452 3
2453 -1
2454 4
2455 0
2456 3
2457 3
2458 4
2459 0
2460 2
2461 3
2462 2
2463 4
2464 1
2465 3
2466 3
2467 3
2468 4
2469 2
2470 3
2471 4
2472 0
2473 1
2474 0
2475 4
2476 3
2477 3
2478 0
2479 3
2480 1
2481 4
2482 -1
2483 4
2484 3
2485 3
2486 3
2487 4
2488 1
2489 1
2490 4
2491 4
2492 4
2493 4
2494 2
2495 3
2496 4
2497 3
2498 3
2499 3
2500 1
2501 2
2502 1
2503 3
2504 3
2505 2
2506 1
2507 4
2508 2
2509 4
2510 3
2511 4
2512 4
2513 4
2514 4
2515 4
2516 4
2517 3
2518 3
2519 1
2520 2
2521 4
2522 3
2523 2
2524 3
2525 2
2526 3
2527 1
2528 3
2529 2
2530 4
2531 3
2532 4
2533 3
2534 3
2535 3
2536 3
2537 4
2538 3
2539 2
2540 4
2541 3
2542 4
2543 3
2544 0
2545 3
2546 4
2547 4
2548 4
2549 4
2550 3
2551 3
2552 3
2553 1
2554 4
2555 3
2556 4
2557 1
2558 3
2559 1
2560 4
2561 3
2562 3
2563 4
2564 2
2565 4
2566 1
2567 2
2568 3
2569 3
2570 4
2571 3
2572 3
2573 0
2574 4
2575 0
2576 4
2577 3
2578 2
2579 3
2580 2
2581 4
2582 1
2583 4
2584 4
2585 2
2586 4
2587 3
2588 0
2589 3
2590 1
2591 4
2592 3
2593 2
2594 4
2595 1
2596 2
2597 3
2598 3
2599 2
2600 3
2601 1
2602 1
2603 4
2604 0
2605 0
2606 0
2607 3
2608 2
2609 1
2610 3
2611 3
2612 2
2613 1
2614 3
2615 4
2616 2
2617 0
2618 2
2619 1
2620 3
2621 3
2622 0
2623 1
2624 4
2625 3
2626 1
2627 3
2628 3
2629 3
2630 3
2631 4
2632 1
2633 1
2634 3
2635 3
2636 4
2637 1
2638 1
2639 0
2640 4
2641 2
2642 3
2643 2
2644 0
2645 4
2646 1
2647 2
2648 2
2649 1
2650 1
2651 1
2652 3
2653 3
2654 4
2655 3
2656 0
2657 0
2658 4
2659 3
2660 3
2661 4
2662 4
2663 4
2664 3
2665 3
2666 3
2667 4
2668 3
2669 4
2670 4
2671 4
2672 4
2673 2
2674 3
2675 2
2676 1
2677 3
2678 3
2679 2
2680 4
2681 3
2682 2
2683 2
2684 0
2685 4
2686 1
2687 4
2688 3
2689 3
2690 4
2691 4
2692 4
2693 2
2694 2
2695 3
2696 2
2697 1
2698 1
2699 4
2700 1
2701 1
2702 0
2703 4
2704 3
2705 3
2706 3
2707 3
2708 4
2709 2
2710 3
2711 4
2712 0
2713 3
2714 4
2715 1
2716 1
2717 0
2718 4
2719 4
2720 3
2721 4
2722 2
2723 2
2724 1
2725 3
2726 3
2727 4
2728 4
2729 4
2730 3
2731 2
2732 3
2733 2
2734 4
2735 4
2736 1
2737 3
2738 4
2739 2
2740 0
2741 3
2742 3
2743 2
2744 3
2745 3
2746 -1
2747 2
2748 3
2749 1
2750 4
2751 4
2752 3
2753 3
2754 4
2755 3
2756 1
2757 3
2758 3
2759 4
2760 3
2761 3
2762 4
2763 4
2764 2
2765 1
2766 3
2767 1
2768 3
2769 2
2770 3
2771 1
2772 3
2773 4
2774 2
2775 3
2776 1
2777 3
2778 4
2779 3
2780 2
2781 3
2782 0
2783 4
2784 3
2785 4
2786 4
2787 3
2788 1
2789 3
2790 2
2791 3
2792 3
2793 4
2794 4
2795 2
2796 3
2797 3
2798 3
2799 4
2800 4
2801 4
2802 2
2803 4
2804 4
2805 3
2806 3
2807 3
2808 4
2809 3
2810 3
2811 1
2812 2
2813 3
2814 4
2815 1
2816 3
2817 3
2818 4
2819 3
2820 3
2821 2
2822 3
2823 2
2824 4
2825 3
2826 3
2827 3
2828 3
2829 2
2830 3
2831 1
2832 2
2833 2
2834 4
2835 4
2836 1
2837 2
2838 4
2839 4
2840 4
2841 3
2842 4
2843 -1
2844 3
2845 3
2846 2
2847 3
2848 3
2849 2
2850 1
2851 0
2852 4
2853 4
2854 4
2855 3
2856 3
2857 3
2858 4
2859 2
2860 3
2861 2
2862 3
2863 2
2864 2
2865 3
2866 1
2867 1
2868 3
2869 4
2870 2
2871 4
2872 4
2873 4
2874 1
2875 3
2876 4
2877 1
2878 3
2879 1
2880 4
2881 4
2882 4
2883 4
2884 4
2885 3
2886 3
2887 3
2888 3
2889 4
2890 4
2891 3
2892 4
2893 3
2894 1
2895 3
2896 4
2897 3
2898 1
2899 1
2900 3
2901 4
2902 4
2903 2
2904 3
2905 3
2906 3
2907 4
2908 3
2909 1
2910 3
2911 3
2912 4
2913 4
2914 3
2915 3
2916 -1
2917 1
2918 3
2919 3
2920 4
2921 3
2922 4
2923 3
2924 3
2925 3
2926 3
2927 3
2928 3
2929 2
2930 4
2931 3
2932 4
2933 4
2934 2
2935 0
2936 1
2937 1
2938 4
2939 0
2940 4
2941 2
2942 3
2943 3
2944 3
2945 4
2946 2
2947 3
2948 3
2949 3
2950 3
2951 3
2952 1
2953 2
2954 2
2955 3
2956 0
2957 4
2958 3
2959 4
2960 3
2961 4
2962 1
2963 2
2964 3
2965 1
2966 4
2967 3
2968 3
2969 3
2970 4
2971 3
2972 3
2973 3
2974 3
2975 4
2976 4
2977 3
2978 4
2979 3
2980 3
2981 4
2982 3
2983 4
2984 3
2985 1
2986 1
2987 4
2988 3
2989 2
2990 4
2991 3
2992 3
2993 4
2994 3
2995 4
2996 3
2997 2
2998 4
2999 3
3000 -1
3001 4
3002 3
3003 2
3004 3
3005 4
3006 3
3007 4
3008 2
3009 4
3010 4
3011 1
3012 1
3013 3
3014 3
3015 1
3016 3
3017 4
3018 -1
3019 3
3020 2
3021 1
3022 3
3023 4
3024 4
3025 4
3026 3
3027 3
3028 4
3029 3
3030 1
3031 4
3032 3
3033 0
3034 4
3035 3
3036 4
3037 3
3038 2
3039 3
3040 4
3041 4
3042 4
3043 4
3044 2
3045 3
3046 4
3047 0
3048 4
3049 1
3050 3
3051 4
3052 0
3053 4
3054 4
3055 1
3056 3
3057 4
3058 3
3059 1
3060 3
3061 3
3062 3
3063 3
3064 4
3065 3
3066 3
3067 3
3068 0
3069 1
3070 3
3071 3
3072 4
3073 3
3074 2
3075 3
3076 1
3077 3
3078 1
3079 0
3080 4
3081 -1
3082 3
3083 1
3084 3
3085 2
3086 2
3087 3
3088 0
3089 3
3090 1
3091 2
3092 3
3093 2
3094 4
3095 4
3096 3
3097 4
3098 3
3099 -1
3100 3
3101 4
3102 4
3103 2
3104 3
3105 4
3106 4
3107 1
3108 4
3109 3
3110 3
3111 2
3112 3
3113 3
3114 3
3115 2
3116 3
3117 3
3118 4
3119 4
3120 2
3121 3
3122 3
3123 4
3124 3
3125 3
3126 2
3127 4
3128 0
3129 1
3130 2
3131 0
3132 3
3133 3
3134 4
3135 0
3136 4
3137 4
3138 1
3139 2
3140 1
3141 3
3142 4
3143 0
3144 3
3145 1
3146 2
3147 1
3148 3
3149 1
3150 4
3151 3
3152 4
3153 4
3154 4
3155 0
3156 3
3157 3
3158 2
3159 0
3160 2
3161 1
3162 4
3163 1
3164 2
3165 2
3166 4
3167 1
3168 1
3169 4
3170 4
3171 1
3172 3
3173 -1
3174 3
3175 1
3176 3
3177 3
3178 3
3179 3
3180 2
3181 4
3182 2
3183 0
3184 2
3185 2
3186 2
3187 3
3188 4
3189 3
3190 3
3191 3
3192 3
3193 4
3194 2
3195 3
3196 2
3197 2
3198 1
3199 3
3200 2
3201 3
3202 4
3203 2
3204 3
3205 2
3206 1
3207 3
3208 4
3209 0
3210 3
3211 2
3212 -1
3213 1
3214 3
3215 3
3216 3
3217 1
3218 3
3219 0
3220 1
3221 3
3222 1
3223 3
3224 3
3225 4
3226 4
3227 2
3228 4
3229 1
3230 3
3231 3
3232 3
3233 3
3234 4
3235 4
3236 3
3237 2
3238 3
3239 3
3240 3
3241 3
3242 4
3243 3
3244 2
3245 4
3246 3
3247 4
3248 3
3249 1
3250 3
3251 1
3252 4
3253 1
3254 4
3255 4
3256 2
3257 3
3258 2
3259 4
3260 4
3261 3
3262 3
3263 4
3264 2
3265 3
3266 4
3267 4
3268 4
3269 3
3270 3
3271 2
3272 3
3273 3
3274 3
3275 4
3276 4
3277 3
3278 3
3279 3
3280 4
3281 1
3282 2
3283 1
3284 1
3285 2
3286 2
3287 4
3288 2
3289 3
3290 4
3291 1
3292 2
3293 3
3294 4
3295 3
3296 0
3297 3
3298 3
3299 3
3300 3
3301 3
3302 1
3303 0
3304 4
3305 3
3306 3
3307 2
3308 4
3309 3
3310 2
3311 4
3312 3
3313 4
3314 4
3315 3
3316 4
3317 1
3318 2
3319 3
3320 2
3321 3
3322 3
3323 3
3324 0
3325 4
3326 4
3327 -1
3328 3
3329 3
3330 3
3331 4
3332 2
3333 2
3334 2
3335 2
3336 4
3337 1
3338 4
3339 3
3340 4
3341 4
3342 3
3343 2
3344 3
3345 3
3346 3
3347 2
3348 2
3349 2
3350 3
3351 3
3352 4
3353 2
3354 1
3355 4
3356 3
3357 1
3358 3
3359 3
3360 0
3361 1
3362 4
3363 3
3364 0
3365 4
3366 4
3367 0
3368 3
3369 2
3370 3
3371 3
3372 4
3373 1
3374 3
3375 1
3376 4
3377 3
3378 1
3379 4
3380 4
3381 3
3382 2
3383 1
3384 1
3385 1
3386 2
3387 3
3388 0
3389 1
3390 3
3391 2
3392 3
3393 4
3394 3
3395 4
3396 1
3397 3
3398 0
3399 4
3400 3
3401 4
3402 2
3403 1
3404 3
3405 0
3406 1
3407 4
3408 1
3409 4
3410 4
3411 4
3412 4
3413 1
3414 4
3415 1
3416 4
3417 4
3418 3
3419 2
3420 1
3421 2
3422 -1
3423 0
3424 3
3425 3
3426 3
3427 4
3428 3
3429 2
3430 1
3431 1
3432 4
3433 3
3434 3
3435 3
3436 3
3437 1
3438 4
3439 4
3440 0
3441 3
3442 3
3443 3
3444 3
3445 3
3446 2
3447 3
3448 4
3449 4
3450 3
3451 4
3452 3
3453 3
3454 1
3455 2
3456 3
3457 3
3458 3
3459 1
3460 3
3461 3
3462 4
3463 3
3464 4
3465 3
3466 4
3467 3
3468 4
3469 4
3470 1
3471 2
3472 2
3473 1
3474 3
3475 4
3476 4
3477 3
3478 2
3479 4
3480 3
3481 4
3482 2
3483 3
3484 4
3485 3
3486 1
3487 1
3488 3
3489 3
3490 3
3491 3
3492 3
3493 2
3494 3
3495 4
3496 4
3497 2
3498 4
3499 3
3500 0
3501 1
3502 3
3503 3
3504 3
3505 4
3506 3
3507 1
3508 0
3509 1
3510 4
3511 4
3512 3
3513 1
3514 4
3515 2
3516 4
3517 4
3518 3
3519 4
3520 3
3521 3
3522 4
3523 4
3524 2
3525 4
3526 1
3527 4
3528 2
3529 1
3530 1
3531 1
3532 4
3533 4
3534 3
3535 3
3536 4
3537 4
3538 3
3539 3
3540 1
3541 3
3542 2
3543 4
3544 3
3545 2
3546 3
3547 1
3548 1
3549 2
3550 1
3551 1
3552 2
3553 4
3554 4
3555 2
3556 0
3557 2
3558 3
3559 3
3560 2
3561 3
3562 3
3563 0
3564 4
3565 1
3566 4
3567 4
3568 1
3569 3
3570 3
3571 3
3572 4
3573 3
3574 3
3575 3
3576 4
3577 3
3578 4
3579 3
3580 1
3581 4
3582 2
3583 4
3584 3
3585 4
3586 3
3587 1
3588 3
3589 3
3590 1
3591 1
3592 3
3593 4
3594 1
3595 4
3596 3
3597 4
3598 0
3599 3
3600 0
3601 0
3602 1
3603 3
3604 3
3605 1
3606 2
3607 1
3608 4
3609 3
3610 3
3611 1
3612 1
3613 1
3614 2
3615 2
3616 3
3617 4
3618 3
3619 3
3620 2
3621 3
3622 4
3623 1
3624 1
3625 2
3626 4
3627 4
3628 3
3629 1
3630 3
3631 3
3632 4
3633 2
3634 0
3635 3
3636 3
3637 4
3638 1
3639 4
3640 4
3641 4
3642 1
3643 2
3644 3
3645 2
3646 -1
3647 0
3648 1
3649 3
3650 3
3651 4
3652 3
3653 4
3654 4
3655 3
3656 3
3657 3
3658 3
3659 2
3660 1
3661 3
3662 3
3663 1
3664 3
3665 4
3666 0
3667 2
3668 0
3669 4
3670 3
3671 3
3672 2
3673 3
3674 0
3675 0
3676 4
3677 3
3678 4
3679 4
3680 3
3681 3
3682 2
3683 1
3684 2
3685 3
3686 3
3687 1
3688 3
3689 2
3690 3
3691 2
3692 1
3693 4
3694 4
3695 2
3696 4
3697 4
3698 3
3699 2
3700 4
3701 4
3702 0
3703 4
3704 4
3705 3
3706 3
3707 3
3708 0
3709 4
3710 3
3711 2
3712 2
3713 3
3714 3
3715 2
3716 1
3717 2
3718 3
3719 0
3720 2
3721 4
3722 4
3723 4
3724 3
3725 2
3726 3
3727 3
3728 3
3729 2
3730 3
3731 3
3732 0
3733 3
3734 1
3735 1
3736 4
3737 3
3738 1
3739 4
3740 4
3741 0
3742 -1
3743 4
3744 1
3745 3
3746 2
3747 3
3748 3
3749 3
3750 3
3751 4
3752 4
3753 4
3754 0
3755 4
3756 1
3757 4
3758 2
3759 3
3760 4
3761 3
3762 3
3763 3
3764 1
3765 4
3766 4
3767 3
3768 4
3769 3
3770 4
3771 4
3772 4
3773 2
3774 3
3775 3
3776 4
3777 0
3778 4
3779 2
3780 3
3781 3
3782 4
3783 1
3784 4
3785 2
3786 2
3787 3
3788 4
3789 3
3790 3
3791 1
3792 3
3793 3
3794 3
3795 4
3796 1
3797 4
3798 3
3799 1
3800 2
3801 2
3802 4
3803 3
3804 3
3805 2
3806 2
3807 1
3808 3
3809 3
3810 3
3811 1
3812 1
3813 4
3814 3
3815 3
3816 3
3817 2
3818 2
3819 1
3820 3
3821 -1
3822 4
3823 2
3824 3
3825 0
3826 3
3827 4
3828 2
3829 4
3830 3
3831 4
3832 3
3833 1
3834 0
3835 2
3836 1
3837 3
3838 3
3839 3
3840 1
3841 2
3842 2
3843 1
3844 3
3845 3
3846 3
3847 1
3848 3
3849 2
3850 3
3851 3
3852 4
3853 1
3854 0
3855 3
3856 2
3857 3
3858 2
3859 1
3860 4
3861 0
3862 4
3863 0
3864 3
3865 3
3866 3
3867 3
3868 1
3869 2
3870 4
3871 3
3872 2
3873 3
3874 0
3875 3
3876 4
3877 2
3878 4
3879 0
3880 4
3881 3
3882 2
3883 3
3884 3
3885 3
3886 4
3887 2
3888 3
3889 3
3890 3
3891 3
3892 2
3893 3
3894 4
3895 3
3896 3
3897 3
3898 2
3899 2
3900 0
3901 3
3902 4
3903 2
3904 4
3905 2
3906 3
3907 4
3908 3
3909 1
3910 3
3911 4
3912 0
3913 2
3914 -1
3915 4
3916 3
3917 1
3918 3
3919 0
3920 3
3921 2
3922 4
3923 3
3924 1
3925 4
3926 2
3927 1
3928 3
3929 1
3930 1
3931 4
3932 3
3933 0
3934 3
3935 3
3936 3
3937 3
3938 3
3939 1
3940 4
3941 3
3942 4
3943 4
3944 3
3945 2
3946 2
3947 1
3948 3
3949 3
3950 3
3951 2
3952 3
3953 3
3954 2
3955 3
3956 3
3957 1
3958 3
3959 1
3960 2
3961 4
3962 2
3963 1
3964 2
3965 4
3966 2
3967 2
3968 3
3969 3
3970 2
3971 1
3972 0
3973 3
3974 3
3975 0
3976 3
3977 3
3978 3
3979 1
3980 1
3981 4
3982 4
3983 4
3984 4
3985 3
3986 4
3987 2
3988 0
3989 3
3990 3
3991 1
3992 1
3993 3
3994 2
3995 3
3996 3
3997 3
3998 2
3999 1
4000 2
4001 -1
4002 4
4003 3
4004 2
4005 3
4006 3
4007 4
4008 4
4009 3
4010 3
4011 2
4012 3
4013 2
4014 4
4015 3
4016 3
4017 1
4018 3
4019 1
4020 1
4021 4
4022 2
4023 1
4024 3
4025 3
4026 4
4027 3
4028 3
4029 3
4030 4
4031 3
4032 4
4033 4
4034 1
4035 3
4036 3
4037 3
4038 2
4039 2
4040 4
4041 4
4042 3
4043 4
4044 4
4045 3
4046 4
4047 -1
4048 4
4049 1
4050 2
4051 3
4052 3
4053 1
4054 4
4055 1
4056 3
4057 3
4058 1
4059 1
4060 2
4061 3
4062 2
4063 2
4064 3
4065 3
4066 2
4067 1
4068 2
4069 1
4070 3
4071 2
4072 0
4073 2
4074 3
4075 2
4076 4
4077 3
4078 1
4079 2
4080 2
4081 0
4082 3
4083 3
4084 3
4085 1
4086 1
4087 1
4088 3
4089 3
4090 3
4091 4
4092 1
4093 0
4094 4
4095 1
4096 4
4097 1
4098 3
4099 2
4100 4
4101 0
4102 1
4103 1
4104 4
4105 2
4106 3
4107 3
4108 3
4109 4
4110 3
4111 3
4112 1
4113 1
4114 3
4115 4
4116 3
4117 1
4118 4
4119 3
4120 3
4121 3
4122 0
4123 2
4124 2
4125 1
4126 3
4127 4
4128 1
4129 3
4130 3
4131 2
4132 4
4133 4
4134 3
4135 4
4136 4
4137 4
4138 3
4139 4
4140 3
4141 2
4142 4
4143 1
4144 3
4145 4
4146 1
4147 3
4148 3
4149 4
4150 4
4151 4
4152 3
4153 1
4154 2
4155 4
4156 3
4157 1
4158 3
4159 3
4160 3
4161 4
4162 2
4163 4
4164 4
4165 3
4166 3
4167 3
4168 2
4169 3
4170 3
4171 3
4172 4
4173 1
4174 4
4175 1
4176 4
4177 4
4178 3
4179 4
4180 3
4181 3
4182 4
4183 4
4184 4
4185 2
4186 4
4187 4
4188 2
4189 1
4190 1
4191 3
4192 2
4193 4
4194 0
4195 3
4196 3
4197 0
4198 3
4199 4
4200 1
4201 4
4202 2
4203 3
4204 3
4205 2
4206 2
4207 4
4208 4
4209 2
4210 0
4211 3
4212 3
4213 1
4214 4
4215 3
4216 1
4217 1
4218 3
4219 1
4220 3
4221 3
4222 4
4223 0
4224 2
4225 4
4226 2
4227 3
4228 2
4229 2
4230 4
4231 4
4232 3
4233 3
4234 3
4235 1
4236 2
4237 1
4238 3
4239 3
4240 3
4241 2
4242 4
4243 3
4244 3
4245 4
4246 3
4247 3
4248 3
4249 0
4250 4
4251 3
4252 2
4253 4
4254 3
4255 3
4256 4
4257 3
4258 1
4259 3
4260 3
4261 3
4262 4
4263 3
4264 3
4265 1
4266 3
4267 3
4268 3
4269 2
4270 1
4271 3
4272 3
4273 3
4274 2
4275 2
4276 3
4277 3
4278 4
4279 3
4280 3
4281 0
4282 1
4283 4
4284 2
4285 3
4286 3
4287 4
4288 4
4289 0
4290 3
4291 3
4292 1
4293 3
4294 3
4295 4
4296 4
4297 2
4298 4
4299 3
4300 2
4301 1
4302 4
4303 2
4304 4
4305 1
4306 0
4307 3
4308 3
4309 3
4310 4
4311 1
4312 1
4313 2
4314 4
4315 2
4316 0
4317 4
4318 4
4319 3
4320 3
4321 4
4322 3
4323 3
4324 3
4325 3
4326 4
4327 0
4328 4
4329 3
4330 3
4331 4
4332 4
4333 3
4334 3
4335 3
4336 4
4337 1
4338 1
4339 3
4340 3
4341 3
4342 3
4343 3
4344 1
4345 1
4346 3
4347 3
4348 4
4349 3
4350 3
4351 3
4352 4
4353 3
4354 1
4355 1
4356 3
4357 2
4358 4
4359 1
4360 4
4361 4
4362 1
4363 4
4364 0
4365 1
4366 3
4367 4
4368 4
4369 4
4370 3
4371 1
4372 2
4373 -1
4374 4
4375 1
4376 4
4377 1
4378 3
4379 2
4380 4
4381 2
4382 3
4383 4
4384 3
4385 3
4386 1
4387 2
4388 3
4389 3
4390 4
4391 1
4392 4
4393 3
4394 1
4395 3
4396 2
4397 0
4398 3
4399 1
4400 4
4401 1
4402 3
4403 2
4404 1
4405 3
4406 3
4407 4
4408 3
4409 3
4410 3
4411 1
4412 0
4413 1
4414 3
4415 3
4416 3
4417 2
4418 3
4419 3
4420 1
4421 1
4422 3
4423 2
4424 3
4425 4
4426 4
4427 3
4428 3
4429 3
4430 2
4431 1
4432 4
4433 4
4434 1
4435 4
4436 3
4437 3
4438 3
4439 2
4440 3
4441 0
4442 4
4443 4
4444 1
4445 3
4446 3
4447 3
4448 4
4449 3
4450 0
4451 3
4452 -1
4453 0
4454 2
4455 2
4456 1
4457 2
4458 3
4459 3
4460 1
4461 3
4462 1
4463 4
4464 3
4465 3
4466 1
4467 4
4468 1
4469 2
4470 3
4471 2
4472 4
4473 3
4474 2
4475 3
4476 -1
4477 0
4478 2
4479 3
4480 3
4481 4
4482 4
4483 3
4484 4
4485 0
4486 4
4487 0
4488 3
4489 2
4490 3
4491 2
4492 1
4493 3
4494 4
4495 2
4496 2
4497 2
4498 3
4499 3
4500 0
4501 4
4502 3
4503 3
4504 2
4505 1
4506 1
4507 3
4508 2
4509 1
4510 1
4511 2
4512 3
4513 4
4514 3
4515 3
4516 1
4517 2
4518 3
4519 2
4520 3
4521 3
4522 2
4523 4
4524 3
4525 3
4526 3
4527 4
4528 4
4529 4
4530 1
4531 3
4532 3
4533 4
4534 2
4535 3
4536 2
4537 3
4538 0
4539 1
4540 4
4541 1
4542 3
4543 3
4544 4
4545 3
4546 3
4547 1
4548 1
4549 -1
4550 4
4551 2
4552 4
4553 1
4554 3
4555 4
4556 4
4557 4
4558 1
4559 3
4560 3
4561 4
4562 0
4563 3
4564 3
4565 4
4566 2
4567 4
4568 3
4569 3
4570 3
4571 3
4572 4
4573 3
4574 3
4575 3
4576 1
4577 3
4578 3
4579 4
4580 1
4581 3
4582 2
4583 3
4584 4
4585 1
4586 4
4587 2
4588 4
4589 3
4590 1
4591 2
4592 2
4593 3
4594 3
4595 4
4596 3
4597 4
4598 3
4599 2
4600 3
4601 2
4602 3
4603 1
4604 2
4605 3
4606 4
4607 3
4608 4
4609 4
4610 3
4611 3
4612 3
4613 1
4614 4
4615 1
4616 3
4617 3
4618 0
4619 4
4620 4
4621 3
4622 2
4623 2
4624 1
4625 0
4626 4
4627 3
4628 2
4629 1
4630 2
4631 4
4632 4
4633 4
4634 3
4635 3
4636 2
4637 2
4638 0
4639 2
4640 3
4641 4
4642 3
4643 2
4644 4
4645 3
4646 3
4647 3
4648 1
4649 3
4650 2
4651 4
4652 4
4653 1
4654 2
4655 0
4656 3
4657 2
4658 4
4659 3
4660 3
4661 3
4662 -1
4663 4
4664 3
4665 3
4666 2
4667 3
4668 4
4669 3
4670 4
4671 4
4672 1
4673 3
4674 2
4675 1
4676 2
4677 4
4678 0
4679 3
4680 3
4681 3
4682 3
4683 3
4684 3
4685 0
4686 3
4687 1
4688 3
4689 3
4690 3
4691 1
4692 2
4693 1
4694 1
4695 4
4696 1
4697 3
4698 1
4699 3
4700 1
4701 4
4702 3
4703 2
4704 4
4705 1
4706 -1
4707 0
4708 3
4709 4
4710 1
4711 4
4712 3
4713 4
4714 3
4715 4
4716 2
4717 0
4718 1
4719 3
4720 3
4721 3
4722 3
4723 1
4724 1
4725 3
4726 4
4727 1
4728 3
4729 2
4730 3
4731 3
4732 3
4733 4
4734 3
4735 3
4736 4
4737 4
4738 3
4739 1
4740 3
4741 4
4742 4
4743 4
4744 4
4745 4
4746 3
4747 3
4748 3
4749 3
4750 4
4751 3
4752 1
4753 3
4754 1
4755 3
4756 1
4757 3
4758 1
4759 3
4760 2
4761 2
4762 3
4763 4
4764 4
4765 1
4766 0
4767 1
4768 4
4769 2
4770 1
4771 0
4772 1
4773 4
4774 1
4775 2
4776 2
4777 1
4778 0
4779 3
4780 3
4781 4
4782 2
4783 3
4784 3
4785 4
4786 0
4787 2
4788 2
4789 0
4790 3
4791 1
4792 4
4793 3
4794 3
4795 1
4796 3
4797 3
4798 1
4799 4
4800 0
4801 3
4802 3
4803 0
4804 4
4805 1
4806 3
4807 3
4808 4
4809 3
4810 3
4811 1
4812 3
4813 4
4814 0
4815 3
4816 4
4817 3
4818 3
4819 3
4820 3
4821 2
4822 3
4823 3
4824 1
4825 3
4826 2
4827 3
4828 3
4829 1
4830 2
4831 4
4832 3
4833 2
4834 4
4835 0
4836 4
4837 3
4838 4
4839 3
4840 3
4841 1
4842 4
4843 4
4844 4
4845 1
4846 3
4847 2
4848 3
4849 3
4850 1
4851 3
4852 3
4853 3
4854 4
4855 3
4856 2
4857 4
4858 3
4859 4
4860 3
4861 1
4862 3
4863 3
4864 4
4865 2
4866 2
4867 1
4868 4
4869 3
4870 1
4871 3
4872 1
4873 3
4874 3
4875 3
4876 4
4877 4
4878 3
4879 3
4880 1
4881 4
4882 3
4883 3
4884 3
4885 3
4886 4
4887 4
4888 3
4889 3
4890 3
4891 3
4892 1
4893 3
4894 3
4895 4
4896 0
4897 3
4898 2
4899 1
4900 4
4901 3
4902 3
4903 3
4904 4
4905 3
4906 -1
4907 4
4908 3
4909 4
4910 0
4911 3
4912 4
4913 3
4914 3
4915 4
4916 4
4917 4
4918 4
4919 2
4920 0
4921 2
4922 4
4923 3
4924 0
4925 1
4926 2
4927 1
4928 4
4929 2
4930 3
4931 4
4932 3
4933 2
4934 2
4935 3
4936 3
4937 2
4938 1
4939 3
4940 1
4941 2
4942 3
4943 3
4944 3
4945 4
4946 4
4947 3
4948 3
4949 3
4950 4
4951 4
4952 2
4953 0
4954 4
4955 3
4956 3
4957 2
4958 3
4959 0
4960 4
4961 3
4962 3
4963 3
4964 3
4965 2
4966 1
4967 1
4968 4
4969 3
4970 3
4971 2
4972 1
4973 1
4974 4
4975 3
4976 3
4977 1
4978 3
4979 4
4980 4
4981 2
4982 3
4983 3
4984 3
4985 2
4986 3
4987 3
4988 0
4989 2
4990 1
4991 4
4992 4
4993 2
4994 3
4995 3
4996 1
4997 1
4998 3
4999 3
5000 3
5001 0
5002 1
5003 1
5004 3
5005 1
5006 3
5007 4
5008 3
5009 4
5010 3
5011 2
5012 4
5013 4
5014 3
5015 2
5016 1
5017 4
5018 2
5019 4
5020 4
5021 3
5022 2
5023 1
5024 4
5025 1
5026 1
5027 4
5028 4
5029 1
5030 0
5031 4
5032 4
5033 2
5034 4
5035 3
5036 1
5037 4
5038 4
5039 2
5040 4
5041 4
5042 2
5043 3
5044 3
5045 4
5046 4
5047 4
5048 3
5049 1
5050 3
5051 3
5052 4
5053 3
5054 1
5055 3
5056 4
5057 3
5058 1
5059 3
5060 3
5061 3
5062 3
5063 3
5064 3
5065 2
5066 4
5067 2
5068 3
5069 4
5070 2
5071 4
5072 3
5073 2
5074 4
5075 3
5076 3
5077 3
5078 3
5079 3
5080 3
5081 3
5082 3
5083 4
5084 4
5085 3
5086 3
5087 3
5088 1
5089 3
5090 2
5091 3
5092 2
5093 3
5094 2
5095 3
5096 2
5097 3
5098 3
5099 1
5100 1
5101 2
5102 4
5103 1
5104 4
5105 1
5106 3
5107 2
5108 3
5109 4
5110 3
5111 3
5112 1
5113 3
5114 3
5115 3
5116 4
5117 -1
5118 1
5119 3
5120 3
5121 3
5122 4
5123 3
5124 3
5125 4
5126 4
5127 4
5128 2
5129 3
5130 4
5131 1
5132 1
5133 4
5134 3
5135 4
5136 3
5137 2
5138 3
5139 2
5140 1
5141 0
5142 4
5143 3
5144 3
5145 2
5146 4
5147 1
5148 3
5149 0
5150 3
5151 1
5152 4
5153 1
5154 0
5155 4
5156 3
5157 4
5158 1
5159 3
5160 2
5161 0
5162 4
5163 2
5164 3
5165 3
5166 0
5167 3
5168 3
5169 4
5170 3
5171 3
5172 3
5173 3
5174 3
5175 3
5176 2
5177 1
5178 3
5179 2
5180 1
5181 2
5182 2
5183 3
5184 3
5185 4
5186 4
5187 3
5188 3
5189 1
5190 3
5191 4
5192 3
5193 -1
5194 1
5195 0
5196 2
5197 4
5198 1
5199 1
5200 1
5201 4
5202 3
5203 0
5204 3
5205 4
5206 1
5207 1
5208 4
5209 3
5210 4
5211 3
5212 3
5213 0
5214 1
5215 1
5216 4
5217 1
5218 2
5219 3
5220 4
5221 3
5222 3
5223 3
5224 3
5225 0
5226 4
5227 3
5228 4
5229 3
5230 1
5231 1
5232 2
5233 2
5234 3
5235 3
5236 3
5237 1
5238 4
5239 2
5240 4
5241 3
5242 2
5243 3
5244 2
5245 3
5246 3
5247 1
5248 3
5249 4
5250 3
5251 4
5252 4
5253 3
5254 1
5255 4
5256 4
5257 3
5258 4
5259 0
5260 3
5261 2
5262 2
5263 4
5264 4
5265 -1
5266 3
5267 4
5268 4
5269 3
5270 3
5271 3
5272 3
5273 -1
5274 3
5275 4
5276 3
5277 4
5278 4
5279 3
5280 0
5281 1
5282 4
5283 0
5284 3
5285 2
5286 2
5287 1
5288 4
5289 3
5290 4
5291 3
5292 3
5293 2
5294 2
5295 3
5296 0
5297 3
5298 4
5299 1
5300 4
5301 4
5302 1
5303 2
5304 2
5305 1
5306 1
5307 3
5308 2
5309 4
5310 3
5311 3
5312 3
5313 4
5314 2
5315 3
5316 0
5317 2
5318 4
5319 4
5320 3
5321 4
5322 3
5323 3
5324 2
5325 0
5326 4
5327 4
5328 3
5329 3
5330 2
5331 3
5332 3
5333 3
5334 3
5335 4
5336 1
5337 4
5338 2
5339 1
5340 4
5341 0
5342 2
5343 3
5344 1
5345 4
5346 3
5347 3
5348 3
5349 4
5350 3
5351 3
5352 0
5353 3
5354 3
5355 3
5356 2
5357 2
5358 4
5359 0
5360 3
5361 3
5362 3
5363 3
5364 0
5365 4
5366 2
5367 1
5368 0
5369 3
5370 3
5371 0
5372 0
5373 0
5374 2
5375 3
5376 4
5377 3
5378 4
5379 1
5380 1
5381 4
5382 4
5383 1
5384 4
5385 1
5386 4
5387 2
5388 3
5389 2
5390 1
5391 3
5392 3
5393 4
5394 3
5395 4
5396 1
5397 1
5398 3
5399 4
5400 1
5401 1
5402 4
5403 2
5404 -1
5405 4
5406 3
5407 1
5408 1
5409 2
5410 4
5411 4
5412 2
5413 1
5414 4
5415 -1
5416 4
5417 2
5418 4
5419 3
5420 3
5421 0
5422 4
5423 2
5424 3
5425 3
5426 3
5427 3
5428 3
5429 3
5430 3
5431 3
5432 1
5433 3
5434 3
5435 4
5436 1
5437 3
5438 1
5439 3
5440 4
5441 4
5442 3
5443 2
5444 4
5445 1
5446 2
5447 3
5448 3
5449 4
5450 3
5451 3
5452 0
5453 4
5454 3
5455 4
5456 0
5457 4
5458 3
5459 3
5460 2
5461 4
5462 4
5463 3
5464 2
5465 3
5466 3
5467 3
5468 3
5469 2
5470 3
5471 2
5472 4
5473 2
5474 3
5475 -1
5476 3
5477 2
5478 4
5479 3
5480 4
5481 1
5482 3
5483 4
5484 1
5485 4
5486 1
5487 2
5488 0
5489 4
5490 4
5491 3
5492 4
5493 2
5494 1
5495 3
5496 1
5497 3
5498 3
5499 3
5500 4
5501 4
5502 -1
5503 3
5504 3
5505 2
5506 3
5507 4
5508 1
5509 2
5510 4
5511 4
5512 4
5513 1
5514 3
5515 1
5516 3
5517 4
5518 2
5519 3
5520 3
5521 3
5522 4
5523 2
5524 3
5525 3
5526 3
5527 2
5528 2
5529 2
5530 4
5531 3
5532 3
5533 3
5534 4
5535 2
5536 2
5537 2
5538 3
5539 3
5540 3
5541 3
5542 3
5543 4
5544 4
5545 2
5546 4
5547 3
5548 2
5549 3
5550 4
5551 3
5552 3
5553 4
5554 1
5555 3
5556 4
5557 3
5558 2
5559 1
5560 3
5561 3
5562 4
5563 3
5564 1
5565 4
5566 2
5567 3
5568 0
5569 4
5570 1
5571 3
5572 3
5573 4
5574 3
5575 0
5576 3
5577 3
5578 3
5579 4
5580 4
5581 2
5582 4
5583 1
5584 4
5585 3
5586 2
5587 3
5588 3
5589 3
5590 3
5591 1
5592 1
5593 1
5594 1
5595 4
5596 2
5597 0
5598 3
5599 4
5600 2
5601 4
5602 1
5603 3
5604 4
5605 4
5606 3
5607 2
5608 3
5609 1
5610 3
5611 1
5612 3
5613 2
5614 1
5615 3
5616 4
5617 2
5618 1
5619 1
5620 1
5621 1
5622 2
5623 2
5624 0
5625 4
5626 1
5627 3
5628 3
5629 4
5630 3
5631 4
5632 1
5633 1
5634 3
5635 4
5636 1
5637 3
5638 2
5639 3
5640 3
5641 1
5642 2
5643 3
5644 4
5645 1
5646 3
5647 4
5648 3
5649 4
5650 4
5651 2
5652 3
5653 1
5654 3
5655 3
5656 1
5657 2
5658 3
5659 3
5660 1
5661 3
5662 1
5663 1
5664 4
5665 1
5666 1
5667 2
5668 1
5669 2
5670 4
5671 3
5672 2
5673 1
5674 1
5675 4
5676 3
5677 3
5678 3
5679 3
5680 2
5681 0
5682 3
5683 1
5684 3
5685 1
5686 0
5687 3
5688 4
5689 0
5690 3
5691 3
5692 3
5693 0
5694 3
5695 4
5696 1
5697 3
5698 3
5699 3
5700 0
5701 2
5702 3
5703 3
5704 4
5705 3
5706 4
5707 3
5708 3
5709 3
5710 4
5711 3
5712 4
5713 1
5714 3
5715 3
5716 2
5717 4
5718 0
5719 3
5720 3
5721 3
5722 3
5723 3
5724 1
5725 1
5726 3
5727 4
5728 3
5729 3
5730 0
5731 4
5732 3
5733 1
5734 3
5735 3
5736 1
5737 3
5738 2
5739 3
5740 0
5741 3
5742 3
5743 4
5744 3
5745 1
5746 1
5747 4
5748 1
5749 3
5750 2
5751 3
5752 1
5753 3
5754 0
5755 3
5756 3
5757 3
5758 3
5759 1
5760 1
5761 3
5762 3
5763 0
5764 2
5765 1
5766 4
5767 2
5768 4
5769 4
5770 3
5771 4
5772 3
5773 2
5774 3
5775 2
5776 4
5777 3
5778 3
5779 3
5780 1
5781 4
5782 3
5783 3
5784 1
5785 3
5786 2
5787 1
5788 4
5789 2
5790 3
5791 0
5792 1
5793 3
5794 3
5795 3
5796 4
5797 3
5798 4
5799 3
5800 3
5801 3
5802 2
5803 4
5804 3
5805 3
5806 0
5807 1
5808 4
5809 3
5810 1
5811 4
5812 2
5813 0
5814 1
5815 1
5816 4
5817 3
5818 1
5819 0
5820 2
5821 4
5822 2
5823 1
5824 3
5825 4
5826 0
5827 2
5828 3
5829 2
5830 2
5831 3
5832 4
5833 2
5834 3
5835 3
5836 3
5837 3
5838 2
5839 2
5840 3
5841 2
5842 3
5843 1
5844 1
5845 3
5846 3
5847 3
5848 4
5849 2
5850 4
5851 4
5852 2
5853 2
5854 0
5855 3
5856 3
5857 1
5858 2
5859 1
5860 1
5861 3
5862 4
5863 2
5864 1
5865 3
5866 4
5867 3
5868 3
5869 3
5870 0
5871 3
5872 2
5873 3
5874 1
5875 3
5876 4
5877 3
5878 3
5879 4
5880 3
5881 1
5882 3
5883 3
5884 2
5885 1
5886 3
5887 4
5888 1
5889 3
5890 3
5891 4
5892 0
5893 3
5894 3
5895 3
5896 4
5897 3
5898 2
5899 3
5900 4
5901 3
5902 2
5903 4
5904 2
5905 2
5906 0
5907 3
5908 4
5909 3
5910 3
5911 3
5912 4
5913 0
5914 1
5915 4
5916 3
5917 4
5918 3
5919 2
5920 1
5921 -1
5922 4
5923 3
5924 1
5925 -1
5926 3
5927 3
5928 3
5929 3
5930 4
5931 4
5932 3
5933 1
5934 3
5935 3
5936 4
5937 1
5938 3
5939 1
5940 1
5941 3
5942 2
5943 3
5944 1
5945 4
5946 3
5947 3
5948 3
5949 3
5950 2
5951 3
5952 2
5953 4
5954 3
5955 3
5956 2
5957 3
5958 0
5959 4
5960 4
5961 1
5962 2
5963 1
5964 1
5965 2
5966 1
5967 1
5968 2
5969 3
5970 4
5971 4
5972 3
5973 3
5974 4
5975 4
5976 2
5977 2
5978 3
5979 4
5980 2
5981 3
5982 4
5983 3
5984 4
5985 0
5986 4
5987 4
5988 3
5989 3
5990 3
5991 3
5992 3
5993 4
5994 3
5995 1
5996 3
5997 3
5998 2
5999 4
6000 0
6001 3
6002 4
6003 3
6004 4
6005 3
6006 3
6007 1
6008 2
6009 0
6010 2
6011 2
6012 4
6013 3
6014 3
6015 3
6016 4
6017 3
6018 3
6019 0
6020 4
6021 3
6022 4
6023 1
6024 3
6025 3
6026 3
6027 4
6028 4
6029 4
6030 2
6031 3
6032 4
6033 3
6034 1
6035 1
6036 1
6037 4
6038 2
6039 4
6040 0
6041 4
6042 1
6043 4
6044 0
6045 4
6046 3
6047 4
6048 4
6049 3
6050 3
6051 2
6052 3
6053 0
6054 2
6055 2
6056 2
6057 4
6058 1
6059 4
6060 3
6061 3
6062 1
6063 2
6064 1
6065 3
6066 3
6067 2
6068 3
6069 2
6070 3
6071 4
6072 3
6073 1
6074 2
6075 1
6076 3
6077 1
6078 2
6079 0
6080 0
6081 4
6082 2
6083 4
6084 4
6085 3
6086 2
6087 0
6088 4
6089 3
6090 0
6091 4
6092 1
6093 3
6094 4
6095 2
6096 1
6097 4
6098 3
6099 4
6100 3
6101 3
6102 3
6103 0
6104 4
6105 4
6106 1
6107 4
6108 3
6109 4
6110 3
6111 0
6112 4
6113 3
6114 4
6115 2
6116 3
6117 4
6118 2
6119 3
6120 1
6121 3
6122 1
6123 4
6124 1
6125 2
6126 0
6127 2
6128 1
6129 4
6130 4
6131 3
6132 1
6133 3
6134 4
6135 2
6136 4
6137 1
6138 1
6139 4
6140 2
6141 3
6142 4
6143 4
6144 3
6145 3
6146 4
6147 4
6148 2
6149 3
6150 4
6151 1
6152 4
6153 4
6154 4
6155 1
6156 3
6157 3
6158 4
6159 1
6160 3
6161 4
6162 3
6163 2
6164 2
6165 1
6166 1
6167 4
6168 2
6169 3
6170 4
6171 1
6172 4
6173 3
6174 1
6175 4
6176 3
6177 -1
6178 1
6179 2
6180 4
6181 3
6182 4
6183 3
6184 3
6185 3
6186 2
6187 1
6188 3
6189 3
6190 1
6191 3
6192 2
6193 3
6194 1
6195 4
6196 3
6197 3
6198 1
6199 2
6200 3
6201 4
6202 3
6203 3
6204 4
6205 0
6206 3
6207 3
6208 1
6209 3
6210 4
6211 3
6212 3
6213 2
6214 3
6215 3
6216 1
6217 3
6218 4
6219 4
6220 1
6221 4
6222 3
6223 3
6224 0
6225 4
6226 2
6227 4
6228 3
6229 4
6230 3
6231 1
6232 3
6233 4
6234 3
6235 1
6236 3
6237 2
6238 3
6239 3
6240 0
6241 4
6242 3
6243 3
6244 3
6245 3
6246 3
6247 1
6248 3
6249 0
6250 3
6251 3
6252 3
6253 2
6254 3
6255 4
6256 4
6257 2
6258 1
6259 3
6260 3
6261 4
6262 3
6263 4
6264 3
6265 2
6266 1
6267 3
6268 2
6269 2
6270 3
6271 3
6272 4
6273 4
6274 4
6275 2
6276 3
6277 3
6278 4
6279 4
6280 3
6281 4
6282 3
6283 4
6284 3
6285 1
6286 3
6287 4
6288 3
6289 3
6290 0
6291 3
6292 3
6293 3
6294 4
6295 2
6296 1
6297 3
6298 1
6299 1
6300 3
6301 1
6302 2
6303 0
6304 3
6305 2
6306 1
6307 4
6308 1
6309 0
6310 4
6311 4
6312 3
6313 0
6314 0
6315 4
6316 1
6317 3
6318 3
6319 1
6320 1
6321 3
6322 1
6323 3
6324 2
6325 4
6326 3
6327 3
6328 3
6329 4
6330 4
6331 4
6332 1
6333 3
6334 1
6335 4
6336 3
6337 4
6338 3
6339 3
6340 4
6341 3
6342 3
6343 2
6344 3
6345 2
6346 4
6347 3
6348 4
6349 1
6350 4
6351 0
6352 4
6353 1
6354 3
6355 3
6356 1
6357 4
6358 3
6359 4
6360 3
6361 4
6362 2
6363 3
6364 0
6365 3
6366 2
6367 2
6368 3
6369 1
6370 4
6371 4
6372 1
6373 3
6374 -1
6375 3
6376 4
6377 1
6378 4
6379 4
6380 1
6381 2
6382 2
6383 4
6384 3
6385 4
6386 4
6387 0
6388 4
6389 3
6390 2
6391 0
6392 4
6393 1
6394 2
6395 1
6396 1
6397 4
6398 2
6399 3
6400 1
6401 3
6402 3
6403 4
6404 2
6405 3
6406 4
6407 3
6408 3
6409 4
6410 2
6411 3
6412 3
6413 3
6414 4
6415 4
6416 1
6417 3
6418 -1
6419 3
6420 3
6421 3
6422 1
6423 2
6424 4
6425 0
6426 2
6427 3
6428 4
6429 1
6430 2
6431 3
6432 4
6433 4
6434 3
6435 3
6436 0
6437 3
6438 3
6439 2
6440 4
6441 1
6442 0
6443 3
6444 3
6445 3
6446 3
6447 1
6448 2
6449 3
6450 3
6451 3
6452 3
6453 4
6454 0
6455 4
6456 3
6457 0
6458 3
6459 2
6460 0
6461 4
6462 3
6463 3
6464 3
6465 3
6466 0
6467 3
6468 2
6469 4
6470 3
6471 2
6472 4
6473 3
6474 3
6475 4
6476 1
6477 3
6478 2
6479 0
6480 2
6481 1
6482 4
6483 3
6484 3
6485 4
6486 1
6487 3
6488 0
6489 4
6490 3
6491 3
6492 1
6493 0
6494 1
6495 4
6496 3
6497 4
6498 1
6499 4
6500 2
6501 4
6502 3
6503 3
6504 4
6505 4
6506 3
6507 4
6508 3
6509 3
6510 3
6511 1
6512 2
6513 3
6514 0
6515 1
6516 3
6517 4
6518 3
6519 3
6520 3
6521 4
6522 1
6523 3
6524 4
6525 3
6526 3
6527 1
6528 2
6529 4
6530 -1
6531 3
6532 1
6533 3
6534 3
6535 3
6536 4
6537 4
6538 1
6539 3
6540 1
6541 3
6542 1
6543 3
6544 4
6545 3
6546 2
6547 4
6548 1
6549 4
6550 2
6551 1
6552 0
6553 3
6554 3
6555 2
6556 3
6557 3
6558 3
6559 2
6560 2
6561 3
6562 2
6563 0
6564 2
6565 3
6566 3
6567 2
6568 1
6569 3
6570 3
6571 4
6572 3
6573 1
6574 4
6575 2
6576 2
6577 3
6578 2
6579 0
6580 3
6581 0
6582 3
6583 3
6584 0
6585 3
6586 3
6587 2
6588 2
6589 3
6590 3
6591 0
6592 2
6593 2
6594 3
6595 2
6596 4
6597 0
6598 4
6599 3
6600 4
6601 3
6602 3
6603 3
6604 1
6605 3
6606 1
6607 3
6608 2
6609 4
6610 3
6611 4
6612 4
6613 2
6614 3
6615 3
6616 3
6617 2
6618 1
6619 3
6620 4
6621 4
6622 1
6623 3
6624 3
6625 1
6626 4
6627 4
6628 3
6629 2
6630 4
6631 3
6632 4
6633 4
6634 4
6635 1
6636 4
6637 4
6638 3
6639 2
6640 4
6641 3
6642 0
6643 4
6644 1
6645 3
6646 3
6647 0
6648 2
6649 2
6650 3
6651 3
6652 1
6653 1
6654 0
6655 2
6656 3
6657 3
6658 4
6659 3
6660 0
6661 3
6662 1
6663 4
6664 4
6665 1
6666 4
6667 1
6668 0
6669 1
6670 3
6671 4
6672 3
6673 3
6674 3
6675 3
6676 2
6677 2
6678 3
6679 1
6680 1
6681 4
6682 3
6683 3
6684 3
6685 2
6686 3
6687 4
6688 2
6689 4
6690 2
6691 3
6692 3
6693 3
6694 0
6695 4
6696 4
6697 3
6698 3
6699 0
6700 2
6701 3
6702 3
6703 4
6704 3
6705 4
6706 1
6707 3
6708 1
6709 3
6710 1
6711 4
6712 3
6713 2
6714 2
6715 3
6716 1
6717 3
6718 2
6719 3
6720 1
6721 4
6722 4
6723 1
6724 3
6725 4
6726 3
6727 3
6728 0
6729 4
6730 4
6731 3
6732 4
6733 3
6734 3
6735 1
6736 1
6737 4
6738 3
6739 3
6740 3
6741 4
6742 0
6743 4
6744 2
6745 4
6746 1
6747 4
6748 3
6749 1
6750 1
6751 4
6752 3
6753 4
6754 1
6755 3
6756 3
6757 2
6758 0
6759 2
6760 3
6761 4
6762 2
6763 1
6764 3
6765 0
6766 0
6767 4
6768 3
6769 4
6770 3
6771 2
6772 3
6773 3
6774 1
6775 1
6776 3
6777 4
6778 2
6779 1
6780 2
6781 4
6782 4
6783 4
6784 2
6785 0
6786 4
6787 2
6788 3
6789 3
6790 3
6791 4
6792 3
6793 4
6794 3
6795 0
6796 1
6797 4
6798 0
6799 4
6800 1
6801 0
6802 1
6803 1
6804 1
6805 4
6806 3
6807 1
6808 4
6809 4
6810 1
6811 1
6812 1
6813 1
6814 3
6815 0
6816 3
6817 1
6818 4
6819 3
6820 4
6821 2
6822 2
6823 4
6824 1
6825 3
6826 3
6827 -1
6828 0
6829 2
6830 4
6831 4
6832 3
6833 3
6834 2
6835 3
6836 4
6837 2
6838 3
6839 4
6840 3
6841 3
6842 4
6843 1
6844 4
6845 3
6846 4
6847 3
6848 1
6849 4
6850 1
6851 4
6852 0
6853 3
6854 4
6855 3
6856 4
6857 3
6858 4
6859 2
6860 3
6861 3
6862 1
6863 3
6864 3
6865 4
6866 4
6867 3
6868 4
6869 2
6870 0
6871 1
6872 1
6873 3
6874 3
6875 2
6876 4
6877 3
6878 3
6879 2
6880 0
6881 4
6882 2
6883 4
6884 3
6885 4
6886 3
6887 1
6888 3
6889 4
6890 4
6891 0
6892 3
6893 3
6894 2
6895 2
6896 1
6897 3
6898 1
6899 0
6900 3
6901 3
6902 2
6903 2
6904 3
6905 4
6906 2
6907 3
6908 2
6909 1
6910 4
6911 2
6912 2
6913 3
6914 4
6915 3
6916 3
6917 4
6918 3
6919 1
6920 4
6921 3
6922 3
6923 4
6924 3
6925 4
6926 3
6927 1
6928 3
6929 3
6930 2
6931 2
6932 3
6933 4
6934 3
6935 4
6936 4
6937 4
6938 3
6939 4
6940 3
6941 3
6942 0
6943 4
6944 3
6945 4
6946 2
6947 3
6948 4
6949 4
6950 3
6951 4
6952 -1
6953 3
6954 3
6955 2
6956 4
6957 1
6958 3
6959 3
6960 4
6961 4
6962 1
6963 4
6964 1
6965 2
6966 2
6967 1
6968 3
6969 3
6970 1
6971 4
6972 3
6973 3
6974 3
6975 4
6976 4
6977 4
6978 0
6979 0
6980 3
6981 4
6982 3
6983 4
6984 1
6985 4
6986 2
6987 2
6988 4
6989 2
6990 -1
6991 0
6992 1
6993 3
6994 4
6995 4
6996 3
6997 1
6998 4
6999 4
7000 4
7001 1
7002 0
7003 2
7004 4
7005 3
7006 1
7007 4
7008 0
7009 3
7010 3
7011 4
7012 4
7013 3
7014 4
7015 4
7016 3
7017 4
7018 4
7019 1
7020 1
7021 4
7022 0
7023 2
7024 4
7025 1
7026 3
7027 4
7028 2
7029 4
7030 3
7031 1
7032 2
7033 1
7034 4
7035 3
7036 4
7037 3
7038 3
7039 3
7040 3
7041 3
7042 3
7043 1
7044 3
7045 3
7046 3
7047 2
7048 2
7049 1
7050 2
7051 3
7052 4
7053 0
7054 0
7055 2
7056 4
7057 4
7058 1
7059 4
7060 4
7061 2
7062 2
7063 4
7064 3
7065 4
7066 1
7067 0
7068 2
7069 4
7070 3
7071 1
7072 1
7073 1
7074 3
7075 2
7076 3
7077 1
7078 1
7079 4
7080 3
7081 3
7082 3
7083 3
7084 4
7085 3
7086 2
7087 3
7088 4
7089 3
7090 4
7091 4
7092 4
7093 4
7094 4
7095 3
7096 2
7097 4
7098 2
7099 3
7100 4
7101 1
7102 4
7103 3
7104 2
7105 3
7106 3
7107 3
7108 3
7109 3
7110 3
7111 3
7112 0
7113 1
7114 4
7115 4
7116 3
7117 4
7118 3
7119 2
7120 4
7121 1
7122 4
7123 0
7124 3
7125 3
7126 4
7127 4
7128 2
7129 0
7130 2
7131 2
7132 3
7133 4
7134 2
7135 4
7136 3
7137 3
7138 4
7139 2
7140 0
7141 4
7142 0
7143 1
7144 1
7145 1
7146 1
7147 4
7148 1
7149 0
7150 3
7151 3
7152 3
7153 1
7154 3
7155 4
7156 3
7157 4
7158 3
7159 3
7160 4
7161 2
7162 4
7163 1
7164 2
7165 4
7166 3
7167 2
7168 1
7169 1
7170 4
7171 4
7172 3
7173 3
7174 0
7175 3
7176 2
7177 3
7178 3
7179 3
7180 4
7181 3
7182 2
7183 4
7184 3
7185 2
7186 2
7187 3
7188 4
7189 1
7190 2
7191 4
7192 3
7193 4
7194 4
7195 4
7196 3
7197 3
7198 0
7199 3
7200 3
7201 2
7202 4
7203 4
7204 0
7205 4
7206 4
7207 3
7208 3
7209 2
7210 1
7211 1
7212 4
7213 1
7214 1
7215 4
7216 0
7217 4
7218 3
7219 4
7220 3
7221 4
7222 2
7223 3
7224 1
7225 1
7226 3
7227 4
7228 1
7229 4
7230 2
7231 1
7232 4
7233 3
7234 2
7235 3
7236 2
7237 4
7238 1
7239 1
7240 4
7241 3
7242 3
7243 3
7244 1
7245 3
7246 0
7247 4
7248 2
7249 4
7250 3
7251 4
7252 3
7253 2
7254 1
7255 4
7256 3
7257 1
7258 4
7259 3
7260 3
7261 1
7262 1
7263 1
7264 2
7265 4
7266 4
7267 2
7268 2
7269 1
7270 2
7271 4
7272 4
7273 1
7274 2
7275 3
7276 1
7277 3
7278 3
7279 2
7280 4
7281 0
7282 4
7283 1
7284 2
7285 3
7286 1
7287 4
7288 2
7289 2
7290 3
7291 4
7292 0
7293 4
7294 3
7295 4
7296 1
7297 2
7298 3
7299 3
7300 2
7301 3
7302 4
7303 4
7304 3
7305 3
7306 1
7307 0
7308 1
7309 3
7310 0
7311 2
7312 1
7313 4
7314 3
7315 0
7316 3
7317 3
7318 2
7319 3
7320 3
7321 2
7322 3
7323 2
7324 2
7325 4
7326 -1
7327 3
7328 2
7329 2
7330 1
7331 2
7332 4
7333 1
7334 4
7335 1
7336 2
7337 3
7338 0
7339 4
7340 1
7341 4
7342 2
7343 3
7344 3
7345 3
7346 0
7347 2
7348 1
7349 2
7350 2
7351 2
7352 3
7353 2
7354 2
7355 3
7356 3
7357 4
7358 3
7359 3
7360 1
7361 4
7362 2
7363 2
7364 1
7365 1
7366 1
7367 0
7368 2
7369 3
7370 3
7371 4
7372 4
7373 4
7374 4
7375 3
7376 3
7377 3
7378 3
7379 1
7380 4
7381 3
7382 1
7383 2
7384 4
7385 4
7386 3
7387 3
7388 1
7389 1
7390 2
7391 3
7392 2
7393 4
7394 3
7395 3
7396 2
7397 3
7398 3
7399 3
7400 3
7401 3
7402 2
7403 3
7404 1
7405 3
7406 4
7407 3
7408 3
7409 3
7410 3
7411 4
7412 3
7413 4
7414 4
7415 3
7416 3
7417 3
7418 0
7419 0
7420 4
7421 4
7422 1
7423 1
7424 3
7425 3
7426 1
7427 1
7428 4
7429 2
7430 3
7431 4
7432 3
7433 3
7434 4
7435 2
7436 1
7437 1
7438 3
7439 4
7440 3
7441 3
7442 3
7443 1
7444 0
7445 3
7446 3
7447 3
7448 1
7449 3
7450 1
7451 4
7452 4
7453 3
7454 1
7455 4
7456 4
7457 2
7458 2
7459 1
7460 2
7461 3
7462 1
7463 2
7464 4
7465 2
7466 3
7467 4
7468 3
7469 3
7470 1
7471 3
7472 3
7473 2
7474 4
7475 4
7476 3
7477 4
7478 4
7479 4
7480 0
7481 3
7482 3
7483 0
7484 2
7485 3
7486 1
7487 3
7488 2
7489 3
7490 3
7491 1
7492 3
7493 1
7494 1
7495 2
7496 2
7497 1
7498 4
7499 3
7500 4
7501 3
7502 3
7503 3
7504 2
7505 3
7506 3
7507 2
7508 4
7509 1
7510 3
7511 4
7512 3
7513 3
7514 3
7515 3
7516 3
7517 3
7518 4
7519 0
7520 3
7521 0
7522 0
7523 4
7524 2
7525 3
7526 2
7527 4
7528 2
7529 3
7530 3
7531 3
7532 3
7533 4
7534 1
7535 1
7536 1
7537 3
7538 4
7539 4
7540 3
7541 0
7542 2
7543 3
7544 4
7545 0
7546 3
7547 4
7548 3
7549 2
7550 3
7551 3
7552 2
7553 2
7554 2
7555 4
7556 2
7557 0
7558 2
7559 3
7560 4
7561 3
7562 2
7563 4
7564 3
7565 3
7566 4
7567 3
7568 3
7569 4
7570 3
7571 3
7572 0
7573 4
7574 3
7575 3
7576 4
7577 1
7578 2
7579 1
7580 4
7581 3
7582 4
7583 1
7584 2
7585 3
7586 1
7587 1
7588 3
7589 1
7590 4
7591 0
7592 3
7593 3
7594 1
7595 4
7596 3
7597 4
7598 1
7599 3
7600 1
7601 4
7602 4
7603 0
7604 4
7605 3
7606 3
7607 1
7608 3
7609 2
7610 1
7611 3
7612 2
7613 3
7614 4
7615 2
7616 4
7617 4
7618 4
7619 1
7620 3
7621 4
7622 2
7623 1
7624 3
7625 4
7626 1
7627 0
7628 2
7629 1
7630 3
7631 4
7632 0
7633 -1
7634 3
7635 4
7636 1
7637 3
7638 1
7639 4
7640 3
7641 3
7642 4
7643 3
7644 4
7645 3
7646 3
7647 3
7648 4
7649 2
7650 3
7651 4
7652 3
7653 -1
7654 3
7655 1
7656 3
7657 3
7658 3
7659 4
7660 4
7661 3
7662 2
7663 4
7664 2
7665 0
7666 3
7667 1
7668 4
7669 1
7670 4
7671 1
7672 3
7673 2
7674 1
7675 3
7676 1
7677 3
7678 4
7679 3
7680 3
7681 4
7682 3
7683 3
7684 3
7685 2
7686 0
7687 4
7688 3
7689 3
7690 3
7691 2
7692 0
7693 4
7694 0
7695 4
7696 0
7697 0
7698 3
7699 0
7700 3
7701 3
7702 3
7703 3
7704 0
7705 2
7706 4
7707 4
7708 2
7709 3
7710 3
7711 4
7712 3
7713 3
7714 4
7715 1
7716 1
7717 4
7718 1
7719 4
7720 1
7721 3
7722 4
7723 3
7724 3
7725 2
7726 4
7727 3
7728 3
7729 3
7730 4
7731 4
7732 3
7733 2
7734 1
7735 3
7736 3
7737 1
7738 4
7739 1
7740 4
7741 2
7742 3
7743 1
7744 4
7745 4
7746 2
7747 3
7748 2
7749 4
7750 -1
7751 3
7752 3
7753 1
7754 1
7755 3
7756 4
7757 4
7758 4
7759 4
7760 4
7761 4
7762 4
7763 3
7764 3
7765 0
7766 3
7767 3
7768 4
7769 2
7770 3
7771 4
7772 4
7773 3
7774 3
7775 4
7776 4
7777 3
7778 1
7779 4
7780 2
7781 1
7782 2
7783 4
7784 2
7785 3
7786 3
7787 4
7788 4
7789 0
7790 1
7791 3
7792 1
7793 3
7794 3
7795 1
7796 1
7797 4
7798 -1
7799 3
7800 4
7801 3
7802 2
7803 2
7804 3
7805 3
7806 1
7807 1
7808 4
7809 4
7810 2
7811 4
7812 3
7813 3
7814 0
7815 2
7816 3
7817 2
7818 2
7819 1
7820 1
7821 1
7822 3
7823 4
7824 0
7825 4
7826 3
7827 3
7828 3
7829 3
7830 4
7831 2
7832 3
7833 3
7834 4
7835 4
7836 3
7837 3
7838 4
7839 3
7840 3
7841 3
7842 0
7843 0
7844 0
7845 4
7846 4
7847 4
7848 1
7849 4
7850 2
7851 4
7852 -1
7853 3
7854 2
7855 2
7856 2
7857 3
7858 3
7859 3
7860 2
7861 3
7862 1
7863 3
7864 3
7865 3
7866 2
7867 1
7868 2
7869 3
7870 2
7871 2
7872 3
7873 3
7874 3
7875 3
7876 3
7877 3
7878 2
7879 3
7880 4
7881 2
7882 4
7883 2
7884 0
7885 3
7886 3
7887 3
7888 1
7889 3
7890 4
7891 4
7892 4
7893 4
7894 2
7895 2
7896 2
7897 0
7898 1
7899 3
7900 4
7901 4
7902 3
7903 2
7904 3
7905 2
7906 3
7907 2
7908 4
7909 3
7910 4
7911 3
7912 3
7913 0
7914 2
7915 4
7916 0
7917 0
7918 2
7919 1
7920 3
7921 4
7922 -1
7923 2
7924 3
7925 2
7926 3
7927 3
7928 2
7929 3
7930 2
7931 3
7932 3
7933 4
7934 4
7935 4
7936 3
7937 2
7938 3
7939 2
7940 4
7941 4
7942 3
7943 3
7944 2
7945 3
7946 2
7947 4
7948 3
7949 3
7950 4
7951 1
7952 3
7953 4
7954 4
7955 0
7956 3
7957 4
7958 2
7959 4
7960 4
7961 4
7962 4
7963 2
7964 0
7965 0
7966 0
7967 1
7968 1
7969 4
7970 4
7971 3
7972 1
7973 3
7974 3
7975 3
7976 4
7977 3
7978 1
7979 3
7980 1
7981 2
7982 2
7983 1
7984 3
7985 4
7986 4
7987 3
7988 0
7989 4
7990 1
7991 2
7992 4
7993 4
7994 2
7995 3
7996 0
7997 4
7998 1
7999 2
8000 0
8001 3
8002 3
8003 3
8004 4
8005 4
8006 2
8007 4
8008 1
8009 3
8010 3
8011 1
8012 2
8013 4
8014 4
8015 0
8016 3
8017 0
8018 4
8019 3
8020 1
8021 3
8022 3
8023 3
8024 3
8025 3
8026 4
8027 1
8028 3
8029 3
8030 0
8031 3
8032 1
8033 3
8034 3
8035 3
8036 3
8037 3
8038 3
8039 2
8040 3
8041 3
8042 2
8043 4
8044 2
8045 -1
8046 1
8047 3
8048 4
8049 3
8050 0
8051 2
8052 4
8053 4
8054 3
8055 3
8056 3
8057 -1
8058 3
8059 4
8060 0
8061 4
8062 2
8063 4
8064 1
8065 3
8066 2
8067 2
8068 3
8069 3
8070 3
8071 2
8072 4
8073 3
8074 2
8075 1
8076 3
8077 3
8078 -1
8079 4
8080 1
8081 2
8082 4
8083 4
8084 3
8085 2
8086 3
8087 0
8088 3
8089 1
8090 3
8091 0
8092 4
8093 3
8094 3
8095 3
8096 3
8097 2
8098 4
8099 1
8100 4
8101 3
8102 3
8103 3
8104 3
8105 3
8106 2
8107 3
8108 3
8109 4
8110 2
8111 3
8112 0
8113 1
8114 3
8115 1
8116 4
8117 2
8118 2
8119 4
8120 3
8121 1
8122 1
8123 3
8124 3
8125 3
8126 3
8127 0
8128 4
8129 3
8130 3
8131 4
8132 3
8133 2
8134 3
8135 3
8136 3
8137 1
8138 3
8139 3
8140 3
8141 2
8142 3
8143 1
8144 3
8145 3
8146 1
8147 4
8148 0
8149 3
8150 1
8151 3
8152 2
8153 1
8154 4
8155 3
8156 4
8157 3
8158 1
8159 3
8160 4
8161 3
8162 3
8163 3
8164 3
8165 4
8166 4
8167 1
8168 1
8169 3
8170 2
8171 0
8172 3
8173 2
8174 2
8175 3
8176 3
8177 4
8178 4
8179 2
8180 1
8181 2
8182 3
8183 3
8184 3
8185 3
8186 1
8187 3
8188 1
8189 2
8190 3
8191 4
8192 3
8193 4
8194 4
8195 2
8196 3
8197 4
8198 2
8199 2
8200 3
8201 3
8202 4
8203 2
8204 2
8205 3
8206 2
8207 2
8208 4
8209 4
8210 3
8211 1
8212 -1
8213 4
8214 3
8215 1
8216 4
8217 1
8218 1
8219 1
8220 2
8221 3
8222 4
8223 1
8224 4
8225 4
8226 -1
8227 3
8228 1
8229 2
8230 4
8231 3
8232 -1
8233 2
8234 3
8235 2
8236 3
8237 2
8238 3
8239 1
8240 4
8241 4
8242 0
8243 3
8244 1
8245 4
8246 4
8247 3
8248 4
8249 3
8250 1
8251 4
8252 3
8253 1
8254 3
8255 3
8256 4
8257 2
8258 3
8259 4
8260 4
8261 2
8262 3
8263 4
8264 4
8265 4
8266 3
8267 2
8268 4
8269 3
8270 3
8271 4
8272 3
8273 1
8274 4
8275 0
8276 4
8277 2
8278 4
8279 2
8280 1
8281 3
8282 1
8283 4
8284 4
8285 1
8286 2
8287 3
8288 0
8289 1
8290 3
8291 4
8292 2
8293 3
8294 4
8295 3
8296 3
8297 3
8298 4
8299 0
8300 3
8301 3
8302 1
8303 1
8304 4
8305 1
8306 1
8307 3
8308 2
8309 4
8310 4
8311 2
8312 4
8313 3
8314 2
8315 2
8316 1
8317 4
8318 3
8319 1
8320 1
8321 4
8322 0
8323 4
8324 0
8325 3
8326 3
8327 4
8328 4
8329 4
8330 1
8331 1
8332 4
8333 3
8334 4
8335 1
8336 3
8337 3
8338 2
8339 3
8340 2
8341 3
8342 2
8343 2
8344 4
8345 3
8346 3
8347 4
8348 4
8349 1
8350 4
8351 4
8352 3
8353 0
8354 3
8355 3
8356 4
8357 2
8358 1
8359 2
8360 3
8361 0
8362 3
8363 3
8364 4
8365 1
8366 2
8367 3
8368 2
8369 -1
8370 3
8371 2
8372 3
8373 2
8374 3
8375 4
8376 4
8377 4
8378 2
8379 4
8380 3
8381 3
8382 1
8383 3
8384 3
8385 3
8386 4
8387 3
8388 3
8389 3
8390 3
8391 2
8392 4
8393 4
8394 0
8395 3
8396 2
8397 1
8398 3
8399 1
8400 2
8401 2
8402 4
8403 4
8404 4
8405 3
8406 2
8407 -1
8408 4
8409 4
8410 3
8411 3
8412 4
8413 3
8414 3
8415 2
8416 3
8417 4
8418 3
8419 1
8420 -1
8421 4
8422 0
8423 4
8424 4
8425 2
8426 3
8427 3
8428 3
8429 4
8430 1
8431 3
8432 2
8433 4
8434 2
8435 4
8436 4
8437 4
8438 4
8439 4
8440 3
8441 4
8442 4
8443 3
8444 4
8445 3
8446 4
8447 2
8448 4
8449 3
8450 1
8451 3
8452 3
8453 3
8454 4
8455 2
8456 4
8457 2
8458 0
8459 3
8460 1
8461 1
8462 3
8463 4
8464 3
8465 2
8466 4
8467 3
8468 3
8469 4
8470 3
8471 2
8472 0
8473 1
8474 3
8475 0
8476 1
8477 4
8478 3
8479 3
8480 3
8481 2
8482 0
8483 1
8484 1
8485 0
8486 3
8487 1
8488 1
8489 4
8490 1
8491 4
8492 3
8493 3
8494 3
8495 3
8496 1
8497 1
8498 3
8499 1
8500 2
8501 0
8502 4
8503 4
8504 2
8505 1
8506 3
8507 2
8508 4
8509 4
8510 3
8511 1
8512 4
8513 1
8514 2
8515 3
8516 3
8517 3
8518 3
8519 4
8520 0
8521 4
8522 2
8523 1
8524 3
8525 1
8526 4
8527 3
8528 3
8529 1
8530 0
8531 3
8532 1
8533 2
8534 4
8535 3
8536 1
8537 2
8538 0
8539 2
8540 2
8541 4
8542 3
8543 1
8544 1
8545 3
8546 3
8547 3
8548 2
8549 2
8550 3
8551 1
8552 3
8553 2
8554 0
8555 2
8556 4
8557 0
8558 4
8559 2
8560 2
8561 4
8562 4
8563 1
8564 1
8565 3
8566 3
8567 4
8568 4
8569 3
8570 4
8571 3
8572 1
8573 3
8574 3
8575 4
8576 3
8577 4
8578 3
8579 1
8580 0
8581 3
8582 3
8583 3
8584 0
8585 3
8586 3
8587 4
8588 3
8589 3
8590 4
8591 3
8592 3
8593 0
8594 2
8595 2
8596 1
8597 0
8598 1
8599 3
8600 3
8601 4
8602 1
8603 0
8604 1
8605 4
8606 3
8607 2
8608 4
8609 3
8610 3
8611 1
8612 3
8613 2
8614 0
8615 1
8616 3
8617 3
8618 3
8619 3
8620 3
8621 1
8622 0
8623 4
8624 3
8625 4
8626 3
8627 2
8628 4
8629 3
8630 1
8631 3
8632 1
8633 1
8634 4
8635 4
8636 3
8637 3
8638 1
8639 1
8640 1
8641 3
8642 4
8643 3
8644 3
8645 2
8646 4
8647 3
8648 4
8649 1
8650 2
8651 2
8652 1
8653 3
8654 3
8655 4
8656 3
8657 3
8658 1
8659 3
8660 1
8661 4
8662 3
8663 2
8664 1
8665 1
8666 2
8667 3
8668 3
8669 1
8670 4
8671 1
8672 0
8673 0
8674 3
8675 2
8676 3
8677 4
8678 3
8679 3
8680 4
8681 1
8682 3
8683 4
8684 3
8685 3
8686 4
8687 4
8688 0
8689 4
8690 4
8691 3
8692 2
8693 2
8694 2
8695 1
8696 4
8697 3
8698 3
8699 3
8700 2
8701 3
8702 3
8703 3
8704 3
8705 4
8706 3
8707 2
8708 1
8709 0
8710 3
8711 4
8712 3
8713 3
8714 2
8715 2
8716 4
8717 3
8718 1
8719 3
8720 4
8721 2
8722 2
8723 1
8724 4
8725 1
8726 3
8727 3
8728 1
8729 0
8730 2
8731 4
8732 3
8733 3
8734 1
8735 3
8736 3
8737 4
8738 3
8739 0
8740 1
8741 2
8742 2
8743 2
8744 4
8745 4
8746 2
8747 2
8748 4
8749 3
8750 4
8751 2
8752 1
8753 4
8754 1
8755 1
8756 2
8757 2
8758 2
8759 3
8760 3
8761 4
8762 2
8763 4
8764 3
8765 3
8766 3
8767 3
8768 2
8769 3
8770 4
8771 3
8772 3
8773 3
8774 4
8775 4
8776 3
8777 2
8778 2
8779 3
8780 3
8781 4
8782 2
8783 2
8784 3
8785 4
8786 3
8787 3
8788 3
8789 3
8790 3
8791 0
8792 2
8793 0
8794 3
8795 3
8796 2
8797 4
8798 4
8799 3
8800 4
8801 3
8802 -1
8803 4
8804 4
8805 3
8806 3
8807 1
8808 1
8809 3
8810 0
8811 4
8812 3
8813 4
8814 2
8815 0
8816 3
8817 4
8818 3
8819 3
8820 1
8821 3
8822 4
8823 4
8824 2
8825 4
8826 3
8827 4
8828 3
8829 1
8830 3
8831 2
8832 0
8833 3
8834 2
8835 3
8836 3
8837 4
8838 2
8839 1
8840 1
8841 3
8842 3
8843 1
8844 2
8845 3
8846 2
8847 3
8848 3
8849 3
8850 1
8851 1
8852 4
8853 3
8854 2
8855 3
8856 2
8857 0
8858 1
8859 3
8860 3
8861 3
8862 2
8863 1
8864 2
8865 4
8866 2
8867 3
8868 4
8869 2
8870 1
8871 1
8872 3
8873 4
8874 4
8875 1
8876 1
8877 1
8878 3
8879 1
8880 4
8881 1
8882 1
8883 2
8884 0
8885 3
8886 1
8887 1
8888 3
8889 4
8890 3
8891 3
8892 1
8893 3
8894 4
8895 2
8896 3
8897 3
8898 3
8899 4
8900 2
8901 4
8902 3
8903 2
8904 4
8905 3
8906 1
8907 1
8908 3
8909 0
8910 4
8911 1
8912 4
8913 1
8914 4
8915 3
8916 1
8917 1
8918 1
8919 -1
8920 3
8921 4
8922 4
8923 3
8924 3
8925 3
8926 4
8927 4
8928 3
8929 3
8930 3
8931 2
8932 4
8933 2
8934 4
8935 2
8936 3
8937 3
8938 3
8939 1
8940 4
8941 3
8942 4
8943 3
8944 4
8945 1
8946 3
8947 3
8948 3
8949 4
8950 2
8951 4
8952 3
8953 0
8954 1
8955 4
8956 2
8957 4
8958 3
8959 3
8960 1
8961 2
8962 3
8963 3
8964 2
8965 2
8966 2
8967 0
8968 0
8969 0
8970 3
8971 4
8972 3
8973 2
8974 3
8975 3
8976 4
8977 3
8978 4
8979 0
8980 2
8981 4
8982 2
8983 3
8984 1
8985 4
8986 1
8987 1
8988 3
8989 3
8990 3
8991 2
8992 1
8993 4
8994 0
8995 -1
8996 3
8997 4
8998 3
8999 2
9000 2
9001 3
9002 1
9003 0
9004 0
9005 4
9006 4
9007 3
9008 1
9009 4
9010 2
9011 4
9012 4
9013 4
9014 3
9015 4
9016 3
9017 2
9018 0
9019 2
9020 1
9021 3
9022 3
9023 3
9024 4
9025 3
9026 0
9027 3
9028 2
9029 3
9030 3
9031 2
9032 1
9033 3
9034 4
9035 4
9036 3
9037 2
9038 1
9039 0
9040 1
9041 4
9042 3
9043 3
9044 3
9045 3
9046 1
9047 4
9048 1
9049 3
9050 3
9051 3
9052 3
9053 3
9054 4
9055 4
9056 0
9057 3
9058 3
9059 3
9060 3
9061 3
9062 3
9063 3
9064 1
9065 4
9066 0
9067 1
9068 4
9069 3
9070 2
9071 3
9072 3
9073 2
9074 3
9075 3
9076 3
9077 3
9078 1
9079 3
9080 3
9081 4
9082 4
9083 1
9084 4
9085 2
9086 4
9087 1
9088 2
9089 3
9090 1
9091 2
9092 1
9093 1
9094 0
9095 3
9096 2
9097 3
9098 3
9099 3
9100 3
9101 0
9102 2
9103 4
9104 -1
9105 3
9106 3
9107 4
9108 0
9109 1
9110 4
9111 3
9112 1
9113 3
9114 3
9115 4
9116 2
9117 3
9118 3
9119 4
9120 3
9121 1
9122 3
9123 2
9124 4
9125 1
9126 3
9127 3
9128 3
9129 2
9130 2
9131 3
9132 2
9133 4
9134 1
9135 -1
9136 4
9137 3
9138 4
9139 2
9140 3
9141 3
9142 4
9143 2
9144 1
9145 3
9146 2
9147 2
9148 3
9149 2
9150 4
9151 3
9152 0
9153 3
9154 4
9155 1
9156 0
9157 3
9158 0
9159 3
9160 3
9161 4
9162 3
9163 1
9164 3
9165 3
9166 4
9167 4
9168 4
9169 4
9170 3
9171 0
9172 1
9173 1
9174 3
9175 4
9176 3
9177 3
9178 2
9179 4
9180 0
9181 4
9182 4
9183 3
9184 3
9185 1
9186 2
9187 4
9188 3
9189 0
9190 4
9191 3
9192 4
9193 0
9194 3
9195 0
9196 4
9197 3
9198 2
9199 3
9200 3
9201 1
9202 3
9203 2
9204 4
9205 3
9206 3
9207 3
9208 3
9209 0
9210 1
9211 3
9212 4
9213 1
9214 1
9215 3
9216 3
9217 4
9218 1
9219 3
9220 3
9221 3
9222 3
9223 0
9224 3
9225 1
9226 2
9227 3
9228 4
9229 4
9230 3
9231 4
9232 4
9233 3
9234 2
9235 4
9236 3
9237 2
9238 3
9239 3
9240 3
9241 3
9242 4
9243 3
9244 0
9245 3
9246 0
9247 1
9248 -1
9249 3
9250 3
9251 1
9252 -1
9253 1
9254 3
9255 2
9256 3
9257 2
9258 1
9259 4
9260 3
9261 4
9262 1
9263 4
9264 4
9265 2
9266 3
9267 4
9268 4
9269 3
9270 1
9271 3
9272 4
9273 2
9274 3
9275 4
9276 4
9277 4
9278 1
9279 4
9280 4
9281 3
9282 0
9283 3
9284 3
9285 4
9286 4
9287 2
9288 4
9289 1
9290 4
9291 4
9292 1
9293 3
9294 1
9295 4
9296 0
9297 4
9298 4
9299 3
9300 4
9301 0
9302 3
9303 4
9304 3
9305 4
9306 -1
9307 2
9308 2
9309 4
9310 1
9311 3
9312 4
9313 0
9314 3
9315 2
9316 3
9317 3
9318 3
9319 3
9320 2
9321 3
9322 3
9323 3
9324 1
9325 0
9326 2
9327 4
9328 2
9329 2
9330 4
9331 3
9332 4
9333 4
9334 3
9335 4
9336 1
9337 3
9338 4
9339 4
9340 1
9341 4
9342 3
9343 3
9344 2
9345 3
9346 3
9347 1
9348 2
9349 0
9350 3
9351 2
9352 2
9353 3
9354 1
9355 2
9356 4
9357 3
9358 1
9359 4
9360 1
9361 3
9362 1
9363 1
9364 3
9365 3
9366 2
9367 3
9368 2
9369 4
9370 3
9371 3
9372 4
9373 3
9374 4
9375 3
9376 1
9377 0
9378 2
9379 0
9380 -1
9381 3
9382 3
9383 4
9384 2
9385 4
9386 3
9387 2
9388 3
9389 1
9390 4
9391 0
9392 3
9393 4
9394 3
9395 3
9396 1
9397 1
9398 3
9399 4
9400 2
9401 3
9402 3
9403 4
9404 2
9405 0
9406 4
9407 4
9408 3
9409 0
9410 1
9411 3
9412 4
9413 3
9414 0
9415 3
9416 4
9417 1
9418 4
9419 3
9420 2
9421 3
9422 3
9423 2
9424 1
9425 4
9426 3
9427 3
9428 3
9429 4
9430 1
9431 3
9432 4
9433 3
9434 3
9435 3
9436 3
9437 0
9438 1
9439 2
9440 1
9441 4
9442 3
9443 4
9444 1
