0 5
1 6
2 5
3 0
4 4
5 1
6 1
7 6
8 1
9 4
10 5
11 0
12 -1
13 5
14 5
15 5
16 6
17 0
18 4
19 -1
20 6
21 1
22 6
23 5
24 6
25 5
26 -1
27 3
28 6
29 1
30 5
31 6
32 5
33 2
34 6
35 5
36 -1
37 3
38 6
39 5
40 6
41 5
42 6
43 -1
44 1
45 5
46 5
47 5
48 5
49 5
50 5
51 5
52 5
53 2
54 3
55 3
56 6
57 1
58 6
59 5
60 6
61 5
62 5
63 0
64 6
65 5
66 5
67 1
68 5
69 5
70 1
71 5
72 5
73 5
74 5
75 -1
76 5
77 5
78 1
79 5
80 1
81 6
82 6
83 3
84 -1
85 1
86 5
87 0
88 5
89 3
90 1
91 1
92 5
93 6
94 5
95 5
96 5
97 5
98 3
99 3
100 -1
101 1
102 -1
103 5
104 6
105 -1
106 5
107 6
108 5
109 0
110 5
111 3
112 3
113 3
114 -1
115 6
116 1
117 3
118 5
119 1
120 0
121 1
122 1
123 3
124 5
125 6
126 6
127 5
128 3
129 1
130 1
131 1
132 6
133 0
134 5
135 1
136 3
137 3
138 5
139 -1
140 3
141 5
142 3
143 0
144 6
145 3
146 -1
147 -1
148 1
149 3
150 5
151 5
152 5
153 -1
154 -1
155 5
156 3
157 6
158 6
159 5
160 3
161 6
162 0
163 5
164 5
165 5
166 1
167 1
168 6
169 5
170 1
171 5
172 6
173 1
174 5
175 0
176 1
177 3
178 2
179 5
180 5
181 6
182 6
183 3
184 5
185 5
186 6
187 3
188 0
189 5
190 3
191 -1
192 5
193 5
194 -1
195 3
196 3
197 1
198 3
199 6
200 5
201 1
202 5
203 5
204 5
205 1
206 2
207 5
208 1
209 5
210 5
211 -1
212 2
213 5
214 6
215 6
216 3
217 5
218 1
219 5
220 6
221 3
222 1
223 5
224 4
225 6
226 5
227 5
228 5
229 1
230 2
231 4
232 2
233 0
234 5
235 5
236 5
237 6
238 5
239 3
240 1
241 0
242 5
243 1
244 0
245 5
246 5
247 6
248 5
249 4
250 -1
251 1
252 5
253 5
254 6
255 5
256 6
257 -1
258 6
259 5
260 4
261 1
262 5
263 5
264 6
265 5
266 -1
267 5
268 1
269 5
270 5
271 6
272 5
273 -1
274 -1
275 2
276 3
277 0
278 2
279 5
280 1
281 5
282 1
283 5
284 5
285 3
286 6
287 5
288 2
289 0
290 5
291 5
292 5
293 3
294 1
295 5
296 2
297 1
298 5
299 6
300 -1
301 5
302 5
303 5
304 6
305 3
306 1
307 3
308 5
309 6
310 5
311 1
312 6
313 6
314 -1
315 6
316 5
317 4
318 5
319 5
320 5
321 2
322 2
323 6
324 3
325 1
326 5
327 6
328 0
329 1
330 6
331 3
332 2
333 5
334 5
335 5
336 5
337 3
338 1
339 1
340 1
341 5
342 -1
343 1
344 3
345 5
346 1
347 6
348 5
349 6
350 6
351 1
352 1
353 3
354 1
355 5
356 5
357 2
358 6
359 1
360 -1
361 -1
362 5
363 1
364 5
365 5
366 -1
367 5
368 5
369 -1
370 3
371 0
372 6
373 5
374 1
375 5
376 5
377 5
378 1
379 3
380 5
381 5
382 6
383 1
384 1
385 3
386 5
387 -1
388 3
389 -1
390 -1
391 2
392 6
393 4
394 5
395 6
396 5
397 5
398 1
399 3
400 -1
401 2
402 1
403 3
404 3
405 -1
406 6
407 6
408 6
409 5
410 5
411 5
412 -1
413 0
414 5
415 5
416 5
417 3
418 5
419 3
420 5
421 1
422 5
423 5
424 6
425 3
426 5
427 3
428 3
429 5
430 5
431 6
432 5
433 0
434 -1
435 5
436 0
437 1
438 -1
439 5
440 5
441 5
442 6
443 5
444 5
445 5
446 5
447 6
448 3
449 1
450 1
451 5
452 1
453 -1
454 5
455 -1
456 1
457 5
458 5
459 3
460 5
461 5
462 5
463 6
464 5
465 6
466 5
467 1
468 5
469 1
470 -1
471 5
472 4
473 5
474 5
475 -1
476 3
477 -1
478 3
479 6
480 5
481 3
482 3
483 2
484 6
485 -1
486 5
487 5
488 5
489 2
490 3
491 3
492 5
493 1
494 1
495 5
496 1
497 1
498 6
499 3
500 1
501 3
502 5
503 3
504 5
505 3
506 4
507 -1
508 3
509 5
510 1
511 5
512 1
513 -1
514 6
515 5
516 1
517 -1
518 0
519 1
520 2
521 6
522 6
523 3
524 0
525 -1
526 1
527 1
528 -1
529 1
530 5
531 1
532 5
533 5
534 4
535 1
536 -1
537 4
538 -1
539 5
540 5
541 1
542 5
543 6
544 5
545 1
546 5
547 5
548 -1
549 3
550 4
551 6
552 3
553 6
554 6
555 5
556 6
557 5
558 -1
559 0
560 6
561 3
562 3
563 1
564 5
565 5
566 5
567 0
568 6
569 1
570 0
571 1
572 5
573 6
574 4
575 5
576 6
577 3
578 1
579 1
580 5
581 5
582 5
583 1
584 1
585 5
586 5
587 5
588 5
589 5
590 5
591 3
592 1
593 1
594 5
595 3
596 -1
597 5
598 5
599 6
600 1
601 3
602 1
603 1
604 4
605 2
606 -1
607 5
608 6
609 5
610 2
611 5
612 5
613 5
614 1
615 0
616 1
617 1
618 5
619 -1
620 3
621 5
622 5
623 3
624 -1
625 -1
626 3
627 6
628 3
629 5
630 1
631 5
632 3
633 5
634 5
635 5
636 3
637 6
638 6
639 3
640 5
641 1
642 1
643 3
644 6
645 3
646 6
647 5
648 3
649 5
650 3
651 4
652 6
653 6
654 5
655 2
656 5
657 5
658 -1
659 5
660 5
661 5
662 5
663 -1
664 2
665 3
666 3
667 3
668 5
669 5
670 3
671 1
672 5
673 6
674 1
675 5
676 5
677 5
678 5
679 0
680 5
681 1
682 6
683 5
684 1
685 5
686 -1
687 5
688 1
689 6
690 3
691 4
692 5
693 0
694 6
695 1
696 1
697 0
698 5
699 5
700 6
701 4
702 3
703 4
704 5
705 5
706 4
707 5
708 5
709 5
710 3
711 6
712 3
713 3
714 -1
715 -1
716 5
717 -1
718 5
719 5
720 5
721 5
722 5
723 2
724 0
725 1
726 5
727 6
728 5
729 1
730 0
731 5
732 5
733 -1
734 1
735 1
736 3
737 0
738 2
739 2
740 5
741 3
742 1
743 5
744 -1
745 3
746 6
747 -1
748 5
749 -1
750 1
751 5
752 6
753 1
754 3
755 1
756 1
757 3
758 1
759 6
760 1
761 -1
762 1
763 5
764 1
765 3
766 6
767 3
768 5
769 6
770 6
771 3
772 1
773 5
774 5
775 5
776 5
777 5
778 5
779 -1
780 3
781 6
782 5
783 3
784 -1
785 3
786 3
787 5
788 5
789 6
790 4
791 3
792 5
793 3
794 3
795 1
796 2
797 5
798 6
799 3
800 6
801 3
802 5
803 3
804 3
805 6
806 5
807 5
808 5
809 -1
810 -1
811 -1
812 5
813 -1
814 5
815 5
816 6
817 -1
818 5
819 6
820 5
821 6
822 0
823 5
824 1
825 3
826 5
827 5
828 5
829 6
830 1
831 3
832 6
833 6
834 5
835 -1
836 6
837 -1
838 1
839 5
840 5
841 5
842 5
843 5
844 0
845 6
846 3
847 3
848 3
849 3
850 3
851 5
852 6
853 3
854 6
855 5
856 1
857 5
858 1
859 3
860 5
861 -1
862 1
863 5
864 2
865 0
866 1
867 3
868 -1
869 3
870 -1
871 5
872 2
873 5
874 3
875 0
876 5
877 2
878 6
879 5
880 5
881 5
882 1
883 6
884 5
885 3
886 5
887 5
888 4
889 6
890 1
891 -1
892 6
893 0
894 6
895 5
896 5
897 -1
898 5
899 1
900 5
901 6
902 3
903 1
904 1
905 6
906 3
907 6
908 5
909 6
910 5
911 3
912 5
913 5
914 6
915 6
916 1
917 6
918 5
919 3
920 5
921 1
922 0
923 1
924 -1
925 5
926 3
927 6
928 3
929 3
930 3
931 5
932 3
933 5
934 6
935 6
936 5
937 0
938 1
939 5
940 5
941 5
942 5
943 3
944 3
945 5
946 3
947 5
948 5
949 6
950 5
951 -1
952 3
953 3
954 -1
955 2
956 5
957 0
958 5
959 6
960 -1
961 5
962 3
963 1
964 5
965 2
966 -1
967 3
968 5
969 5
970 5
971 6
972 5
973 6
974 2
975 5
976 6
977 -1
978 5
979 2
980 5
981 5
982 5
983 6
984 3
985 5
986 1
987 6
988 3
989 4
990 5
991 6
992 0
993 3
994 3
995 2
996 6
997 5
998 5
999 5
1000 0
1001 2
1002 2
1003 3
1004 3
1005 3
1006 1
1007 5
1008 3
1009 6
1011 5
1012 6
1013 3
1014 5
1015 5
1016 5
1017 6
1018 1
1019 3
1020 3
1021 6
1022 3
1023 -1
1024 6
1025 6
1026 6
1027 5
1028 2
1029 -1
1030 3
1031 3
1032 -1
1033 5
1034 2
1035 0
1036 -1
1037 5
1038 5
1039 3
1040 6
1041 5
1042 5
1043 5
1044 5
1045 3
1046 0
1047 0
1048 5
1049 5
1050 5
1051 3
1052 2
1053 -1
1054 5
1055 5
1056 -1
1057 6
1058 5
1059 5
1060 6
1061 1
1062 3
1063 5
1064 5
1065 5
1066 5
1067 5
1068 5
1069 5
1070 5
1071 5
1072 6
1073 5
1074 6
1075 1
1076 3
1077 1
1078 5
1079 2
1080 1
1081 1
1082 5
1083 5
1084 -1
1085 2
1086 5
1087 4
1088 1
1089 5
1090 3
1091 6
1092 1
1093 5
1094 1
1095 5
1096 5
1097 5
1098 5
1099 -1
1100 5
1101 5
1102 6
1103 2
1104 1
1105 6
1106 -1
1107 6
1108 5
1109 5
1110 3
1111 5
1112 3
1113 5
1114 4
1115 5
1116 5
1117 3
1118 4
1119 0
1120 3
1121 1
1122 2
1123 3
1124 3
1125 3
1126 5
1127 3
1128 5
1129 3
1130 5
1131 5
1132 6
1133 -1
1134 6
1135 5
1136 5
1137 4
1138 5
1139 5
1140 6
1141 6
1142 1
1143 2
1144 3
1145 3
1146 5
1147 -1
1148 5
1149 3
1150 3
1151 1
1152 0
1153 1
1154 6
1155 2
1156 1
1157 3
1158 3
1159 5
1160 6
1161 5
1162 1
1163 6
1164 5
1165 -1
1166 6
1167 -1
1168 5
1169 5
1170 1
1171 5
1172 5
1173 3
1174 3
1175 2
1176 5
1177 3
1178 5
1179 2
1180 2
1181 5
1182 1
1183 -1
1184 5
1185 6
1186 1
1187 5
1188 6
1189 -1
1190 5
1191 1
1192 3
1193 3
1194 5
1195 2
1196 2
1197 1
1198 3
1199 2
1200 6
1201 5
1202 -1
1203 -1
1204 0
1205 6
1206 1
1207 0
1208 1
1209 6
1210 6
1211 6
1212 6
1213 5
1214 -1
1215 1
1216 -1
1217 1
1218 2
1219 0
1220 5
1221 5
1222 1
1223 5
1224 -1
1225 5
1226 3
1227 6
1228 -1
1229 -1
1230 6
1231 5
1232 6
1233 5
1234 5
1235 1
1236 5
1237 6
1238 2
1239 6
1240 0
1241 5
1242 3
1243 1
1244 -1
1245 3
1246 1
1247 5
1248 -1
1249 6
1250 5
1251 3
1252 4
1253 6
1254 5
1255 6
1256 -1
1257 5
1258 5
1259 3
1260 2
1261 -1
1262 1
1263 5
1264 2
1265 5
1266 3
1267 3
1268 -1
1269 5
1270 6
1271 3
1272 5
1273 6
1274 2
1275 5
1276 3
1277 6
1278 6
1279 1
1280 4
1281 5
1282 5
1283 5
1284 5
1285 6
1286 0
1287 3
1288 6
1289 3
1290 5
1291 6
1292 6
1293 1
1294 1
1295 5
1296 1
1297 0
1298 5
1299 1
1300 3
1301 1
1302 5
1303 0
1304 5
1305 3
1306 0
1307 3
1308 3
1309 1
1310 1
1311 1
1312 6
1313 3
1314 1
1315 5
1316 5
1317 -1
1318 6
1319 4
1320 3
1321 5
1322 3
1323 3
1324 -1
1325 5
1326 3
1327 5
1328 6
1329 5
1330 0
1331 3
1332 1
1333 5
1334 5
1335 1
1336 0
1337 6
1338 1
1339 5
1340 3
1341 -1
1342 3
1343 -1
1344 -1
1345 0
1346 1
1347 1
1348 6
1349 3
1350 5
1351 3
1352 5
1353 5
1354 1
1355 5
1356 0
1357 1
1358 2
1359 3
1360 0
1361 1
1362 6
1363 6
1364 3
1365 3
1366 1
1367 0
1368 1
1369 6
1370 5
1371 -1
1372 -1
1373 3
1374 -1
1375 5
1376 3
1377 -1
1378 3
1379 1
1380 5
1381 0
1382 1
1383 5
1384 1
1385 4
1386 5
1387 5
1388 5
1389 5
1390 4
1391 2
1392 5
1393 5
1394 1
1395 5
1396 3
1397 -1
1398 -1
1399 5
1400 6
1401 1
1402 0
1403 5
1404 5
1405 2
1406 5
1407 2
1408 -1
1409 1
1410 6
1411 5
1412 2
1413 -1
1414 6
1415 1
1416 5
1417 3
1418 5
1419 -1
1420 -1
1421 -1
1422 6
1423 -1
1424 1
1425 6
1426 3
1427 5
1428 5
1429 5
1430 5
1431 5
1432 5
1433 6
1434 5
1435 6
1436 1
1437 4
1438 6
1439 5
1440 -1
1441 2
1442 6
1443 3
1444 0
1445 1
1446 3
1447 6
1448 -1
1449 5
1450 6
1451 1
1452 5
1453 5
1454 5
1455 1
1456 5
1457 5
1458 -1
1459 5
1460 5
1461 6
1462 3
1463 5
1464 2
1465 5
1466 2
1467 5
1468 5
1469 5
1470 5
1471 5
1472 6
1473 5
1474 3
1475 1
1476 0
1477 5
1478 6
1479 1
1480 6
1481 5
1482 5
1483 -1
1484 0
1485 1
1486 -1
1487 5
1488 3
1489 -1
1490 5
1491 5
1492 2
1493 1
1494 6
1495 5
1496 6
1497 1
1498 0
1499 5
1500 6
1501 6
1502 5
1503 5
1504 6
1505 5
1506 1
1507 5
1508 5
1509 5
1510 5
1511 -1
1512 0
1513 5
1514 3
1515 1
1516 3
1517 6
1518 1
1519 5
1520 -1
1521 0
1522 5
1523 6
1524 6
1525 -1
1526 5
1527 1
1528 3
1529 6
1530 1
1531 2
1532 -1
1533 3
1534 6
1535 5
1536 4
1537 -1
1538 6
1539 0
1540 1
1541 3
1542 3
1543 6
1544 5
1545 5
1546 3
1547 0
1548 -1
1549 3
1550 1
1551 1
1552 5
1553 2
1554 3
1555 5
1556 5
1557 -1
1558 0
1559 1
1560 3
1561 5
1562 0
1563 -1
1564 6
1565 0
1566 6
1567 1
1568 5
1569 1
1570 1
1571 6
1572 5
1573 0
1574 0
1575 5
1576 5
1577 5
1578 5
1579 3
1580 5
1581 1
1582 6
1583 6
1584 -1
1585 5
1586 6
1587 3
1588 3
1589 1
1590 -1
1591 5
1592 1
1593 5
1594 1
1595 1
1596 5
1597 3
1598 5
1599 -1
1600 5
1601 6
1602 5
1603 3
1604 5
1605 4
1606 -1
1607 6
1608 1
1609 1
1610 1
1611 3
1612 2
1613 5
1614 1
1615 5
1616 5
1617 3
1618 1
1619 1
1620 5
1621 1
1622 1
1623 5
1624 5
1625 -1
1626 5
1627 5
1628 -1
1629 5
1630 2
1631 -1
1632 1
1633 -1
1634 3
1635 3
1636 1
1637 5
1638 5
1639 1
1640 5
1641 3
1642 -1
1643 5
1644 5
1645 5
1646 2
1647 5
1648 5
1649 6
1650 5
1651 6
1652 -1
1653 0
1654 5
1655 6
1656 1
1657 3
1658 6
1659 6
1660 -1
1661 -1
1662 6
1663 -1
1664 4
1665 6
1666 4
1667 5
1668 5
1669 1
1670 5
1671 3
1672 3
1673 3
1674 5
1675 3
1676 5
1677 0
1678 3
1679 5
1680 5
1681 6
1682 2
1683 6
1684 1
1685 5
1686 5
1687 3
1688 -1
1689 6
1690 3
1691 5
1692 5
1693 0
1694 5
1695 3
1696 5
1697 1
1698 -1
1699 1
1700 5
1701 6
1702 5
1703 3
1704 5
1705 5
1706 5
1707 5
1708 3
1709 3
1710 5
1711 -1
1712 5
1713 3
1714 5
1715 -1
1716 -1
1717 5
1718 5
1719 6
1720 6
1721 1
1722 5
1723 5
1724 1
1725 -1
1726 3
1727 6
1728 6
1729 -1
1730 -1
1731 1
1732 5
1733 5
1734 -1
1735 6
1736 2
1737 -1
1738 -1
1739 3
1740 5
1741 5
1742 3
1743 5
1744 5
1745 6
1746 3
1747 0
1748 5
1749 6
1750 1
1751 -1
1752 -1
1753 6
1754 2
1755 -1
1756 5
1757 1
1758 3
1759 5
1760 -1
1761 4
1762 3
1763 1
1764 2
1765 5
1766 6
1767 5
1768 0
1769 6
1770 5
1771 5
1772 1
1773 5
1774 3
1775 5
1776 5
1777 6
1778 -1
1779 5
1780 3
1781 5
1782 0
1783 -1
1784 1
1785 -1
1786 5
1787 5
1788 1
1789 1
1790 6
1791 -1
1792 2
1793 5
1794 2
1795 0
1796 5
1797 1
1798 6
1799 3
1800 6
1801 6
1802 5
1803 -1
1804 1
1805 6
1806 3
1807 5
1808 -1
1809 5
1810 1
1811 5
1812 0
1813 5
1814 5
1815 -1
1816 1
1817 6
1818 5
1819 1
1820 1
1821 5
1822 5
1823 5
1824 5
1825 6
1826 5
1827 1
1828 1
1829 5
1830 5
1831 2
1832 -1
1833 2
1834 2
1835 5
1836 5
1837 -1
1838 6
1839 3
1840 5
1841 3
1842 -1
1843 5
1844 5
1845 -1
1846 5
1847 5
1848 -1
1849 3
1850 6
1851 -1
1852 1
1853 1
1854 2
1855 6
1856 -1
1857 5
1858 5
1859 1
1860 6
1861 3
1862 1
1863 3
1864 3
1865 6
1866 5
1867 6
1868 1
1869 5
1870 0
1871 -1
1872 3
1873 3
1874 5
1875 -1
1876 5
1877 6
1878 -1
1879 5
1880 -1
1881 5
1882 1
1883 5
1884 1
1885 -1
1886 5
1887 3
1888 5
1889 5
1890 1
1891 0
1892 5
1893 5
1894 6
1895 6
1896 1
1897 -1
1898 1
1899 1
1900 5
1901 5
1902 5
1903 0
1904 5
1905 5
1906 3
1907 0
1908 1
1909 6
1910 1
1911 6
1912 5
1913 -1
1914 3
1915 6
1916 6
1917 5
1918 -1
1919 2
1920 3
1921 5
1922 5
1923 -1
1924 5
1925 5
1926 -1
1927 5
1928 5
1929 5
1930 5
1931 0
1932 3
1933 5
1934 3
1935 6
1936 5
1937 5
1938 -1
1939 5
1940 5
1941 2
1942 5
1943 6
1944 1
1945 2
1946 5
1947 3
1948 6
1949 5
1950 5
1951 5
1952 2
1953 1
1954 5
1955 6
1956 3
1957 6
1958 6
1959 3
1960 3
1961 6
1962 1
1963 -1
1964 2
1965 1
1966 5
1967 3
1968 2
1969 -1
1970 5
1971 4
1972 4
1973 5
1974 5
1975 5
1976 5
1977 3
1978 5
1979 3
1980 5
1981 5
1982 5
1983 -1
1984 1
1985 2
1986 5
1987 6
1988 6
1989 5
1990 1
1991 6
1992 -1
1993 -1
1994 5
1995 -1
1996 1
1997 5
1998 5
1999 5
2000 5
2001 0
2002 1
2003 -1
2004 6
2005 5
2006 0
2007 6
2008 5
2009 4
2010 1
2011 5
2012 5
2013 0
2014 6
2015 5
2016 0
2017 2
2018 5
2019 5
2020 5
2021 5
2022 5
2023 -1
2024 3
2025 6
2026 1
2027 6
2028 3
2029 1
2030 5
2031 5
2032 1
2033 3
2034 5
2035 5
2036 1
2037 1
2038 -1
2039 3
2040 -1
2041 1
2042 5
2043 5
2044 3
2045 5
2046 6
2047 3
2048 6
2049 5
2050 1
2051 3
2052 1
2053 1
2054 5
2055 1
2056 6
2057 3
2058 0
2059 1
2060 6
2061 3
2062 5
2063 5
2064 5
2065 3
2066 5
2067 -1
2068 6
2069 5
2070 6
2071 6
2072 5
2073 -1
2074 3
2075 5
2076 3
2077 0
2078 5
2079 6
2080 6
2081 5
2082 5
2083 3
2084 3
2085 6
2086 5
2087 6
2088 1
2089 0
2090 1
2091 6
2092 4
2093 1
2094 3
2095 5
2096 -1
2097 1
2098 5
2099 5
2100 3
2101 5
2102 5
2103 5
2104 1
2105 1
2106 2
2107 3
2108 5
2109 1
2110 5
2111 6
2112 5
2113 3
2114 1
2115 3
2116 3
2117 5
2118 1
2119 5
2120 5
2121 5
2122 -1
2123 3
2124 6
2125 5
2126 3
2127 3
2128 1
2129 0
2130 5
2131 5
2132 1
2133 5
2134 5
2135 5
2136 2
2137 2
2138 5
2139 6
2140 5
2141 5
2142 5
2143 1
2144 6
2145 5
2146 3
2147 6
2148 5
2149 5
2150 6
2151 3
2152 1
2153 1
2154 6
2155 5
2156 0
2157 0
2158 1
2159 5
2160 3
2161 3
2162 0
2163 1
2164 5
2165 3
2166 5
2167 5
2168 6
2169 5
2170 6
2171 3
2172 5
2173 3
2174 3
2175 5
2176 5
2177 6
2178 3
2179 -1
2180 6
2181 -1
2182 -1
2183 3
2184 5
2185 5
2186 3
2187 2
2188 5
2189 5
2190 2
2191 6
2192 3
2193 5
2194 1
2195 3
2196 3
2197 -1
2198 4
2199 3
2200 5
2201 1
2202 6
2203 5
2204 1
2205 6
2206 6
2207 3
2208 5
2209 -1
2210 3
2211 6
2212 4
2213 1
2214 1
2215 5
2216 1
2217 0
2218 3
2219 6
2220 1
2221 6
2222 1
2223 6
2224 -1
2225 5
2226 3
2227 3
2228 5
2229 6
2230 5
2231 5
2232 1
2233 3
2234 4
2235 1
2236 2
2237 6
2238 5
2239 -1
2240 3
2241 5
2242 5
2243 6
2244 6
2245 2
2246 -1
2247 5
2248 5
2249 1
2250 3
2251 6
2252 1
2253 6
2254 1
2255 6
2256 5
2257 3
2258 5
2259 6
2260 3
2261 2
2262 -1
2263 5
2264 5
2265 6
2266 1
2267 3
2268 3
2269 6
2270 1
2271 5
2272 5
2273 5
2274 -1
2275 5
2276 5
2277 6
2278 -1
2279 -1
2280 -1
2281 6
2282 6
2283 3
2284 5
2285 6
2286 -1
2287 5
2288 -1
2289 3
2290 5
2291 4
2292 -1
2293 5
2294 3
2295 -1
2296 1
2297 0
2298 0
2299 5
2300 1
2301 1
2302 5
2303 2
2304 3
2305 5
2306 1
2307 0
2308 3
2309 1
2310 5
2311 3
2312 1
2313 5
2314 -1
2315 0
2316 6
2317 5
2318 6
2319 5
2320 5
2321 3
2322 1
2323 1
2324 5
2325 5
2326 1
2327 1
2328 6
2329 -1
2330 3
2331 3
2332 5
2333 -1
2334 4
2335 6
2336 6
2337 1
2338 0
2339 5
2340 5
2341 4
2342 5
2343 1
2344 5
2345 5
2346 1
2347 1
2348 -1
2349 -1
2350 5
2351 1
2352 5
2353 3
2354 5
2355 0
2356 5
2357 5
2358 1
2359 5
2360 -1
2361 3
2362 5
2363 3
2364 3
2365 5
2366 -1
2367 4
2368 5
2369 1
2370 6
2371 1
2372 1
2373 3
2374 6
2375 5
2376 5
2377 6
2378 3
2379 -1
2380 3
2381 4
2382 3
2383 5
2384 5
2385 5
2386 -1
2387 5
2388 -1
2389 -1
2390 5
2391 5
2392 4
2393 1
2394 1
2395 5
2396 5
2397 0
2398 1
2399 1
2400 3
2401 6
2402 -1
2403 1
2404 6
2405 1
2406 5
2407 1
2408 3
2409 1
2410 5
2411 5
2412 3
2413 5
2414 2
2415 5
2416 3
2417 0
2418 5
2419 -1
2420 0
2421 5
2422 5
2423 5
2424 1
2425 5
2426 5
2427 -1
2428 5
2429 2
2430 3
2431 5
2432 6
2433 5
2434 2
2435 5
2436 1
2437 1
2438 6
2439 5
2440 3
2441 2
2442 6
2443 1
2444 3
2445 2
2446 5
2447 5
2448 3
2449 1
2450 5
2451 3
2452 0
2453 3
2454 5
2455 0
2456 -1
2457 6
2458 3
2459 1
2460 -1
2461 6
2462 1
2463 5
2464 0
2465 3
2466 1
2467 3
2468 5
2469 6
2470 3
2471 2
2472 5
2473 5
2474 5
2475 2
2476 0
2477 5
2478 5
2479 5
2480 5
2481 5
2482 5
2483 6
2484 5
2485 0
2486 1
2487 5
2488 3
2489 5
2490 5
2491 3
2492 5
2493 2
2494 6
2495 6
2496 3
2497 6
2498 5
2499 -1
2500 5
2501 5
2502 5
2503 1
2504 5
2505 1
2506 5
2507 2
2508 6
2509 6
2510 5
2511 3
2512 3
2513 1
2514 5
2515 0
2516 2
2517 -1
2518 5
2519 5
2520 3
2521 6
2522 5
2523 1
2524 6
2525 3
2526 6
2527 1
2528 2
2529 -1
2530 0
2531 0
2532 -1
2533 5
2534 5
2535 3
2536 5
2537 2
2538 4
2539 6
2540 1
2541 5
2542 3
2543 3
2544 3
2545 5
2546 5
2547 1
2548 -1
2549 5
2550 5
2551 6
2552 4
2553 6
2554 3
2555 3
2556 5
2557 1
2558 5
2559 6
2560 3
2561 -1
2562 6
2563 5
2564 5
2565 0
2566 0
2567 3
2568 6
2569 5
2570 1
2571 5
2572 -1
2573 4
2574 1
2575 5
2576 1
2577 1
2578 6
2579 5
2580 1
2581 3
2582 5
2583 3
2584 5
2585 5
2586 6
2587 3
2588 5
2589 -1
2590 5
2591 1
2592 5
2593 3
2594 -1
2595 3
2596 5
2597 6
2598 5
2599 -1
2600 6
2601 6
2602 5
2603 2
2604 6
2605 5
2606 5
2607 5
2608 3
2609 6
2610 6
2611 5
2612 6
2613 3
2614 2
2615 5
2616 5
2617 4
2618 4
2619 5
2620 5
2621 5
2622 1
2623 1
2624 1
2625 6
2626 5
2627 3
2628 6
2629 5
2630 5
2631 -1
2632 6
2633 2
2634 0
2635 0
2636 -1
2637 1
2638 5
2639 5
2640 3
2641 5
2642 2
2643 5
2644 1
2645 3
2646 -1
2647 2
2648 5
2649 5
2650 -1
2651 -1
2652 5
2653 1
2654 3
2655 5
2656 6
2657 5
2658 5
2659 1
2660 6
2661 2
2662 2
2663 5
2664 5
2665 6
2666 6
2667 3
2668 5
2669 1
2670 1
2671 -1
2672 5
2673 -1
2674 5
2675 1
2676 5
2677 1
2678 -1
2679 3
2680 5
2681 1
2682 5
2683 1
2684 6
2685 3
2686 1
2687 5
2688 3
2689 2
2690 5
2691 6
2692 6
2693 5
2694 5
2695 1
2696 0
2697 1
2698 3
2699 3
2700 5
2701 6
2702 2
2703 5
2704 6
2705 5
2706 5
2707 -1
2708 3
2709 3
2710 1
2711 5
2712 5
2713 3
2714 5
2715 4
2716 5
2717 3
2718 3
2719 3
2720 1
2721 0
2722 -1
2723 0
2724 5
2725 6
2726 3
2727 5
2728 5
2729 5
2730 5
2731 3
2732 0
2733 3
2734 -1
2735 5
2736 3
2737 5
2738 5
2739 5
2740 0
2741 -1
2742 5
2743 5
2744 3
2745 5
2746 3
2747 5
2748 5
2749 1
2750 3
2751 1
2752 5
2753 0
2754 5
2755 5
2756 3
2757 5
2758 5
2759 1
2760 6
2761 5
2762 4
2763 1
2764 5
2765 5
2766 5
2767 -1
2768 6
2769 5
2770 -1
2771 3
2772 2
2773 -1
2774 2
2775 1
2776 5
2777 6
2778 3
2779 6
2780 5
2781 -1
2782 5
2783 5
2784 3
2785 3
2786 1
2787 6
2788 3
2789 3
2790 -1
2791 1
2792 3
2793 3
2794 6
2795 0
2796 1
2797 3
2798 5
2799 5
2800 1
2801 5
2802 5
2803 -1
2804 3
2805 5
2806 5
2807 1
2808 1
2809 5
2810 6
2811 5
2812 5
2813 5
2814 3
2815 6
2816 2
2817 2
2818 -1
2819 5
2820 1
2821 1
2822 2
2823 6
2824 5
2825 0
2826 -1
2827 -1
2828 3
2829 5
2830 5
2831 5
2832 3
2833 3
2834 5
2835 6
2836 -1
2837 5
2838 6
2839 5
2840 1
2841 5
2842 -1
2843 3
2844 0
2845 1
2846 3
2847 3
2848 5
2849 -1
2850 6
2851 1
2852 5
2853 5
2854 -1
2855 2
2856 5
2857 6
2858 4
2859 6
2860 3
2861 0
2862 6
2863 5
2864 5
2865 1
2866 6
2867 5
2868 5
2869 5
2870 5
2871 1
2872 0
2873 1
2874 2
2875 -1
2876 3
2877 5
2878 5
2879 5
2880 6
2881 1
2882 3
2883 6
2884 3
2885 2
2886 5
2887 1
2888 5
2889 6
2890 6
2891 3
2892 3
2893 5
2894 -1
2895 3
2896 -1
2897 5
2898 2
2899 6
2900 3
2901 5
2902 6
2903 3
2904 1
2905 -1
2906 1
2907 -1
2908 5
2909 5
2910 5
2911 -1
2912 6
2913 4
2914 5
2915 5
2916 1
2917 4
2918 0
2919 -1
2920 2
2921 3
2922 6
2923 5
2924 3
2925 -1
2926 5
2927 3
2928 5
2929 5
2930 2
2931 3
2932 3
2933 5
2934 1
2935 -1
2936 3
2937 1
2938 5
2939 5
2940 0
2941 5
2942 5
2943 1
2944 1
2945 5
2946 5
2947 2
2948 -1
2949 5
2950 -1
2951 3
2952 1
2953 5
2954 3
2955 5
2956 5
2957 2
2958 6
2959 5
2960 5
2961 1
2962 2
2963 -1
2964 1
2965 5
2966 6
2967 1
2968 1
2969 3
2970 5
2971 1
2972 1
2973 -1
2974 1
2975 2
2976 -1
2977 6
2978 5
2979 1
2980 3
2981 6
2982 5
2983 -1
2984 5
2985 1
2986 5
2987 5
2988 6
2989 2
2990 6
2991 -1
2992 3
2993 3
2994 3
2995 6
2996 5
2997 3
2998 6
2999 -1
3000 -1
3001 -1
3002 5
3003 6
3004 6
3005 0
3006 5
3007 6
3008 5
3009 1
3010 3
3011 5
3012 2
3013 5
3014 5
3015 1
3016 0
3017 5
3018 1
3019 5
3020 6
3021 -1
3022 0
3023 1
3024 2
3025 4
3026 3
3027 3
3028 5
3029 2
3030 1
3031 5
3032 5
3033 -1
3034 5
3035 1
3036 5
3037 5
3038 6
3039 1
3040 5
3041 1
3042 6
3043 5
3044 1
3045 -1
3046 5
3047 5
3048 1
3049 2
3050 3
3051 3
3052 6
3053 1
3054 1
3055 1
3056 3
3057 5
3058 3
3059 1
3060 1
3061 3
3062 6
3063 -1
3064 5
3065 -1
3066 6
3067 1
3068 3
3069 -1
3070 -1
3071 3
3072 1
3073 3
3074 3
3075 1
3076 6
3077 -1
3078 3
3079 5
3080 1
3081 5
3082 5
3083 3
3084 1
3085 5
3086 3
3087 5
3088 0
3089 -1
3090 5
3091 6
3092 5
3093 6
3094 4
3095 -1
3096 5
3097 5
3098 5
3099 5
3100 5
3101 -1
3102 3
3103 5
3104 5
3105 6
3106 3
3107 5
3108 5
3109 6
3110 0
3111 5
3112 6
3113 3
3114 3
3115 1
3116 0
3117 5
3118 1
3119 5
3120 -1
3121 5
3122 -1
3123 5
3124 1
3125 -1
3126 2
3127 5
3128 5
3129 4
3130 1
3131 5
3132 1
3133 -1
3134 1
3135 3
3136 1
3137 5
3138 5
3139 5
3140 5
3141 5
3142 -1
3143 0
3144 0
3145 3
3146 3
3147 2
3148 6
3149 5
3150 5
3151 4
3152 5
3153 1
3154 6
3155 5
3156 -1
3157 3
3158 6
3159 5
3160 5
3161 5
3162 1
3163 1
3164 1
3165 1
3166 0
3167 6
3168 5
3169 -1
3170 4
3171 0
3172 -1
3173 3
3174 5
3175 5
3176 2
3177 -1
3178 0
3179 3
3180 5
3181 6
3182 1
3183 1
3184 6
3185 5
3186 3
3187 5
3188 -1
3189 5
3190 5
3191 4
3192 3
3193 5
3194 5
3195 5
3196 5
3197 5
3198 0
3199 5
3200 1
3201 0
3202 0
3203 2
3204 0
3205 3
3206 6
3207 5
3208 3
3209 6
3210 6
3211 1
3212 2
3213 5
3214 1
3215 5
3216 1
3217 3
3218 5
3219 5
3220 5
3221 0
3222 5
3223 1
3224 6
3225 -1
3226 3
3227 1
3228 -1
3229 3
3230 5
3231 5
3232 5
3233 5
3234 -1
3235 -1
3236 6
3237 5
3238 5
3239 3
3240 6
3241 3
3242 5
3243 5
3244 5
3245 5
3246 6
3247 1
3248 3
3249 5
3250 5
3251 5
3252 3
3253 1
3254 1
3255 5
3256 5
3257 6
3258 0
3259 5
3260 6
3261 5
3262 1
3263 0
3264 1
3265 3
3266 3
3267 3
3268 5
3269 3
3270 -1
3271 6
3272 5
3273 6
3274 -1
3275 5
3276 5
3277 3
3278 6
3279 5
3280 4
3281 5
3282 5
3283 5
3284 4
3285 -1
3286 6
3287 2
3288 6
3289 1
3290 3
3291 -1
3292 -1
3293 1
3294 1
3295 1
3296 5
3297 -1
3298 5
3299 3
3300 5
3301 1
3302 5
3303 1
3304 0
3305 5
3306 5
3307 5
3308 5
3309 5
3310 -1
3311 0
3312 0
3313 1
3314 4
3315 -1
3316 1
3317 1
3318 5
3319 2
3320 5
3321 5
3322 1
3323 5
3324 5
3325 -1
3326 5
3327 3
3328 -1
3329 1
3330 3
3331 -1
3332 6
3333 5
3334 5
3335 5
3336 5
3337 5
3338 5
3339 0
3340 5
3341 1
3342 5
3343 0
3344 -1
3345 5
3346 5
3347 5
3348 3
3349 5
3350 1
3351 5
3352 -1
3353 3
3354 3
3355 6
3356 1
3357 2
3358 5
3359 3
3360 5
3361 6
3362 5
3363 5
3364 5
3365 4
3366 -1
3367 6
3368 6
3369 5
3370 3
3371 6
3372 1
3373 -1
3374 -1
3375 0
3376 5
3377 3
3378 6
3379 3
3380 5
3381 5
3382 6
3383 6
3384 5
3385 3
3386 3
3387 -1
3388 5
3389 5
3390 5
3391 5
3392 5
3393 5
3394 3
3395 5
3396 0
3397 5
3398 3
3399 5
3400 1
3401 6
3402 1
3403 1
3404 6
3405 1
3406 -1
3407 5
3408 5
3409 1
3410 5
3411 2
3412 3
3413 5
3414 6
3415 6
3416 5
3417 5
3418 6
3419 -1
3420 5
3421 3
3422 3
3423 5
3424 3
3425 5
3426 3
3427 6
3428 5
3429 2
3430 0
3431 2
3432 0
3433 -1
3434 0
3435 4
3436 3
3437 0
3438 3
3439 1
3440 5
3441 5
3442 5
3443 6
3444 5
3445 6
3446 6
3447 3
3448 5
3449 3
3450 6
3451 3
3452 5
3453 3
3454 3
3455 1
3456 0
3457 5
3458 5
3459 5
3460 6
3461 5
3462 3
3463 6
3464 5
3465 -1
3466 6
3467 -1
3468 4
3469 1
3470 3
3471 1
3472 3
3473 5
3474 1
3475 3
3476 -1
3477 4
3478 0
3479 -1
3480 3
3481 5
3482 3
3483 2
3484 4
3485 5
3486 5
3487 -1
3488 6
3489 5
3490 5
3491 5
3492 5
3493 3
3494 1
3495 1
3496 5
3497 1
3498 5
3499 2
3500 6
3501 -1
3502 6
3503 1
3504 3
3505 5
3506 5
3507 5
3508 3
3509 0
3510 -1
3511 0
3512 0
3513 6
3514 -1
3515 3
3516 6
3517 4
3518 6
3519 0
3520 3
3521 3
3522 2
3523 3
3524 5
3525 5
3526 5
3527 1
3528 5
3529 5
3530 5
3531 5
3532 5
3533 3
3534 -1
3535 3
3536 3
3537 0
3538 1
3539 1
3540 6
3541 5
3542 0
3543 5
3544 5
3545 5
3546 5
3547 6
3548 5
3549 -1
3550 1
3551 6
3552 6
3553 5
3554 3
3555 6
3556 1
3557 -1
3558 6
3559 2
3560 5
3561 5
3562 2
3563 1
3564 6
3565 5
3566 3
3567 3
3568 6
3569 6
3570 5
3571 6
3572 6
3573 6
3574 1
3575 6
3576 5
3577 6
3578 3
3579 6
3580 5
3581 5
3582 5
3583 -1
3584 6
3585 3
3586 3
3587 5
3588 3
3589 3
3590 2
3591 -1
3592 0
3593 0
3594 6
3595 5
3596 -1
3597 5
3598 5
3599 2
3600 3
3601 5
3602 5
3603 -1
3604 -1
3605 1
3606 3
3607 3
3608 1
3609 6
3610 5
3611 -1
3612 2
3613 -1
3614 6
3615 3
3616 1
3617 6
3618 1
3619 1
3620 5
3621 5
3622 1
3623 5
3624 5
3625 2
3626 3
3627 -1
3628 5
3629 5
3630 6
3631 1
3632 -1
3633 5
3634 1
3635 1
3636 5
3637 5
3638 1
3639 -1
3640 2
3641 3
3642 2
3643 6
3644 1
3645 5
3646 6
3647 3
3648 3
3649 3
3650 5
3651 5
3652 5
3653 5
3654 3
3655 1
3656 5
3657 5
3658 5
3659 5
3660 1
3661 5
3662 3
3663 3
3664 5
3665 5
3666 6
3667 3
3668 0
3669 2
3670 5
3671 1
3672 3
3673 5
3674 1
3675 6
3676 5
3677 5
3678 -1
3679 1
3680 5
3681 1
3682 3
3683 4
3684 1
3685 6
3686 5
3687 1
3688 3
3689 1
3690 -1
3691 4
3692 5
3693 -1
3694 6
3695 3
3696 5
3697 -1
3698 2
3699 5
3700 -1
3701 1
3702 -1
3703 5
3704 3
3705 3
3706 5
3707 6
3708 1
3709 3
3710 5
3711 -1
3712 5
3713 2
3714 1
3715 5
3716 6
3717 -1
3718 6
3719 3
3720 6
3721 5
3722 3
3723 6
3724 6
3725 -1
3726 6
3727 3
3728 3
3729 5
3730 3
3731 3
3732 0
3733 -1
3734 -1
3735 5
3736 5
3737 3
3738 6
3739 3
3740 5
3741 5
3742 5
3743 5
3744 5
3745 0
3746 5
3747 3
3748 5
3749 6
3750 6
3751 3
3752 3
3753 5
3754 3
3755 2
3756 5
3757 2
3758 6
3759 5
3760 6
3761 5
3762 3
3763 5
3764 6
3765 3
3766 1
3767 5
3768 5
3769 6
3770 1
3771 1
3772 5
3773 6
3774 5
3775 1
3776 1
3777 5
3778 3
3779 3
3780 5
3781 0
3782 5
3783 1
3784 5
3785 -1
3786 3
3787 6
3788 1
3789 6
3790 3
3791 -1
3792 6
3793 6
3794 3
3795 3
3796 1
3797 5
3798 1
3799 6
3800 6
3801 1
3802 -1
3803 3
3804 6
3805 6
3806 0
3807 3
3808 1
3809 1
3810 6
3811 1
3812 5
3813 -1
3814 3
3815 -1
3816 1
3817 5
3818 3
3819 5
3820 -1
3821 0
3822 3
3823 1
3824 3
3825 5
3826 1
3827 5
3828 5
3829 -1
3830 5
3831 0
3832 3
3833 0
3834 1
3835 3
3836 2
3837 1
3838 1
3839 5
3840 5
3841 3
3842 5
3843 1
3844 6
3845 1
3846 5
3847 5
3848 3
3849 3
3850 5
3851 -1
3852 5
3853 5
3854 5
3855 6
3856 1
3857 5
3858 2
3859 5
3860 5
3861 5
3862 5
3863 5
3864 5
3865 -1
3866 5
3867 1
3868 5
3869 6
3870 5
3871 6
3872 5
3873 5
3874 1
3875 5
3876 5
3877 0
3878 -1
3879 6
3880 -1
3881 1
3882 5
3883 -1
3884 2
