0 0
1 0
2 0
3 0
4 0
5 0
6 0
7 0
8 0
9 0
10 0
11 0
12 0
13 0
14 0
15 0
16 0
17 0
18 0
19 0
20 0
21 0
22 0
23 0
24 0
25 0
26 0
27 0
28 0
29 0
30 0
31 0
32 0
33 0
34 0
35 0
36 0
37 0
38 0
39 0
40 0
41 0
42 0
43 0
44 0
45 0
46 0
47 0
48 0
49 0
50 0
51 0
52 0
53 0
54 0
55 0
56 0
57 0
58 0
59 0
60 0
61 0
62 0
63 0
64 0
65 0
66 0
67 0
68 0
69 0
70 0
71 0
72 0
73 0
74 0
75 0
76 0
77 0
78 0
79 0
80 0
81 0
82 0
83 0
84 0
85 0
86 0
87 0
88 0
89 0
90 0
91 0
92 0
93 0
94 0
95 0
96 0
97 0
98 0
99 0
100 0
101 0
102 0
103 0
104 0
105 0
106 0
107 0
108 0
109 0
110 0
111 0
112 0
113 0
114 0
115 0
116 0
117 0
118 0
119 0
120 0
121 0
122 0
123 0
124 0
125 0
126 0
127 0
128 0
129 0
130 0
131 0
132 0
133 0
134 0
135 0
136 0
137 0
138 0
139 0
140 0
141 0
142 0
143 0
144 0
145 0
146 0
147 0
148 0
149 0
150 0
151 0
152 0
153 0
154 0
155 0
156 0
157 0
158 0
159 0
160 0
161 0
162 0
163 0
164 0
165 0
166 0
167 0
168 0
169 0
170 0
171 0
172 0
173 0
174 0
175 0
176 0
177 0
178 0
179 0
180 0
181 0
182 0
183 0
184 0
185 0
186 0
187 0
188 0
189 0
190 0
191 0
192 0
193 0
194 0
195 0
196 0
197 0
198 0
199 0
200 0
201 0
202 0
203 0
204 0
205 0
206 0
207 0
208 0
209 0
210 0
211 0
212 0
213 0
214 0
215 0
216 0
217 0
218 0
219 0
220 0
221 0
222 0
223 0
224 0
225 0
226 0
227 0
228 0
229 0
230 0
231 0
232 0
233 0
234 0
235 0
236 0
237 0
238 0
239 0
240 0
241 0
242 0
243 0
244 0
245 0
246 0
247 0
248 0
249 0
250 0
251 0
252 0
253 0
254 0
255 0
256 0
257 0
258 0
259 0
260 0
261 0
262 0
263 0
264 0
265 0
266 0
267 0
268 0
269 0
270 0
271 0
272 0
273 0
274 0
275 0
276 0
277 0
278 0
279 0
280 0
281 0
282 0
283 0
284 0
285 0
286 0
287 0
288 0
289 0
290 0
291 0
292 0
293 0
294 0
295 0
296 0
297 0
298 0
299 0
300 0
301 0
302 0
303 0
304 0
305 0
306 0
307 0
308 0
309 0
310 0
311 0
312 0
313 0
314 0
315 0
316 0
317 0
318 0
319 0
320 0
321 0
322 0
323 0
324 0
325 0
326 0
327 0
328 0
329 0
330 0
331 0
332 0
333 0
334 0
335 0
336 0
337 0
338 0
339 0
340 0
341 0
342 0
343 0
344 0
345 0
346 0
347 0
348 0
349 0
350 0
351 0
352 0
353 0
354 0
355 0
356 0
357 0
358 0
359 0
360 0
361 0
362 0
363 0
364 0
365 0
366 0
367 0
368 0
369 0
370 0
371 0
372 0
373 0
374 0
375 0
376 0
377 0
378 0
379 0
380 0
381 0
382 0
383 0
384 0
385 0
386 0
387 0
388 0
389 0
390 0
391 0
392 0
393 0
394 0
395 0
396 0
397 0
398 0
399 0
400 0
401 0
402 0
403 0
404 0
405 0
406 0
407 0
408 0
409 0
410 0
411 0
412 0
413 0
414 0
415 0
416 0
417 0
418 0
419 0
420 0
421 0
422 0
423 0
424 0
425 0
426 0
427 0
428 0
429 0
430 0
431 0
432 0
433 0
434 0
435 0
436 0
437 0
438 0
439 0
440 0
441 0
442 0
443 0
444 0
445 0
446 0
447 0
448 0
449 0
450 0
451 0
452 0
453 0
454 0
455 0
456 0
457 0
458 0
459 0
460 0
461 0
462 0
463 0
464 0
465 0
466 0
467 0
468 0
469 0
470 0
471 0
472 0
473 0
474 0
475 0
476 0
477 0
478 0
479 0
480 0
481 0
482 0
483 0
484 0
485 0
486 0
487 0
488 0
489 0
490 0
491 0
492 0
493 0
494 0
495 0
496 0
497 0
498 0
499 0
500 0
501 0
502 0
503 0
504 0
505 0
506 0
507 0
508 0
509 0
510 0
511 0
512 0
513 0
514 0
515 0
516 0
517 0
518 0
519 0
520 0
521 0
522 0
523 0
524 0
525 0
526 0
527 0
528 0
529 0
530 0
531 0
532 0
533 0
534 0
535 0
536 0
537 0
538 0
539 0
540 0
541 0
542 0
543 0
544 0
545 0
546 0
547 0
548 0
549 0
550 0
551 0
552 0
553 0
554 0
555 0
556 0
557 0
558 0
559 0
560 0
561 0
562 0
563 0
564 0
565 0
566 0
567 0
568 0
569 0
570 0
571 0
572 0
573 0
574 0
575 0
576 0
577 0
578 0
579 0
580 0
581 0
582 0
583 0
584 0
585 0
586 0
587 0
588 0
589 0
590 0
591 0
592 0
593 0
594 0
595 0
596 0
597 0
598 0
599 0
600 0
601 0
602 0
603 0
604 0
605 0
606 0
607 0
608 0
609 0
610 0
611 0
612 0
613 0
614 0
615 0
616 0
617 0
618 0
619 0
620 0
621 0
622 0
623 0
624 0
625 0
626 0
627 0
628 0
629 0
630 0
631 0
632 0
633 0
634 0
635 0
636 0
637 0
638 0
639 0
640 0
641 0
642 0
643 0
644 0
645 0
646 0
647 0
648 0
649 0
650 0
651 0
652 0
653 0
654 0
655 0
656 0
657 0
658 0
659 0
660 0
661 0
662 0
663 0
664 0
665 0
666 0
667 0
668 0
669 0
670 0
671 0
672 0
673 0
674 0
675 0
676 0
677 0
678 0
679 0
680 0
681 0
682 0
683 0
684 0
685 0
686 0
687 0
688 0
689 0
690 0
691 0
692 0
693 0
694 0
695 0
696 0
697 0
698 0
699 0
700 0
701 0
702 0
703 0
704 0
705 0
706 0
707 0
708 0
709 0
710 0
711 0
712 0
713 0
714 0
715 0
716 0
717 0
718 0
719 0
720 0
721 0
722 0
723 0
724 0
725 0
726 0
727 0
728 0
729 0
730 0
731 0
732 0
733 0
734 0
735 0
736 0
737 0
738 0
739 0
740 0
741 0
742 0
743 0
744 0
745 0
746 0
747 0
748 0
749 0
750 0
751 0
752 0
753 0
754 0
755 0
756 0
757 0
758 0
759 0
760 0
761 0
762 0
763 0
764 0
765 0
766 0
767 0
768 0
769 0
770 0
771 0
772 0
773 0
774 0
775 0
776 0
777 0
778 0
779 0
780 0
781 0
782 0
783 0
784 0
785 0
786 0
787 0
788 0
789 0
790 0
791 0
792 0
793 0
794 0
795 0
796 0
797 0
798 0
799 0
800 0
801 0
802 0
803 0
804 0
805 0
806 0
807 0
808 0
809 0
810 0
811 0
812 0
813 0
814 0
815 0
816 0
817 0
818 0
819 0
820 0
821 0
822 0
823 0
824 0
825 0
826 0
827 0
828 0
829 0
830 0
831 0
832 0
833 0
834 0
835 0
836 0
837 0
838 0
839 0
840 0
841 0
842 0
843 0
844 0
845 0
846 0
847 0
848 0
849 0
850 0
851 0
852 0
853 0
854 0
855 0
856 0
857 0
858 0
859 0
860 0
861 0
862 0
863 0
864 0
865 0
866 0
867 0
868 0
869 0
870 0
871 0
872 0
873 0
874 0
875 0
876 0
877 0
878 0
879 0
880 0
881 0
882 0
883 0
884 0
885 0
886 0
887 0
888 0
889 0
890 0
891 0
892 0
893 0
894 0
895 0
896 0
897 0
898 0
899 0
900 0
901 0
902 0
903 0
904 0
905 0
906 0
907 0
908 0
909 0
910 0
911 0
912 0
913 0
914 0
915 0
916 0
917 0
918 0
919 0
920 0
921 0
922 0
923 0
924 0
925 0
926 0
927 0
928 0
929 0
930 0
931 0
932 0
933 0
934 0
935 0
936 0
937 0
938 0
939 0
940 0
941 0
942 0
943 0
944 0
945 0
946 0
947 0
948 0
949 0
950 0
951 0
952 0
953 0
954 0
955 0
956 0
957 0
958 0
959 0
960 0
961 0
962 0
963 0
964 0
965 0
966 0
967 0
968 0
969 0
970 0
971 0
972 0
973 0
974 0
975 0
976 0
977 0
978 0
979 0
980 0
981 0
982 0
983 0
984 0
985 0
986 0
987 0
988 0
989 0
990 0
991 0
992 0
993 0
994 0
995 0
996 0
997 0
998 0
999 0
1000 0
1001 1
1002 2
1003 3
1004 4
1005 5
1006 6
1007 7
1008 8
1009 9
1010 10
1011 11
1012 12
1013 13
1014 14
1015 15
1016 16
1017 17
1018 18
1019 19
1020 20
1021 21
1022 22
1023 23
1024 24
1025 26
1026 27
1027 28
1028 29
1029 30
1030 31
1031 32
1032 33
1033 34
1034 35
1035 36
1036 37
1037 38
1038 39
1039 40
1040 41
1041 42
1042 43
1043 44
1044 45
1045 46
1046 47
1047 48
1048 49
1049 50
1050 51
1051 52
1052 53
1053 54
1054 55
1055 56
1056 57
1057 58
1058 59
1059 60
1060 61
1061 62
1062 63
1063 64
1064 65
1065 66
1066 67
1067 68
1068 69
1069 70
1070 71
1071 72
1072 73
1073 74
1074 75
1075 76
1076 77
1077 78
1078 79
1079 80
1080 81
1081 82
1082 83
1083 84
1084 85
1085 86
1086 87
1087 88
1088 89
1089 90
1090 91
1091 92
1092 93
1093 94
1094 95
1095 96
1096 97
1097 98
1098 99
1099 100
1100 101
1101 102
1102 103
1103 104
1104 105
1105 106
1106 107
1107 108
1108 109
1109 110
1110 111
1111 112
1112 113
1113 114
1114 115
1115 116
1116 117
1117 118
1118 119
1119 120
1120 121
1121 122
1122 123
1123 124
1124 125
1125 127
1126 128
1127 129
1128 130
1129 131
1130 132
1131 133
1132 134
1133 135
1134 136
1135 137
1136 138
1137 139
1138 140
1139 141
1140 142
1141 143
1142 144
1143 145
1144 146
1145 147
1146 148
1147 149
1148 150
1149 151
1150 152
1151 153
1152 154
1153 155
1154 156
1155 157
1156 158
1157 159
1158 160
1159 161
1160 162
1161 163
1162 164
1163 165
1164 166
1165 167
1166 168
1167 169
1168 170
1169 171
1170 172
1171 173
1172 174
1173 175
1174 176
1175 177
1176 178
1177 179
1178 180
1179 181
1180 182
1181 183
1182 184
1183 185
1184 186
1185 187
1186 188
1187 189
1188 190
1189 191
1190 192
1191 193
1192 194
1193 195
1194 196
1195 197
1196 198
1197 199
1198 200
1199 201
1200 202
1201 203
1202 204
1203 205
1204 206
1205 207
1206 208
1207 209
1208 210
1209 211
1210 212
1211 213
1212 214
1213 215
1214 216
1215 217
1216 218
1217 219
1218 220
1219 221
1220 222
1221 223
1222 224
1223 225
1224 226
1225 227
1226 228
1227 229
1228 230
1229 231
1230 232
1231 233
1232 234
1233 235
1234 236
1235 237
1236 238
1237 239
1238 240
1239 241
1240 242
1241 243
1242 244
1243 245
1244 246
1245 247
1246 248
1247 249
1248 250
1249 251
1250 252
1251 253
1252 254
1253 255
1254 256
1255 257
1256 258
1257 259
1258 260
1259 261
1260 262
1261 263
1262 264
1263 265
1264 266
1265 267
1266 268
1267 269
1268 270
1269 271
1270 272
1271 273
1272 274
1273 275
1274 276
1275 277
1276 278
1277 279
1278 280
1279 281
1280 282
1281 283
1282 284
1283 285
1284 286
1285 287
1286 288
1287 289
1288 290
1289 291
1290 292
1291 293
1292 294
1293 295
1294 296
1295 297
1296 298
1297 299
1298 300
1299 301
1300 302
1301 303
1302 304
1303 305
1304 306
1305 307
1306 308
1307 309
1308 310
1309 311
1310 312
1311 313
1312 314
1313 315
1314 316
1315 317
1316 318
1317 319
1318 320
1319 321
1320 322
1321 323
1322 324
1323 325
1324 326
1325 327
1326 328
1327 329
1328 330
1329 331
1330 332
1331 333
1332 334
1333 335
1334 336
1335 337
1336 338
1337 339
1338 340
1339 341
1340 342
1341 343
1342 344
1343 345
1344 346
1345 347
1346 348
1347 349
1348 350
1349 351
1350 352
1351 353
1352 354
1353 355
1354 356
1355 357
1356 358
1357 359
1358 360
1359 361
1360 362
1361 363
1362 364
1363 365
1364 366
1365 367
1366 368
1367 369
1368 370
1369 371
1370 372
1371 373
1372 374
1373 375
1374 376
1375 377
1376 378
1377 379
1378 380
1379 381
1380 382
1381 383
1382 384
1383 385
1384 386
1385 387
1386 388
1387 389
1388 390
1389 391
1390 392
1391 393
1392 394
1393 395
1394 396
1395 397
1396 398
1397 399
1398 400
1399 401
1400 402
1401 403
1402 404
1403 405
1404 406
1405 407
1406 408
1407 409
1408 410
1409 411
1410 412
1411 413
1412 414
1413 415
1414 416
1415 417
1416 418
1417 419
1418 420
1419 421
1420 422
1421 423
1422 424
1423 425
1424 426
1425 427
1426 428
1427 429
1428 430
1429 431
1430 432
1431 433
1432 434
1433 435
1434 436
1435 437
1436 438
1437 439
1438 440
1439 441
1440 442
1441 443
1442 444
1443 445
1444 446
1445 447
1446 448
1447 449
1448 450
1449 451
1450 452
1451 453
1452 454
1453 455
1454 456
1455 457
1456 458
1457 459
1458 460
1459 461
1460 462
1461 463
1462 464
1463 465
1464 466
1465 467
1466 468
1467 469
1468 470
1469 471
1470 472
1471 473
1472 474
1473 475
1474 476
1475 477
1476 478
1477 479
1478 480
1479 481
1480 482
1481 483
1482 484
1483 485
1484 486
1485 487
1486 488
1487 489
1488 490
1489 491
1490 492
1491 493
1492 494
1493 495
1494 496
1495 497
1496 498
1497 499
1498 500
1499 501
1500 502
1501 503
1502 504
1503 505
1504 506
1505 507
1506 508
1507 509
1508 510
1509 511
1510 512
1511 513
1512 514
1513 515
1514 516
1515 517
1516 518
1517 519
1518 520
1519 521
1520 522
1521 523
1522 524
1523 525
1524 526
1525 527
1526 528
1527 529
1528 530
1529 531
1530 532
1531 533
1532 534
1533 535
1534 536
1535 537
1536 538
1537 539
1538 540
1539 541
1540 542
1541 543
1542 544
1543 545
1544 546
1545 547
1546 548
1547 549
1548 550
1549 551
1550 552
1551 553
1552 554
1553 555
1554 556
1555 557
1556 558
1557 559
1558 560
1559 561
1560 562
1561 563
1562 564
1563 565
1564 566
1565 567
1566 568
1567 569
1568 570
1569 571
1570 572
1571 573
1572 574
1573 575
1574 576
1575 577
1576 578
1577 579
1578 580
1579 581
1580 582
1581 583
1582 584
1583 585
1584 586
1585 587
1586 588
1587 589
1588 590
1589 591
1590 592
1591 593
1592 594
1593 595
1594 596
1595 597
1596 598
1597 599
1598 600
1599 601
1600 602
1601 603
1602 604
1603 605
1604 606
1605 607
1606 608
1607 609
1608 610
1609 611
1610 612
1611 613
1612 614
1613 615
1614 616
1615 617
1616 618
1617 619
1618 620
1619 621
1620 622
1621 623
1622 624
1623 625
1624 626
1625 627
1626 628
1627 629
1628 630
1629 631
1630 632
1631 633
1632 634
1633 635
1634 636
1635 637
1636 638
1637 639
1638 640
1639 641
1640 642
1641 643
1642 644
1643 645
1644 646
1645 647
1646 648
1647 649
1648 650
1649 651
1650 652
1651 653
1652 654
1653 655
1654 656
1655 657
1656 658
1657 659
1658 660
1659 662
1660 663
1661 664
1662 665
1663 666
1664 667
1665 668
1666 669
1667 670
1668 671
1669 672
1670 673
1671 674
1672 675
1673 676
1674 677
1675 678
1676 679
1677 680
1678 681
1679 682
1680 683
1681 684
1682 685
1683 686
1684 687
1685 688
1686 689
1687 690
1688 691
1689 692
1690 693
1691 694
1692 695
1693 696
1694 697
1695 698
1696 699
1697 700
1698 701
1699 702
1700 703
1701 704
1702 705
1703 706
1704 707
1705 708
1706 709
1707 710
1708 711
1709 712
1710 713
1711 714
1712 715
1713 716
1714 717
1715 718
1716 719
1717 720
1718 721
1719 722
1720 723
1721 724
1722 725
1723 726
1724 727
1725 728
1726 729
1727 730
1728 731
1729 732
1730 733
1731 734
1732 735
1733 736
1734 737
1735 738
1736 739
1737 740
1738 741
1739 742
1740 743
1741 744
1742 745
1743 746
1744 747
1745 748
1746 749
1747 750
1748 751
1749 752
1750 753
1751 754
1752 755
1753 756
1754 757
1755 758
1756 759
1757 760
1758 761
1759 762
1760 763
1761 764
1762 765
1763 766
1764 767
1765 768
1766 769
1767 770
1768 771
1769 772
1770 773
1771 774
1772 775
1773 776
1774 777
1775 778
1776 779
1777 780
1778 782
1779 783
1780 784
1781 785
1782 786
1783 787
1784 788
1785 789
1786 790
1787 791
1788 792
1789 793
1790 794
1791 795
1792 796
1793 797
1794 798
1795 799
1796 800
1797 801
1798 802
1799 803
1800 804
1801 805
1802 806
1803 807
1804 808
1805 809
1806 810
1807 811
1808 812
1809 813
1810 814
1811 815
1812 816
1813 817
1814 818
1815 819
1816 820
1817 821
1818 822
1819 823
1820 824
1821 825
1822 826
1823 827
1824 828
1825 829
1826 830
1827 831
1828 832
1829 833
1830 834
1831 835
1832 836
1833 837
1834 838
1835 839
1836 840
1837 841
1838 842
1839 843
1840 844
1841 845
1842 846
1843 847
1844 848
1845 849
1846 850
1847 851
1848 852
1849 853
1850 854
1851 855
1852 856
1853 857
1854 858
1855 859
1856 860
1857 861
1858 862
1859 863
1860 864
1861 865
1862 866
1863 867
1864 868
1865 869
1866 870
1867 871
1868 872
1869 873
1870 874
1871 875
1872 876
1873 877
1874 878
1875 879
1876 880
1877 881
1878 882
1879 883
1880 884
1881 885
1882 886
1883 887
1884 888
1885 889
1886 890
1887 891
1888 892
1889 893
1890 894
1891 895
1892 896
1893 897
1894 898
1895 899
1896 900
1897 901
1898 902
1899 903
1900 904
1901 905
1902 906
1903 907
1904 908
1905 909
1906 910
1907 911
1908 912
1909 913
1910 914
1911 915
1912 916
1913 917
1914 918
1915 919
1916 920
1917 921
1918 922
1919 923
1920 924
1921 925
1922 926
1923 927
1924 928
1925 929
1926 930
1927 931
1928 932
1929 933
1930 934
1931 935
1932 936
1933 937
1934 938
1935 939
1936 940
1937 941
1938 942
1939 943
1940 944
1941 945
1942 946
1943 947
1944 948
1945 949
1946 950
1947 951
1948 952
1949 953
1950 954
1951 955
1952 956
1953 957
1954 958
1955 959
1956 960
1957 961
1958 962
1959 963
1960 964
1961 965
1962 966
1963 967
1964 968
1965 969
1966 970
1967 971
1968 972
1969 973
1970 974
1971 975
1972 976
1973 977
1974 978
1975 979
1976 980
1977 981
1978 982
1979 983
1980 984
1981 985
1982 986
1983 987
1984 988
1985 989
1986 990
1987 991
1988 992
1989 993
1990 994
1991 995
1992 996
1993 997
1994 998
1995 999
1996 1000
1997 1001
1998 1002
1999 1003
2000 1004
2001 1005
2002 1006
2003 1007
2004 1008
2005 1009
2006 1010
2007 1011
2008 1012
2009 1013
2010 1014
2011 1015
2012 1016
2013 1017
2014 1018
2015 1019
2016 1020
2017 1021
2018 1022
2019 1023
2020 1024
2021 1025
2022 1026
2023 1027
2024 1028
2025 1029
2026 1030
2027 1031
2028 1032
2029 1033
2030 1034
2031 1035
2032 1036
2033 1037
2034 1038
2035 1039
2036 1040
2037 1041
2038 1042
2039 1043
2040 1044
2041 1045
2042 1046
2043 1047
2044 1048
2045 1049
2046 1050
2047 1051
2048 1052
2049 1053
2050 1054
2051 1055
2052 1056
2053 1057
2054 1058
2055 1059
2056 1060
2057 1061
2058 1062
2059 1063
2060 1064
2061 1065
2062 1066
2063 1067
2064 1068
2065 1069
2066 1070
2067 1071
2068 1072
2069 1073
2070 1074
2071 1075
2072 1076
2073 1077
2074 1078
2075 1079
2076 1080
2077 1081
2078 1082
2079 1083
2080 1084
2081 1085
2082 1086
2083 1087
2084 1088
2085 1089
2086 1090
2087 1091
2088 1092
2089 1093
2090 1094
2091 1095
2092 1096
2093 1097
2094 1098
2095 1099
2096 1100
2097 1101
2098 1102
2099 1103
2100 1104
2101 1105
2102 1106
2103 1107
2104 1108
2105 1109
2106 1110
2107 1111
2108 1112
2109 1113
2110 1114
2111 1115
2112 1116
2113 1117
2114 1118
2115 1119
2116 1120
2117 1121
2118 1122
2119 1123
2120 1124
2121 1125
2122 1126
2123 1127
2124 1128
2125 1129
2126 1130
2127 1131
2128 1132
2129 1133
2130 1134
2131 1135
2132 1136
2133 1137
2134 1138
2135 1139
2136 1140
2137 1141
2138 1142
2139 1143
2140 1144
2141 1145
2142 1146
2143 1147
2144 1148
2145 1149
2146 1150
2147 1151
2148 1152
2149 1153
2150 1154
2151 1155
2152 1156
2153 1157
2154 1158
2155 1159
2156 1160
2157 1161
2158 1162
2159 1163
2160 1164
2161 1165
2162 1166
2163 1167
2164 1168
2165 1169
2166 1170
2167 1171
2168 1172
2169 1173
2170 1174
2171 1175
2172 1176
2173 1177
2174 1178
2175 1179
2176 1180
2177 1181
2178 1182
2179 1183
2180 1184
2181 1185
2182 1186
2183 1187
2184 1188
2185 1189
2186 1190
2187 1191
2188 1192
2189 1193
2190 1194
2191 1195
2192 1196
2193 1197
2194 1198
2195 1199
2196 1200
2197 1201
2198 1202
2199 1203
2200 1204
2201 1205
2202 1206
2203 1207
2204 1208
2205 1209
2206 1210
2207 1211
2208 1212
2209 1213
2210 1214
2211 1215
2212 1216
2213 1217
2214 1218
2215 1219
2216 1220
2217 1221
2218 1222
2219 1223
2220 1224
2221 1225
2222 1226
2223 1227
2224 1228
2225 1229
2226 1230
2227 1231
2228 1232
2229 1233
2230 1234
2231 1235
2232 1236
2233 1237
2234 1238
2235 1239
2236 1240
2237 1241
2238 1242
2239 1243
2240 1244
2241 1245
2242 1246
2243 1247
2244 1248
2245 1249
2246 1250
2247 1251
2248 1252
2249 1253
2250 1254
2251 1255
2252 1256
2253 1257
2254 1258
2255 1259
2256 1260
2257 1261
2258 1262
2259 1263
2260 1264
2261 1265
2262 1266
2263 1267
2264 1268
2265 1269
2266 1270
2267 1271
2268 1272
2269 1273
2270 1274
2271 1275
2272 1276
2273 1277
2274 1278
2275 1279
2276 1280
2277 1281
2278 1282
2279 1283
2280 1284
2281 1285
2282 1286
2283 1287
2284 1288
2285 1289
2286 1290
2287 1291
2288 1292
2289 1293
2290 1294
2291 1295
2292 1296
2293 1297
2294 1298
2295 1299
2296 1300
2297 1301
2298 1302
2299 1303
2300 1304
2301 1305
2302 1306
2303 1307
2304 1308
2305 1309
2306 1310
2307 1311
2308 1312
2309 1313
2310 1315
2311 1316
2312 1317
2313 1318
2314 1319
2315 1320
2316 1321
2317 1322
2318 1323
2319 1324
2320 1325
2321 1326
2322 1327
2323 1328
2324 1329
2325 1330
2326 1331
2327 1332
2328 1333
2329 1334
2330 1335
2331 1336
2332 1337
2333 1338
2334 1339
2335 1340
2336 1341
2337 1342
2338 1343
2339 1344
2340 1345
2341 1346
2342 1347
2343 1348
2344 1349
2345 1350
2346 1351
2347 1352
2348 1353
2349 1354
2350 1355
2351 1356
2352 1357
2353 1358
2354 1359
2355 1360
2356 1361
2357 1362
2358 1363
2359 1364
2360 1365
2361 1366
2362 1367
2363 1368
2364 1369
2365 1370
2366 1371
2367 1372
2368 1373
2369 1374
2370 1375
2371 1376
2372 1377
2373 1378
2374 1379
2375 1380
2376 1381
2377 1382
2378 1383
2379 1384
2380 1385
2381 1386
2382 1387
2383 1388
2384 1389
2385 1390
2386 1391
2387 1392
2388 1393
2389 1394
2390 1395
2391 1396
2392 1397
2393 1398
2394 1399
2395 1400
2396 1401
2397 1402
2398 1403
2399 1404
2400 1405
2401 1406
2402 1407
2403 1408
2404 1409
2405 1410
2406 1411
2407 1412
2408 1413
2409 1414
2410 1415
2411 1416
2412 1417
2413 1418
2414 1419
2415 1420
2416 1421
2417 1422
2418 1423
2419 1424
2420 1425
2421 1426
2422 1427
2423 1428
2424 1429
2425 1430
2426 1431
2427 1432
2428 1433
2429 1434
2430 1435
2431 1436
2432 1437
2433 1438
2434 1439
2435 1440
2436 1441
2437 1442
2438 1443
2439 1444
2440 1445
2441 1446
2442 1447
2443 1448
2444 1449
2445 1450
2446 1451
2447 1452
2448 1453
2449 1454
2450 1455
2451 1456
2452 1457
2453 1458
2454 1459
2455 1460
2456 1461
2457 1462
2458 1463
2459 1464
2460 1465
2461 1466
2462 1467
2463 1468
2464 1469
2465 1470
2466 1471
2467 1472
2468 1473
2469 1474
2470 1475
2471 1476
2472 1477
2473 1478
2474 1479
2475 1480
2476 1481
2477 1482
2478 1483
2479 1484
2480 1485
2481 1486
2482 1487
2483 1488
2484 1489
2485 1490
2486 1491
2487 1492
2488 1493
2489 1494
2490 1495
2491 1496
2492 1497
2493 1498
2494 1499
2495 1500
2496 1501
2497 1502
2498 1503
2499 1504
2500 1505
2501 1506
2502 1507
2503 1508
2504 1509
2505 1510
2506 1511
2507 1512
2508 1513
2509 1515
2510 1516
2511 1517
2512 1518
2513 1519
2514 1520
2515 1521
2516 1522
2517 1523
2518 1524
2519 1525
2520 1526
2521 1527
2522 1528
2523 1529
2524 1530
2525 1531
2526 1532
2527 1533
2528 1534
2529 1535
2530 1536
2531 1537
2532 1538
2533 1539
2534 1540
2535 1541
2536 1542
2537 1543
2538 1544
2539 1545
2540 1546
2541 1547
2542 1548
2543 1549
2544 1550
2545 1551
2546 1552
2547 1553
2548 1554
2549 1555
2550 1556
2551 1557
2552 1558
2553 1559
2554 1560
2555 1561
2556 1562
2557 1563
2558 1564
2559 1565
2560 1566
2561 1567
2562 1568
2563 1569
2564 1570
2565 1571
2566 1572
2567 1573
2568 1574
2569 1575
2570 1576
2571 1577
2572 1578
2573 1579
2574 1580
2575 1581
2576 1582
2577 1583
2578 1584
2579 1585
2580 1586
2581 1587
2582 1588
2583 1589
2584 1590
2585 1591
2586 1592
2587 1593
2588 1594
2589 1595
2590 1596
2591 1597
2592 1598
2593 1599
2594 1600
2595 1601
2596 1602
2597 1603
2598 1604
2599 1605
2600 1606
2601 1607
2602 1608
2603 1609
2604 1610
2605 1611
2606 1612
2607 1613
2608 1614
2609 1615
2610 1616
2611 1617
2612 1618
2613 1619
2614 1620
2615 1621
2616 1622
2617 1623
2618 1624
2619 1625
2620 1626
2621 1627
2622 1628
2623 1629
2624 1630
2625 1631
2626 1632
2627 1633
2628 1634
2629 1635
2630 1636
2631 1637
2632 1638
2633 1639
2634 1640
2635 1641
2636 1642
2637 1643
2638 1644
2639 1645
2640 1646
2641 1647
2642 1648
2643 1649
2644 1650
2645 1651
2646 1652
2647 1653
2648 1654
2649 1655
2650 1656
2651 1657
2652 1658
2653 1659
2654 1660
2655 1661
2656 1662
2657 1663
2658 1664
2659 1665
2660 1666
2661 1667
2662 1668
2663 1669
2664 1670
2665 1671
2666 1672
2667 1673
2668 1674
2669 1675
2670 1676
2671 1677
2672 1678
2673 1679
2674 1680
2675 1681
2676 1682
2677 1683
2678 1684
2679 1685
2680 1686
2681 1687
2682 1688
2683 1689
2684 1690
2685 1691
2686 1692
2687 1693
2688 1694
2689 1695
2690 1696
2691 1697
2692 1698
2693 1699
2694 1700
2695 1701
2696 1702
2697 1703
2698 1704
2699 1705
2700 1706
2701 1707
2702 1708
2703 1709
2704 1710
2705 1711
2706 1712
2707 1713
2708 1714
2709 1715
2710 1716
2711 1717
2712 1718
2713 1719
2714 1720
2715 1721
2716 1722
2717 1723
2718 1724
2719 1725
2720 1726
2721 1727
2722 1728
2723 1729
2724 1730
2725 1731
2726 1732
2727 1733
2728 1734
2729 1735
2730 1736
2731 1737
2732 1738
2733 1739
2734 1740
2735 1741
2736 1742
2737 1743
2738 1744
2739 1745
2740 1746
2741 1747
2742 1748
2743 1749
2744 1750
2745 1751
2746 1752
2747 1753
2748 1754
2749 1755
2750 1756
2751 1757
2752 1758
2753 1759
2754 1760
2755 1761
2756 1762
2757 1763
2758 1764
2759 1765
2760 1766
2761 1767
2762 1768
2763 1769
2764 1770
2765 1771
2766 1772
2767 1773
2768 1774
2769 1775
2770 1776
2771 1777
2772 1778
2773 1779
2774 1780
2775 1781
2776 1782
2777 1783
2778 1784
2779 1785
2780 1786
2781 1787
2782 1788
2783 1789
2784 1790
2785 1791
2786 1792
2787 1793
2788 1794
2789 1795
2790 1796
2791 1797
2792 1798
2793 1799
2794 1800
2795 1801
2796 1802
2797 1803
2798 1804
2799 1805
2800 1806
2801 1807
2802 1808
2803 1809
2804 1810
2805 1811
2806 1812
2807 1813
2808 1814
2809 1815
2810 1816
2811 1817
2812 1818
2813 1819
2814 1820
2815 1821
2816 1822
2817 1823
2818 1824
2819 1825
2820 1826
2821 1827
2822 1828
2823 1829
2824 1830
2825 1831
2826 1832
2827 1833
2828 1834
2829 1835
2830 1836
2831 1837
2832 1838
2833 1839
2834 1840
2835 1841
2836 1842
2837 1843
2838 1844
2839 1845
2840 1846
2841 1847
2842 1848
2843 1849
2844 1850
2845 1851
2846 1852
2847 1853
2848 1854
2849 1855
2850 1856
2851 1857
2852 1858
2853 1859
2854 1860
2855 1861
2856 1862
2857 1863
2858 1864
2859 1865
2860 1866
2861 1867
2862 1868
2863 1869
2864 1870
2865 1871
2866 1872
2867 1873
2868 1874
2869 1875
2870 1876
2871 1877
2872 1878
2873 1879
2874 1880
2875 1881
2876 1882
2877 1883
2878 1884
2879 1885
2880 1886
2881 1887
2882 1888
2883 1889
2884 1890
2885 1891
2886 1892
2887 1893
2888 1894
2889 1895
2890 1896
2891 1897
2892 1898
2893 1899
2894 1900
2895 1901
2896 1902
2897 1903
2898 1904
2899 1905
2900 1906
2901 1907
2902 1908
2903 1909
2904 1910
2905 1911
2906 1912
2907 1913
2908 1914
2909 1915
2910 1916
2911 1917
2912 1918
2913 1919
2914 1920
2915 1921
2916 1922
2917 1923
2918 1924
2919 1925
2920 1926
2921 1927
2922 1928
2923 1929
2924 1930
2925 1931
2926 1932
2927 1933
2928 1934
2929 1935
2930 1936
2931 1937
2932 1938
2933 1939
2934 1940
2935 1941
2936 1942
2937 1943
2938 1944
2939 1945
2940 1946
2941 1947
2942 1948
2943 1949
2944 1950
2945 1951
2946 1952
2947 1953
2948 1954
2949 1955
2950 1956
2951 1957
2952 1958
2953 1959
2954 1960
2955 1961
2956 1962
2957 1963
2958 1964
2959 1965
2960 1966
2961 1967
2962 1968
2963 1969
2964 1970
2965 1971
2966 1972
2967 1973
2968 1974
2969 1975
2970 1976
2971 1977
2972 1978
2973 1979
2974 1980
2975 1981
2976 1982
2977 1983
2978 1984
2979 1985
2980 1986
2981 1987
2982 1988
2983 1989
2984 1990
2985 1991
2986 1992
2987 1993
2988 1994
2989 1995
2990 1996
2991 1997
2992 1998
2993 1999
2994 2000
2995 2001
2996 2002
2997 2003
2998 2004
2999 2005
3000 2006
3001 2007
3002 2008
3003 2009
3004 2010
3005 2011
3006 2012
3007 2013
3008 2014
3009 2015
3010 2016
3011 2017
3012 2018
3013 2019
3014 2020
3015 2021
3016 2022
3017 2023
3018 2024
3019 2025
3020 2026
3021 2027
3022 2028
3023 2029
3024 2030
3025 2031
3026 2032
3027 2033
3028 2034
3029 2035
3030 2036
3031 2037
3032 2038
3033 2039
3034 2040
3035 2041
3036 2042
3037 2043
3038 2044
3039 2045
3040 2046
3041 2047
3042 2048
3043 2049
3044 2050
3045 2051
3046 2052
3047 2053
3048 2054
3049 2055
3050 2056
3051 2057
3052 2058
3053 2059
3054 2060
3055 2061
3056 2062
3057 2063
3058 2064
3059 2065
3060 2066
3061 2067
3062 2068
3063 2069
3064 2070
3065 2071
3066 2072
3067 2073
3068 2074
3069 2075
3070 2076
3071 2077
3072 2078
3073 2079
3074 2080
3075 2081
3076 2082
3077 2083
3078 2084
3079 2085
3080 2086
3081 2087
3082 2088
3083 2089
3084 2090
3085 2091
3086 2092
3087 2093
3088 2094
3089 2095
3090 2096
3091 2097
3092 2098
3093 2099
3094 2100
3095 2101
3096 2102
3097 2103
3098 2104
3099 2105
3100 2106
3101 2107
3102 2108
3103 2109
3104 2110
3105 2111
3106 2112
3107 2113
3108 2114
3109 2115
3110 2116
3111 2117
3112 2118
3113 2119
3114 2120
3115 2121
3116 2122
3117 2123
3118 2124
3119 2125
3120 2126
3121 2127
3122 2128
3123 2129
3124 2130
3125 2131
3126 2132
3127 2133
3128 2134
3129 2135
3130 2136
3131 2137
3132 2138
3133 2139
3134 2140
3135 2141
3136 2142
3137 2143
3138 2144
3139 2145
3140 2146
3141 2147
3142 2148
3143 2149
3144 2150
3145 2151
3146 2152
3147 2153
3148 2154
3149 2155
3150 2156
3151 2157
3152 2158
3153 2159
3154 2160
3155 2161
3156 2162
3157 2163
3158 2164
3159 2165
3160 2166
3161 2167
3162 2168
3163 2169
3164 2170
3165 2171
3166 2172
3167 2173
3168 2174
3169 2175
3170 2176
3171 2177
3172 2178
3173 2179
3174 2180
3175 2181
3176 2182
3177 2183
3178 2184
3179 2185
3180 2186
3181 2187
3182 2188
3183 2189
3184 2190
3185 2191
3186 2192
3187 2193
3188 2194
3189 2195
3190 2196
3191 2197
3192 2198
3193 2199
3194 2200
3195 2201
3196 2202
3197 2203
3198 2204
3199 2205
3200 2206
3201 2207
3202 2208
3203 2209
3204 2210
3205 2211
3206 2212
3207 2213
3208 2214
3209 2215
3210 2216
3211 2217
3212 2218
3213 2219
3214 2220
3215 2221
3216 2222
3217 2223
3218 2224
3219 2225
3220 2226
3221 2227
3222 2228
3223 2229
3224 2230
3225 2231
3226 2232
3227 2233
3228 2234
3229 2235
3230 2236
3231 2237
3232 2238
3233 2239
3234 2240
3235 2241
3236 2242
3237 2243
3238 2243
3239 2244
3240 2245
3241 2246
3242 2247
3243 2248
3244 2249
3245 2250
3246 2251
3247 2252
3248 2253
3249 2254
3250 2255
3251 2256
3252 2257
3253 2258
3254 2259
3255 2260
3256 2261
3257 2262
3258 2263
3259 2264
3260 2265
3261 2266
3262 2267
3263 2268
3264 2269
3265 2270
3266 2271
3267 2272
3268 2273
3269 2274
3270 2275
3271 2276
3272 2277
3273 2278
3274 2279
3275 2280
3276 2281
3277 2282
3278 2283
3279 2284
3280 2285
3281 2286
3282 2287
3283 2288
3284 2289
3285 2290
3286 2291
3287 2292
3288 2293
3289 2294
3290 2295
3291 2296
3292 2297
3293 2298
3294 2299
3295 2300
3296 2301
3297 2302
3298 2303
3299 2304
3300 2305
3301 2306
3302 2307
3303 2308
3304 2309
3305 2310
3306 2311
3307 2312
3308 2313
3309 2314
3310 2315
3311 2316
3312 2317
3313 2318
3314 2319
3315 2320
3316 2321
3317 2322
3318 2323
3319 2324
3320 2325
3321 2326
3322 2327
3323 2328
3324 2329
3325 2330
3326 2331
3327 2332
3328 2333
3329 2334
3330 2335
3331 2336
3332 2337
3333 2338
3334 2339
3335 2340
3336 2341
3337 2342
3338 2343
3339 2344
3340 2345
3341 2346
3342 2347
3343 2348
3344 2349
3345 2350
3346 2351
3347 2352
3348 2353
3349 2354
3350 2355
3351 2356
3352 2357
3353 2358
3354 2359
3355 2360
3356 2361
3357 2362
3358 2363
3359 2364
3360 2365
3361 2366
3362 2367
3363 2368
3364 2369
3365 2370
3366 2371
3367 2372
3368 2373
3369 2374
3370 2375
3371 2376
3372 2377
3373 2378
3374 2379
3375 2380
3376 2381
3377 2382
3378 2383
3379 2384
3380 2385
3381 2386
3382 2387
3383 2388
3384 2389
3385 2390
3386 2391
3387 2392
3388 2393
3389 2394
3390 2395
3391 2396
3392 2397
3393 2398
3394 2399
3395 2400
3396 2401
3397 2402
3398 2403
3399 2404
3400 2405
3401 2406
3402 2407
3403 2408
3404 2409
3405 2410
3406 2411
3407 2412
3408 2413
3409 2414
3410 2415
3411 2416
3412 2417
3413 2418
3414 2419
3415 2420
3416 2421
3417 2422
3418 2423
3419 2424
3420 2425
3421 2426
3422 2427
3423 2428
3424 2429
3425 2430
3426 2431
3427 2432
3428 2433
3429 2434
3430 2435
3431 2436
3432 2437
3433 2438
3434 2439
3435 2440
3436 2441
3437 2442
3438 2443
3439 2444
3440 2445
3441 2446
3442 2447
3443 2448
3444 2449
3445 2450
3446 2451
3447 2452
3448 2453
3449 2454
3450 2455
3451 2456
3452 2457
3453 2458
3454 2459
3455 2460
3456 2461
3457 2462
3458 2463
3459 2464
3460 2465
3461 2466
3462 2467
3463 2468
3464 2469
3465 2470
3466 2471
3467 2472
3468 2473
3469 2474
3470 2475
3471 2476
3472 2477
3473 2478
3474 2479
3475 2480
3476 2481
3477 2482
3478 2483
3479 2484
3480 2485
3481 2486
3482 2487
3483 2488
3484 2489
3485 2490
3486 2491
3487 2492
3488 2493
3489 2494
3490 2495
3491 2496
3492 2497
3493 2498
3494 2499
3495 2500
3496 2501
3497 2502
3498 2503
3499 2504
3500 2505
3501 2506
3502 2507
3503 2508
3504 2509
3505 2510
3506 2511
3507 2512
3508 2513
3509 2514
3510 2515
3511 2516
3512 2517
3513 2518
3514 2519
3515 2520
3516 2521
3517 2522
3518 2523
3519 2524
3520 2525
3521 2526
3522 2527
3523 2528
3524 2529
3525 2530
3526 2531
3527 2532
3528 2533
3529 2534
3530 2535
3531 2536
3532 2537
3533 2538
3534 2539
3535 2540
3536 2541
3537 2542
3538 2543
3539 2544
3540 2545
3541 2546
3542 2547
3543 2548
3544 2549
3545 2550
3546 2551
3547 2552
3548 2553
3549 2554
3550 2555
3551 2556
3552 2557
3553 2558
3554 2559
3555 2560
3556 2561
3557 2562
3558 2563
3559 2564
3560 2565
3561 2566
3562 2567
3563 2568
3564 2569
3565 2570
3566 2571
3567 2572
3568 2573
3569 2574
3570 2575
3571 2576
3572 2577
3573 2578
3574 2579
3575 2580
3576 2581
3577 2582
3578 2583
3579 2584
3580 2585
3581 2586
3582 2587
3583 2588
3584 2589
3585 2590
3586 2591
3587 2592
3588 2593
3589 2594
3590 2595
3591 2596
3592 2597
3593 2598
3594 2599
3595 2600
3596 2601
3597 2602
3598 2603
3599 2604
3600 2605
3601 2606
3602 2607
3603 2608
3604 2609
3605 2610
3606 2611
3607 2612
3608 2613
3609 2614
3610 2615
3611 2616
3612 2617
3613 2618
3614 2619
3615 2620
3616 2621
3617 2622
3618 2623
3619 2624
3620 2625
3621 2626
3622 2627
3623 2628
3624 2629
3625 2630
3626 2631
3627 2632
3628 2633
3629 2634
3630 2635
3631 2636
3632 2637
3633 2638
3634 2639
3635 2640
3636 2641
3637 2642
3638 2643
3639 2644
3640 2645
3641 2646
3642 2647
3643 2648
3644 2649
3645 2650
3646 2651
3647 2652
3648 2653
3649 2654
3650 2655
3651 2656
3652 2657
3653 2658
3654 2659
3655 2660
3656 2661
3657 2662
3658 2663
3659 2664
3660 2665
3661 2666
3662 2667
3663 2668
3664 2669
3665 2670
3666 2671
3667 2672
3668 2673
3669 2674
3670 2675
3671 2676
3672 2677
3673 2678
3674 2679
3675 2680
3676 2681
3677 2682
3678 2683
3679 2684
3680 2685
3681 2686
3682 2687
3683 2688
3684 2689
3685 2690
3686 2691
3687 2692
3688 2693
3689 2694
3690 2695
3691 2696
3692 2697
3693 2698
3694 2699
3695 2700
3696 2701
3697 2702
3698 2703
3699 2704
3700 2705
3701 2706
3702 2707
3703 2708
3704 2709
3705 2710
3706 2711
3707 2712
3708 2713
3709 2714
3710 2715
3711 2716
3712 2717
3713 2718
3714 2719
3715 2720
3716 2721
3717 2722
3718 2723
3719 2724
3720 2725
3721 2726
3722 2727
3723 2728
3724 2729
3725 2730
3726 2731
3727 2732
3728 2733
3729 2734
3730 2735
3731 2736
3732 2737
3733 2738
3734 2739
3735 2740
3736 2741
3737 2742
3738 2743
3739 2744
3740 2745
3741 2746
3742 2747
3743 2748
3744 2749
3745 2750
3746 2751
3747 2752
3748 2753
3749 2754
3750 2755
3751 2756
3752 2757
3753 2758
3754 2759
3755 2760
3756 2761
3757 2762
3758 2763
3759 2764
3760 2765
3761 2766
3762 2767
3763 2768
3764 2769
3765 2770
3766 2771
3767 2772
3768 2773
3769 2774
3770 2775
3771 2776
3772 2777
3773 2778
3774 2779
3775 2780
3776 2781
3777 2782
3778 2783
3779 2784
3780 2785
3781 2786
3782 2787
3783 2788
3784 2789
3785 2790
3786 2791
3787 2792
3788 2793
3789 2794
3790 2795
3791 2796
3792 2797
3793 2798
3794 2799
3795 2800
3796 2801
3797 2802
3798 2803
3799 2804
3800 2805
3801 2806
3802 2807
3803 2808
3804 2809
3805 2810
3806 2811
3807 2812
3808 2813
3809 2814
3810 2815
3811 2816
3812 2817
3813 2818
3814 2819
3815 2820
3816 2821
3817 2822
3818 2823
3819 2824
3820 2825
3821 2826
3822 2827
3823 2828
3824 2829
3825 2830
3826 2831
3827 2832
3828 2833
3829 2834
3830 2835
3831 2836
3832 2837
3833 2838
3834 2839
3835 2840
3836 2841
3837 2842
3838 2843
3839 2844
3840 2845
3841 2846
3842 2847
3843 2848
3844 2849
3845 2850
3846 2851
3847 2852
3848 2853
3849 2854
3850 2855
3851 2856
3852 2857
3853 2858
3854 2859
3855 2860
3856 2861
3857 2862
3858 2863
3859 2864
3860 2865
3861 2866
3862 2867
3863 2868
3864 2869
3865 2870
3866 2871
3867 2872
3868 2873
3869 2874
3870 2875
3871 2876
3872 2877
3873 2878
3874 2879
3875 2880
3876 2881
3877 2882
3878 2883
3879 2884
3880 2885
3881 2886
3882 2887
3883 2888
3884 2889
3885 2890
3886 2891
3887 2892
3888 2893
3889 2894
3890 2895
3891 2896
3892 2897
3893 2898
3894 2899
3895 2900
3896 2901
3897 2902
3898 2903
3899 2904
3900 2905
3901 2906
3902 2907
3903 2908
3904 2909
3905 2910
3906 2911
3907 2912
3908 2913
3909 2914
3910 2915
3911 2916
3912 2917
3913 2918
3914 2919
3915 2920
3916 2921
3917 2922
3918 2923
3919 2924
3920 2925
3921 2926
3922 2927
3923 2928
3924 2929
3925 2930
3926 2931
3927 2932
3928 2933
3929 2934
3930 2935
3931 2936
3932 2937
3933 2938
3934 2939
3935 2940
3936 2941
3937 2942
3938 2943
3939 2944
3940 2945
3941 2946
3942 2947
3943 2948
3944 2949
3945 2950
3946 2951
3947 2952
3948 2953
3949 2954
3950 2955
3951 2956
3952 2957
3953 2958
3954 2959
3955 2960
3956 2961
3957 2962
3958 2963
3959 2964
3960 2965
3961 2966
3962 2967
3963 2968
3964 2969
3965 2970
3966 2971
3967 2972
3968 2973
3969 2974
3970 2975
3971 2976
3972 2977
3973 2978
3974 2979
3975 2980
3976 2981
3977 2982
3978 2983
3979 2984
3980 2985
3981 2986
3982 2987
3983 2988
3984 2989
3985 2991
3986 2992
3987 2993
3988 2994
3989 2995
3990 2996
3991 2997
3992 2998
3993 2999
3994 3000
3995 3001
3996 3002
3997 3003
3998 3004
3999 3005
4000 3006
4001 3007
4002 3008
4003 3009
4004 3010
4005 3011
4006 3012
4007 3013
4008 3014
4009 3015
4010 3016
4011 3017
4012 3018
4013 3019
4014 3020
4015 3021
4016 3022
4017 3023
4018 3024
4019 3025
4020 3026
4021 3027
4022 3028
4023 3029
4024 3030
4025 3031
4026 3033
4027 3034
4028 3035
4029 3036
4030 3037
4031 3038
4032 3039
4033 3040
4034 3041
4035 3042
4036 3043
4037 3044
4038 3045
4039 3046
4040 3047
4041 3048
4042 3049
4043 3050
4044 3051
4045 3052
4046 3053
4047 3054
4048 3055
4049 3056
4050 3057
4051 3058
4052 3059
4053 3060
4054 3061
4055 3062
4056 3063
4057 3064
4058 3065
4059 3066
4060 3067
4061 3068
4062 3069
4063 3070
4064 3071
4065 3072
4066 3073
4067 3074
4068 3075
4069 3076
4070 3077
4071 3078
4072 3079
4073 3080
4074 3081
4075 3082
4076 3083
4077 3084
4078 3085
4079 3086
4080 3087
4081 3088
4082 3089
4083 3090
4084 3091
4085 3092
4086 3093
4087 3094
4088 3095
4089 3096
4090 3097
4091 3098
4092 3099
4093 3100
4094 3101
4095 3102
4096 3103
4097 3104
4098 3105
4099 3106
4100 3107
4101 3108
4102 3109
4103 3110
4104 3111
4105 3112
4106 3113
4107 3114
4108 3115
4109 3116
4110 3117
4111 3118
4112 3119
4113 3120
4114 3121
4115 3122
4116 3123
4117 3124
4118 3125
4119 3126
4120 3127
4121 3128
4122 3129
4123 3130
4124 3131
4125 3132
4126 3133
4127 3135
4128 3136
4129 3137
4130 3138
4131 3139
4132 3140
4133 3141
4134 3142
4135 3143
4136 3144
4137 3145
4138 3146
4139 3147
4140 3148
4141 3149
4142 3150
4143 3151
4144 3152
4145 3153
4146 3154
4147 3155
4148 3156
4149 3157
4150 3158
4151 3159
4152 3160
4153 3161
4154 3162
4155 3163
4156 3164
4157 3165
4158 3166
4159 3167
4160 3168
4161 3169
4162 3170
4163 3171
4164 3172
4165 3173
4166 3174
4167 3175
4168 3176
4169 3177
4170 3178
4171 3179
4172 3180
4173 3181
4174 3182
4175 3183
4176 3184
4177 3185
4178 3186
4179 3187
4180 3188
4181 3189
4182 3190
4183 3191
4184 3192
4185 3193
4186 3194
4187 3195
4188 3196
4189 3197
4190 3198
4191 3199
4192 3200
4193 3201
4194 3202
4195 3203
4196 3204
4197 3205
4198 3206
4199 3207
4200 3208
4201 3209
4202 3210
4203 3211
4204 3212
4205 3213
4206 3214
4207 3215
4208 3216
4209 3217
4210 3218
4211 3219
4212 3220
4213 3221
4214 3222
4215 3223
4216 3224
4217 3225
4218 3226
4219 3227
4220 3228
4221 3229
4222 3230
4223 3232
4224 3233
4225 3234
4226 3235
4227 3236
4228 3237
4229 3238
4230 3239
4231 3240
4232 3241
4233 3242
4234 3243
4235 3244
4236 3245
4237 3246
4238 3247
4239 3248
4240 3249
4241 3250
4242 3251
4243 3252
4244 3253
4245 3254
4246 3255
4247 3256
4248 3257
4249 3258
4250 3259
4251 3260
4252 3261
4253 3262
4254 3263
4255 3264
4256 3265
4257 3266
4258 3267
4259 3268
4260 3269
4261 3270
4262 3271
4263 3272
4264 3273
4265 3274
4266 3275
4267 3276
4268 3277
4269 3278
4270 3279
4271 3280
4272 3281
4273 3282
4274 3283
4275 3284
4276 3285
4277 3286
4278 3287
4279 3288
4280 3289
4281 3290
4282 3291
4283 3292
4284 3293
4285 3294
4286 3295
4287 3296
4288 3297
4289 3298
4290 3299
4291 3300
4292 3301
4293 3302
4294 3303
4295 3304
4296 3305
4297 3306
4298 3307
4299 3308
4300 3309
4301 3310
4302 3311
4303 3312
4304 3313
4305 3314
4306 3315
4307 3316
4308 3317
4309 3318
4310 3319
4311 3320
4312 3321
4313 3322
4314 3323
4315 3324
4316 3325
4317 3326
4318 3327
4319 3328
4320 3329
4321 3330
4322 3331
4323 3332
4324 3333
4325 3334
4326 3335
4327 3336
4328 3337
4329 3338
4330 3339
4331 3340
4332 3341
4333 3342
4334 3343
4335 3344
4336 3345
4337 3346
4338 3347
4339 3348
4340 3349
4341 3350
4342 3351
4343 3352
4344 3353
4345 3354
4346 3355
4347 3356
4348 3357
4349 3358
4350 3359
4351 3360
4352 3361
4353 3362
4354 3363
4355 3364
4356 3365
4357 3366
4358 3367
4359 3368
4360 3369
4361 3370
4362 3371
4363 3372
4364 3373
4365 3374
4366 3375
4367 3376
4368 3377
4369 3378
4370 3379
4371 3380
4372 3381
4373 3382
4374 3383
4375 3384
4376 3385
4377 3386
4378 3387
4379 3388
4380 3389
4381 3390
4382 3391
4383 3392
4384 3393
4385 3394
4386 3395
4387 3396
4388 3397
4389 3398
4390 3399
4391 3400
4392 3401
4393 3402
4394 3403
4395 3404
4396 3405
4397 3406
4398 3407
4399 3408
4400 3409
4401 3410
4402 3411
4403 3412
4404 3413
4405 3414
4406 3415
4407 3416
4408 3417
4409 3418
4410 3419
4411 3420
4412 3421
4413 3422
4414 3423
4415 3424
4416 3425
4417 3426
4418 3427
4419 3428
4420 3429
4421 3430
4422 3431
4423 3432
4424 3433
4425 3434
4426 3435
4427 3436
4428 3437
4429 3438
4430 3439
4431 3440
4432 3441
4433 3442
4434 3443
4435 3444
4436 3445
4437 3446
4438 3447
4439 3448
4440 3449
4441 3450
4442 3451
4443 3452
4444 3453
4445 3454
4446 3455
4447 3456
4448 3457
4449 3458
4450 3459
4451 3460
4452 3461
4453 3462
4454 3463
4455 3464
4456 3465
4457 3466
4458 3467
4459 3468
4460 3469
4461 3470
4462 3471
4463 3472
4464 3473
4465 3474
4466 3475
4467 3476
4468 3477
4469 3478
4470 3479
4471 3480
4472 3481
4473 3482
4474 3483
4475 3484
4476 3485
4477 3486
4478 3487
4479 3488
4480 3489
4481 3490
4482 3491
4483 3492
4484 3493
4485 3494
4486 3495
4487 3496
4488 3497
4489 3498
4490 3499
4491 3500
4492 3501
4493 3502
4494 3503
4495 3504
4496 3505
4497 3506
4498 3507
4499 3508
4500 3509
4501 3510
4502 3511
4503 3512
4504 3513
4505 3514
4506 3515
4507 3516
4508 3517
4509 3518
4510 3519
4511 3520
4512 3521
4513 3522
4514 3523
4515 3524
4516 3525
4517 3526
4518 3527
4519 3528
4520 3529
4521 3530
4522 3531
4523 3532
4524 3533
4525 3534
4526 3535
4527 3536
4528 3537
4529 3538
4530 3539
4531 3540
4532 3541
4533 3542
4534 3543
4535 3544
4536 3545
4537 3546
4538 3547
4539 3548
4540 3549
4541 3550
4542 3551
4543 3552
4544 3553
4545 3554
4546 3555
4547 3556
4548 3557
4549 3558
4550 3559
4551 3560
4552 3561
4553 3562
4554 3563
4555 3564
4556 3565
4557 3566
4558 3567
4559 3568
4560 3569
4561 3570
4562 3571
4563 3572
4564 3573
4565 3574
4566 3575
4567 3576
4568 3577
4569 3578
4570 3579
4571 3580
4572 3581
4573 3582
4574 3583
4575 3584
4576 3585
4577 3586
4578 3587
4579 3588
4580 3589
4581 3590
4582 3591
4583 3592
4584 3593
4585 3594
4586 3595
4587 3596
4588 3597
4589 3598
4590 3599
4591 3600
4592 3601
4593 3602
4594 3603
4595 3604
4596 3605
4597 3606
4598 3607
4599 3608
4600 3609
4601 3610
4602 3611
4603 3612
4604 3613
4605 3614
4606 3615
4607 3616
4608 3617
4609 3618
4610 3619
4611 3620
4612 3621
4613 3622
4614 3623
4615 3624
4616 3625
4617 3626
4618 3627
4619 3628
4620 3629
4621 3630
4622 3631
4623 3632
4624 3633
4625 3634
4626 3635
4627 3636
4628 3637
4629 3638
4630 3639
4631 3640
4632 3641
4633 3642
4634 3643
4635 3644
4636 3645
4637 3646
4638 3647
4639 3648
4640 3649
4641 3650
4642 3651
4643 3652
4644 3653
4645 3654
4646 3655
4647 3656
4648 3657
4649 3658
4650 3659
4651 3660
4652 3661
4653 3663
4654 3664
4655 3665
4656 3666
4657 3667
4658 3668
4659 3669
4660 3670
4661 3671
4662 3672
4663 3673
4664 3674
4665 3675
4666 3676
4667 3677
4668 3678
4669 3679
4670 3680
4671 3681
4672 3682
4673 3683
4674 3684
4675 3685
4676 3686
4677 3687
4678 3688
4679 3689
4680 3690
4681 3691
4682 3692
4683 3693
4684 3694
4685 3695
4686 3696
4687 3697
4688 3698
4689 3699
4690 3700
4691 3701
4692 3702
4693 3703
4694 3704
4695 3705
4696 3706
4697 3707
4698 3708
4699 3709
4700 3710
4701 3711
4702 3712
4703 3713
4704 3714
4705 3715
4706 3716
4707 3717
4708 3718
4709 3719
4710 3720
4711 3721
4712 3722
4713 3723
4714 3724
4715 3725
4716 3726
4717 3727
4718 3728
4719 3729
4720 3730
4721 3731
4722 3732
4723 3733
4724 3734
4725 3735
4726 3736
4727 3737
4728 3738
4729 3739
4730 3740
4731 3741
4732 3742
4733 3743
4734 3744
4735 3745
4736 3746
4737 3747
4738 3748
4739 3749
4740 3750
4741 3751
4742 3752
4743 3753
4744 3754
4745 3755
4746 3756
4747 3757
4748 3758
4749 3759
4750 3760
4751 3761
4752 3762
4753 3763
4754 3764
4755 3765
4756 3766
4757 3767
4758 3768
4759 3769
4760 3770
4761 3771
4762 3772
4763 3773
4764 3775
4765 3776
4766 3777
4767 3778
4768 3779
4769 3781
4770 3782
4771 3783
4772 3784
4773 3785
4774 3786
4775 3787
4776 3788
4777 3789
4778 3790
4779 3791
4780 3792
4781 3793
4782 3794
4783 3795
4784 3796
4785 3797
4786 3798
4787 3799
4788 3800
4789 3801
4790 3802
4791 3803
4792 3804
4793 3805
4794 3806
4795 3807
4796 3808
4797 3809
4798 3810
4799 3811
4800 3812
4801 3813
4802 3814
4803 3815
4804 3816
4805 3817
4806 3818
4807 3819
4808 3820
4809 3821
4810 3822
4811 3823
4812 3824
4813 3825
4814 3826
4815 3828
4816 3829
4817 3830
4818 3831
4819 3832
4820 3833
4821 3834
4822 3835
4823 3836
4824 3837
4825 3838
4826 3839
4827 3840
4828 3841
4829 3842
4830 3843
4831 3844
4832 3845
4833 3846
4834 3847
4835 3848
4836 3849
4837 3850
4838 3851
4839 3852
4840 3853
4841 3854
4842 3855
4843 3856
4844 3857
4845 3858
4846 3859
4847 3860
4848 3861
4849 3862
4850 3863
4851 3864
4852 3865
4853 3866
4854 3867
4855 3868
4856 3869
4857 3870
4858 3871
4859 3872
4860 3873
4861 3874
4862 3875
4863 3876
4864 3877
4865 3878
4866 3879
4867 3880
4868 3881
4869 3882
4870 3883
4871 3884
4872 3885
4873 3886
4874 3887
4875 3888
4876 3889
4877 3890
4878 3891
4879 3892
4880 3893
4881 3894
4882 3895
4883 3896
4884 3897
4885 3898
4886 3899
4887 3900
4888 3901
4889 3902
4890 3903
4891 3904
4892 3905
4893 3906
4894 3907
4895 3908
4896 3909
4897 3910
4898 3911
4899 3912
4900 3913
4901 3914
4902 3915
4903 3916
4904 3917
4905 3918
4906 3919
4907 3920
4908 3921
4909 3922
4910 3923
4911 3924
4912 3925
4913 3926
4914 3927
4915 3928
4916 3929
4917 3930
4918 3931
4919 3932
4920 3933
4921 3934
4922 3935
4923 3936
4924 3937
4925 3938
4926 3939
4927 3940
4928 3941
4929 3942
4930 3943
4931 3944
4932 3946
4933 3947
4934 3948
4935 3949
4936 3950
4937 3951
4938 3952
4939 3953
4940 3954
4941 3955
4942 3956
4943 3957
4944 3959
4945 3960
4946 3961
4947 3962
4948 3963
4949 3964
4950 3965
4951 3966
4952 3967
4953 3968
4954 3969
4955 3970
4956 3971
4957 3972
4958 3973
4959 3974
4960 3975
4961 3976
4962 3977
4963 3978
4964 3979
4965 3980
4966 3981
4967 3982
4968 3983
4969 3984
4970 3985
4971 3986
4972 3987
4973 3988
4974 3989
4975 3990
4976 3991
4977 3992
4978 3993
4979 3994
4980 3995
4981 3996
4982 3997
4983 3998
4984 3999
4985 4000
4986 4001
4987 4002
4988 4003
4989 4004
4990 4005
4991 4006
4992 4007
4993 4008
4994 4009
4995 4010
4996 4011
4997 4012
4998 4013
4999 4014
5000 4015
5001 4016
5002 4017
5003 4018
5004 4019
5005 4020
5006 4021
5007 4022
5008 4023
5009 4024
5010 4025
5011 4026
5012 4027
5013 4028
5014 4029
5015 4030
5016 4031
5017 4032
5018 4033
5019 4034
5020 4035
5021 4036
5022 4037
5023 4038
5024 4039
5025 4040
5026 4041
5027 4042
5028 4043
5029 4044
5030 4045
5031 4046
5032 4047
5033 4048
5034 4049
5035 4050
5036 4051
5037 4052
5038 4053
5039 4054
5040 4055
5041 4056
5042 4057
5043 4058
5044 4059
5045 4060
5046 4061
5047 4062
5048 4063
5049 4064
5050 4065
5051 4066
5052 4067
5053 4068
5054 4069
5055 4070
5056 4071
5057 4072
5058 4073
5059 4074
5060 4075
5061 4076
5062 4077
5063 4078
5064 4079
5065 4080
5066 4081
5067 4082
5068 4083
5069 4084
5070 4085
5071 4086
5072 4087
5073 4088
5074 4089
5075 4090
5076 4091
5077 4092
5078 4093
5079 4094
5080 4095
5081 4096
5082 4097
5083 4098
5084 4099
5085 4100
5086 4101
5087 4102
5088 4103
5089 4104
5090 4105
5091 4106
5092 4107
5093 4108
5094 4109
5095 4110
5096 4111
5097 4112
5098 4113
5099 4114
5100 4115
5101 4116
5102 4117
5103 4118
5104 4119
5105 4120
5106 4121
5107 4122
5108 4123
5109 4124
5110 4125
5111 4126
5112 4127
5113 4128
5114 4129
5115 4130
5116 4131
5117 4132
5118 4133
5119 4134
5120 4135
5121 4136
5122 4137
5123 4138
5124 4139
5125 4140
5126 4141
5127 4142
5128 4143
5129 4144
5130 4145
5131 4146
5132 4147
5133 4148
5134 4149
5135 4150
5136 4151
5137 4152
5138 4153
5139 4154
5140 4155
5141 4156
5142 4157
5143 4158
5144 4159
5145 4160
5146 4161
5147 4162
5148 4163
5149 4164
5150 4165
5151 4166
5152 4167
5153 4168
5154 4169
5155 4170
5156 4171
5157 4172
5158 4173
5159 4174
5160 4175
5161 4176
5162 4177
5163 4178
5164 4179
5165 4180
5166 4181
5167 4182
5168 4183
5169 4184
5170 4185
5171 4186
5172 4187
5173 4188
5174 4189
5175 4190
5176 4191
5177 4192
5178 4193
5179 4194
5180 4195
5181 4196
5182 4197
5183 4198
5184 4199
5185 4200
5186 4201
5187 4202
5188 4203
5189 4204
5190 4205
5191 4206
5192 4207
5193 4208
5194 4209
5195 4210
5196 4211
5197 4212
5198 4213
5199 4214
5200 4215
5201 4216
5202 4217
5203 4218
5204 4219
5205 4220
5206 4221
5207 4222
5208 4223
5209 4224
5210 4225
5211 4226
5212 4227
5213 4228
5214 4229
5215 4230
5216 4231
5217 4232
5218 4233
5219 4234
5220 4235
5221 4236
5222 4237
5223 4238
5224 4239
5225 4240
5226 4241
5227 4242
5228 4243
5229 4244
5230 4245
5231 4246
5232 4247
5233 4248
5234 4249
5235 4250
5236 4251
5237 4252
5238 4253
5239 4254
5240 4255
5241 4256
5242 4257
5243 4258
5244 4259
5245 4260
5246 4261
5247 4262
5248 4263
5249 4264
5250 4265
5251 4266
5252 4267
5253 4268
5254 4269
5255 4270
5256 4271
5257 4272
5258 4273
5259 4274
5260 4275
5261 4276
5262 4277
5263 4278
5264 4279
5265 4280
5266 4281
5267 4282
5268 4283
5269 4284
5270 4285
5271 4286
5272 4287
5273 4288
5274 4289
5275 4290
5276 4291
5277 4292
5278 4293
5279 4294
5280 4295
5281 4296
5282 4297
5283 4298
5284 4299
5285 4300
5286 4301
5287 4302
5288 4303
5289 4304
5290 4305
5291 4306
5292 4307
5293 4308
5294 4309
5295 4310
5296 4311
5297 4312
5298 4313
5299 4314
5300 4315
5301 4316
5302 4317
5303 4318
5304 4319
5305 4320
5306 4321
5307 4322
5308 4323
5309 4324
5310 4325
5311 4326
5312 4327
5313 4328
5314 4329
5315 4330
5316 4331
5317 4332
5318 4333
5319 4334
5320 4335
5321 4336
5322 4337
5323 4338
5324 4339
5325 4340
5326 4341
5327 4342
5328 4343
5329 4344
5330 4345
5331 4346
5332 4347
5333 4348
5334 4349
5335 4350
5336 4351
5337 4352
5338 4353
5339 4354
5340 4355
5341 4356
5342 4357
5343 4358
5344 4359
5345 4360
5346 4361
5347 4362
5348 4363
5349 4364
5350 4365
5351 4366
5352 4367
5353 4368
5354 4369
5355 4370
5356 4371
5357 4372
5358 4373
5359 4374
5360 4375
5361 4376
5362 4377
5363 4378
5364 4379
5365 4380
5366 4381
5367 4382
5368 4383
5369 4384
5370 4385
5371 4386
5372 4387
5373 4388
5374 4389
5375 4390
5376 4391
5377 4392
5378 4393
5379 4394
5380 4395
5381 4396
5382 4397
5383 4398
5384 4399
5385 4400
5386 4401
5387 4402
5388 4403
5389 4404
5390 4405
5391 4406
5392 4407
5393 4408
5394 4409
5395 4410
5396 4411
5397 4412
5398 4413
5399 4414
5400 4415
5401 4416
5402 4417
5403 4418
5404 4419
5405 4420
5406 4421
5407 4422
5408 4423
5409 4424
5410 4425
5411 4426
5412 4427
5413 4428
5414 4429
5415 4430
5416 4431
5417 4432
5418 4433
5419 4434
5420 4435
5421 4436
5422 4437
5423 4438
5424 4439
5425 4440
5426 4441
5427 4442
5428 4443
5429 4444
5430 4445
5431 4446
5432 4447
5433 4448
5434 4449
5435 4450
5436 4451
5437 4452
5438 4453
5439 4454
5440 4455
5441 4456
5442 4457
5443 4458
5444 4459
5445 4460
5446 4461
5447 4462
5448 4463
5449 4464
5450 4465
5451 4466
5452 4467
5453 4468
5454 4469
5455 4470
5456 4471
5457 4472
5458 4473
5459 4474
5460 4475
5461 4476
5462 4477
5463 4478
5464 4479
5465 4480
5466 4481
5467 4482
5468 4483
5469 4484
5470 4485
5471 4486
5472 4487
5473 4488
5474 4489
5475 4490
5476 4491
5477 4492
5478 4493
5479 4494
5480 4495
5481 4496
5482 4497
5483 4498
5484 4499
5485 4500
5486 4501
5487 4502
5488 4503
5489 4504
5490 4505
5491 4506
5492 4507
5493 4508
5494 4509
5495 4510
5496 4511
5497 4512
5498 4513
5499 4514
5500 4515
5501 4516
5502 4517
5503 4518
5504 4519
5505 4520
5506 4521
5507 4522
5508 4523
5509 4524
5510 4525
5511 4526
5512 4527
5513 4528
5514 4529
5515 4530
5516 4531
5517 4532
5518 4533
5519 4534
5520 4535
5521 4536
5522 4537
5523 4538
5524 4539
5525 4540
5526 4541
5527 4542
5528 4543
5529 4544
5530 4545
5531 4546
5532 4547
5533 4548
5534 4549
5535 4550
5536 4551
5537 4552
5538 4553
5539 4554
5540 4555
5541 4556
5542 4557
5543 4558
5544 4559
5545 4560
5546 4561
5547 4562
5548 4563
5549 4564
5550 4565
5551 4566
5552 4567
5553 4568
5554 4569
5555 4570
5556 4571
5557 4572
5558 4573
5559 4574
5560 4575
5561 4576
5562 4577
5563 4578
5564 4579
5565 4580
5566 4581
5567 4582
5568 4583
5569 4584
5570 4585
5571 4586
5572 4587
5573 4588
5574 4589
5575 4590
5576 4591
5577 4592
5578 4593
5579 4594
5580 4595
5581 4596
5582 4597
5583 4598
5584 4599
5585 4600
5586 4601
5587 4602
5588 4603
5589 4604
5590 4605
5591 4606
5592 4607
5593 4608
5594 4609
5595 4610
5596 4611
5597 4612
5598 4613
5599 4614
5600 4615
5601 4616
5602 4617
5603 4618
5604 4619
5605 4620
5606 4621
5607 4622
5608 4623
5609 4624
5610 4625
5611 4626
5612 4627
5613 4628
5614 4629
5615 4630
5616 4631
5617 4632
5618 4633
5619 4634
5620 4635
5621 4636
5622 4637
5623 4638
5624 4639
5625 4640
5626 4641
5627 4642
5628 4643
5629 4644
5630 4645
5631 4646
5632 4647
5633 4648
5634 4649
5635 4650
5636 4651
5637 4652
5638 4653
5639 4654
5640 4655
5641 4656
5642 4657
5643 4658
5644 4659
5645 4660
5646 4661
5647 4662
5648 4663
5649 4664
5650 4665
5651 4666
5652 4667
5653 4668
5654 4669
5655 4670
5656 4671
5657 4672
5658 4673
5659 4674
5660 4675
5661 4676
5662 4677
5663 4678
5664 4679
5665 4680
5666 4681
5667 4682
5668 4683
5669 4684
5670 4685
5671 4686
5672 4687
5673 4688
5674 4689
5675 4690
5676 4691
5677 4692
5678 4693
5679 4694
5680 4695
5681 4696
5682 4697
5683 4698
5684 4699
5685 4700
5686 4701
5687 4702
5688 4703
5689 4704
5690 4705
5691 4706
5692 4707
5693 4708
5694 4709
5695 4710
5696 4711
5697 4712
5698 4713
5699 4714
5700 4715
5701 4716
5702 4717
5703 4718
5704 4719
5705 4720
5706 4721
5707 4722
5708 4723
5709 4724
5710 4725
5711 4726
5712 4727
5713 4728
5714 4729
5715 4730
5716 4731
5717 4732
5718 4733
5719 4734
5720 4735
5721 4736
5722 4737
5723 4738
5724 4739
5725 4740
5726 4741
5727 4742
5728 4743
5729 4744
5730 4745
5731 4746
5732 4747
5733 4748
5734 4749
5735 4750
5736 4751
5737 4752
5738 4753
5739 4754
5740 4755
5741 4756
5742 4757
5743 4758
5744 4759
5745 4760
5746 4761
5747 4762
5748 4763
5749 4764
5750 4765
5751 4766
5752 4767
5753 4768
5754 4769
5755 4770
5756 4771
5757 4772
5758 4773
5759 4774
5760 4775
5761 4776
5762 4777
5763 4778
5764 4779
5765 4780
5766 4781
5767 4782
5768 4783
5769 4784
5770 4785
5771 4786
5772 4787
5773 4788
5774 4789
5775 4790
5776 4791
5777 4792
5778 4793
5779 4794
5780 4795
5781 4796
5782 4797
5783 4798
5784 4799
5785 4800
5786 4801
5787 4802
5788 4803
5789 4804
5790 4805
5791 4806
5792 4807
5793 4808
5794 4809
5795 4810
5796 4811
5797 4812
5798 4813
5799 4814
5800 4815
5801 4816
5802 4817
5803 4818
5804 4819
5805 4820
5806 4821
5807 4822
5808 4823
5809 4824
5810 4825
5811 4826
5812 4827
5813 4828
5814 4829
5815 4830
5816 4831
5817 4832
5818 4833
5819 4834
5820 4835
5821 4836
5822 4837
5823 4838
5824 4839
5825 4840
5826 4841
5827 4842
5828 4843
5829 4844
5830 4845
5831 4846
5832 4847
5833 4848
5834 4849
5835 4850
5836 4851
5837 4852
5838 4853
5839 4854
5840 4855
5841 4856
5842 4857
5843 4858
5844 4859
5845 4860
5846 4861
5847 4862
5848 4863
5849 4864
5850 4865
5851 4866
5852 4867
5853 4868
5854 4869
5855 4870
5856 4871
5857 4872
5858 4873
5859 4874
5860 4875
5861 4876
5862 4877
5863 4878
5864 4879
5865 4880
5866 4881
5867 4882
5868 4883
5869 4884
5870 4885
5871 4886
5872 4887
5873 4888
5874 4889
5875 4890
5876 4891
5877 4892
5878 4893
5879 4894
5880 4895
5881 4896
5882 4897
5883 4898
5884 4899
5885 4900
5886 4901
5887 4902
5888 4903
5889 4904
5890 4905
5891 4906
5892 4907
5893 4908
5894 4909
5895 4910
5896 4911
5897 4912
5898 4913
5899 4914
5900 4915
5901 4916
5902 4917
5903 4918
5904 4919
5905 4920
5906 4921
5907 4922
5908 4923
5909 4924
5910 4925
5911 4926
5912 4928
5913 4929
5914 4930
5915 4931
5916 4932
5917 4933
5918 4934
5919 4935
5920 4936
5921 4937
5922 4938
5923 4939
5924 4940
5925 4941
5926 4942
5927 4943
5928 4944
5929 4945
5930 4946
5931 4947
5932 4948
5933 4949
5934 4950
5935 4951
5936 4952
5937 4953
5938 4954
5939 4955
5940 4956
5941 4957
5942 4958
5943 4959
5944 4960
5945 4961
5946 4962
5947 4963
5948 4964
5949 4965
5950 4966
5951 4967
5952 4968
5953 4969
5954 4970
5955 4971
5956 4972
5957 4973
5958 4974
5959 4975
5960 4976
5961 4977
5962 4978
5963 4979
5964 4980
5965 4981
5966 4982
5967 4983
5968 4984
5969 4985
5970 4986
5971 4987
5972 4988
5973 4989
5974 4990
5975 4991
5976 4992
5977 4993
5978 4994
5979 4995
5980 4996
5981 4997
5982 4998
5983 4999
5984 5000
5985 5001
5986 5002
5987 5003
5988 5004
5989 5005
5990 5006
5991 5007
5992 5008
5993 5009
5994 5010
5995 5011
5996 5012
5997 5013
5998 5014
5999 5015
6000 5016
6001 5017
6002 5018
6003 5019
6004 5020
6005 5021
6006 5022
6007 5023
6008 5024
6009 5025
6010 5026
6011 5027
6012 5028
6013 5029
6014 5030
6015 5031
6016 5032
6017 5033
6018 5034
6019 5035
6020 5036
6021 5037
6022 5038
6023 5039
6024 5040
6025 5041
6026 5042
6027 5043
6028 5044
6029 5045
6030 5046
6031 5047
6032 5048
6033 5049
6034 5050
6035 5051
6036 5052
6037 5053
6038 5054
6039 5055
6040 5056
6041 5057
6042 5058
6043 5059
6044 5060
6045 5061
6046 5062
6047 5063
6048 5064
6049 5065
6050 5066
6051 5067
6052 5068
6053 5069
6054 5070
6055 5071
6056 5072
6057 5073
6058 5074
6059 5075
6060 5076
6061 5077
6062 5078
6063 5079
6064 5080
6065 5081
6066 5082
6067 5083
6068 5084
6069 5085
6070 5086
6071 5087
6072 5088
6073 5089
6074 5090
6075 5091
6076 5092
6077 5093
6078 5094
6079 5095
6080 5096
6081 5097
6082 5098
6083 5099
6084 5100
6085 5101
6086 5102
6087 5103
6088 5104
6089 5105
6090 5106
6091 5107
6092 5108
6093 5109
6094 5110
6095 5111
6096 5112
6097 5113
6098 5114
6099 5115
6100 5116
6101 5117
6102 5118
6103 5119
6104 5120
6105 5121
6106 5122
6107 5123
6108 5124
6109 5125
6110 5127
6111 5128
6112 5129
6113 5130
6114 5131
6115 5132
6116 5133
6117 5134
6118 5135
6119 5136
6120 5137
6121 5138
6122 5139
6123 5140
6124 5141
6125 5142
6126 5143
6127 5144
6128 5145
6129 5146
6130 5147
6131 5148
6132 5149
6133 5150
6134 5151
6135 5152
6136 5153
6137 5154
6138 5155
6139 5156
6140 5157
6141 5158
6142 5159
6143 5160
6144 5161
6145 5162
6146 5163
6147 5164
6148 5165
6149 5166
6150 5167
6151 5168
6152 5169
6153 5170
6154 5171
6155 5172
6156 5173
6157 5174
6158 5175
6159 5176
6160 5177
6161 5178
6162 5179
6163 5180
6164 5181
6165 5182
6166 5183
6167 5184
6168 5185
6169 5186
6170 5187
6171 5188
6172 5189
6173 5190
6174 5191
6175 5192
6176 5193
6177 5194
6178 5195
6179 5196
6180 5197
6181 5198
6182 5199
6183 5200
6184 5201
6185 5202
6186 5203
6187 5204
6188 5205
6189 5206
6190 5207
6191 5208
6192 5209
6193 5210
6194 5211
6195 5212
6196 5213
6197 5214
6198 5215
6199 5216
6200 5217
6201 5218
6202 5219
6203 5220
6204 5221
6205 5222
6206 5223
6207 5224
6208 5225
6209 5226
6210 5227
6211 5228
6212 5229
6213 5230
6214 5231
6215 5232
6216 5233
6217 5234
6218 5235
6219 5236
6220 5237
6221 5238
6222 5239
6223 5240
6224 5241
6225 5242
6226 5243
6227 5244
6228 5245
6229 5246
6230 5247
6231 5248
6232 5249
6233 5250
6234 5251
6235 5252
6236 5253
6237 5254
6238 5255
6239 5256
6240 5257
6241 5258
6242 5259
6243 5260
6244 5261
6245 5262
6246 5263
6247 5264
6248 5265
6249 5266
6250 5267
6251 5268
6252 5269
6253 5270
6254 5271
6255 5272
6256 5273
6257 5274
6258 5275
6259 5276
6260 5277
6261 5278
6262 5279
6263 5280
6264 5281
6265 5282
6266 5283
6267 5284
6268 5285
6269 5286
6270 5287
6271 5288
6272 5289
6273 5290
6274 5291
6275 5292
6276 5293
6277 5294
6278 5295
6279 5296
6280 5297
6281 5298
6282 5299
6283 5300
6284 5301
6285 5302
6286 5303
6287 5304
6288 5305
6289 5306
6290 5307
6291 5308
6292 5309
6293 5310
6294 5311
6295 5312
6296 5313
6297 5314
6298 5315
6299 5316
6300 5317
6301 5318
6302 5319
6303 5320
6304 5321
6305 5322
6306 5323
6307 5324
6308 5325
6309 5326
6310 5327
6311 5328
6312 5329
6313 5330
6314 5331
6315 5332
6316 5333
6317 5334
6318 5335
6319 5336
6320 5337
6321 5338
6322 5339
6323 5340
6324 5341
6325 5342
6326 5343
6327 5345
6328 5346
6329 5347
6330 5348
6331 5349
6332 5350
6333 5351
6334 5352
6335 5353
6336 5354
6337 5355
6338 5356
6339 5357
6340 5358
6341 5359
6342 5360
6343 5361
6344 5362
6345 5363
6346 5364
6347 5365
6348 5366
6349 5367
6350 5368
6351 5369
6352 5370
6353 5371
6354 5372
6355 5373
6356 5374
6357 5375
6358 5376
6359 5377
6360 5378
6361 5379
6362 5380
6363 5381
6364 5382
6365 5383
6366 5384
6367 5385
6368 5386
6369 5387
6370 5388
6371 5389
6372 5390
6373 5391
6374 5392
6375 5393
6376 5394
6377 5395
6378 5396
6379 5397
6380 5398
6381 5399
6382 5400
6383 5401
6384 5402
6385 5403
6386 5404
6387 5405
6388 5406
6389 5407
6390 5408
6391 5409
6392 5410
6393 5411
6394 5412
6395 5413
6396 5414
6397 5415
6398 5416
6399 5417
6400 5418
6401 5419
6402 5420
6403 5421
6404 5422
6405 5423
6406 5424
6407 5425
6408 5426
6409 5427
6410 5428
6411 5429
6412 5430
6413 5431
6414 5432
6415 5433
6416 5434
6417 5435
6418 5436
6419 5437
6420 5438
6421 5439
6422 5440
6423 5441
6424 5442
6425 5443
6426 5444
6427 5445
6428 5446
6429 5447
6430 5448
6431 5449
6432 5450
6433 5451
6434 5452
6435 5453
6436 5454
6437 5455
6438 5456
6439 5457
6440 5458
6441 5459
6442 5460
6443 5461
6444 5462
6445 5463
6446 5464
6447 5465
6448 5466
6449 5467
6450 5468
6451 5469
6452 5470
6453 5471
6454 5472
6455 5473
6456 5474
6457 5475
6458 5476
6459 5477
6460 5478
6461 5479
6462 5480
6463 5481
6464 5482
6465 5483
6466 5484
6467 5485
6468 5486
6469 5487
6470 5488
6471 5489
6472 5490
6473 5491
6474 5492
6475 5493
6476 5494
6477 5495
6478 5496
6479 5497
6480 5498
6481 5499
6482 5500
6483 5501
6484 5502
6485 5503
6486 5504
6487 5505
6488 5506
6489 5507
6490 5508
6491 5509
6492 5510
6493 5511
6494 5512
6495 5513
6496 5514
6497 5515
6498 5516
6499 5517
6500 5518
6501 5519
6502 5520
6503 5521
6504 5522
6505 5523
6506 5524
6507 5525
6508 5526
6509 5527
6510 5528
6511 5529
6512 5530
6513 5531
6514 5532
6515 5533
6516 5534
6517 5535
6518 5536
6519 5537
6520 5538
6521 5539
6522 5540
6523 5541
6524 5542
6525 5543
6526 5544
6527 5545
6528 5546
6529 5547
6530 5548
6531 5549
6532 5550
6533 5551
6534 5552
6535 5553
6536 5554
6537 5555
6538 5556
6539 5557
6540 5558
6541 5559
6542 5560
6543 5561
6544 5562
6545 5563
6546 5564
6547 5565
6548 5566
6549 5567
6550 5568
6551 5569
6552 5570
6553 5571
6554 5572
6555 5573
6556 5574
6557 5575
6558 5576
6559 5577
6560 5578
6561 5579
6562 5580
6563 5581
6564 5582
6565 5583
6566 5584
6567 5585
6568 5586
6569 5587
6570 5588
6571 5589
6572 5590
6573 5591
6574 5592
6575 5593
6576 5594
6577 5595
6578 5596
6579 5597
6580 5598
6581 5599
6582 5600
6583 5601
6584 5602
6585 5603
6586 5604
6587 5605
6588 5606
6589 5607
6590 5608
6591 5609
6592 5610
6593 5611
6594 5612
6595 5613
6596 5614
6597 5615
6598 5616
6599 5617
6600 5618
6601 5619
6602 5620
6603 5621
6604 5622
6605 5623
6606 5624
6607 5625
6608 5626
6609 5627
6610 5628
6611 5629
6612 5630
6613 5631
6614 5632
6615 5633
6616 5634
6617 5635
6618 5636
6619 5637
6620 5638
6621 5639
6622 5640
6623 5641
6624 5642
6625 5643
6626 5644
6627 5645
6628 5646
6629 5647
6630 5648
6631 5649
6632 5650
6633 5651
6634 5652
6635 5653
6636 5654
6637 5655
6638 5656
6639 5657
6640 5658
6641 5659
6642 5660
6643 5661
6644 5662
6645 5663
6646 5664
6647 5665
6648 5666
6649 5667
6650 5668
6651 5669
6652 5670
6653 5671
6654 5672
6655 5673
6656 5674
6657 5675
6658 5676
6659 5677
6660 5678
6661 5679
6662 5680
6663 5681
6664 5682
6665 5683
6666 5684
6667 5685
6668 5686
6669 5687
6670 5688
6671 5689
6672 5690
6673 5691
6674 5692
6675 5693
6676 5694
6677 5695
6678 5696
6679 5697
6680 5698
6681 5699
6682 5700
6683 5701
6684 5702
6685 5703
6686 5704
6687 5705
6688 5706
6689 5707
6690 5708
6691 5709
6692 5710
6693 5711
6694 5712
6695 5713
6696 5714
6697 5715
6698 5716
6699 5717
6700 5718
6701 5719
6702 5720
6703 5721
6704 5722
6705 5723
6706 5724
6707 5725
6708 5726
6709 5727
6710 5728
6711 5729
6712 5730
6713 5731
6714 5732
6715 5733
6716 5734
6717 5735
6718 5736
6719 5737
6720 5738
6721 5739
6722 5740
6723 5741
6724 5742
6725 5743
6726 5744
6727 5745
6728 5746
6729 5747
6730 5748
6731 5749
6732 5750
6733 5751
6734 5752
6735 5753
6736 5754
6737 5755
6738 5756
6739 5757
6740 5758
6741 5759
6742 5760
6743 5761
6744 5762
6745 5763
6746 5764
6747 5765
6748 5766
6749 5767
6750 5768
6751 5769
6752 5770
6753 5771
6754 5772
6755 5773
6756 5774
6757 5775
6758 5776
6759 5777
6760 5778
6761 5779
6762 5780
6763 5781
6764 5782
6765 5783
6766 5784
6767 5785
6768 5786
6769 5787
6770 5788
6771 5789
6772 5790
6773 5791
6774 5792
6775 5793
6776 5794
6777 5795
6778 5796
6779 5797
6780 5798
6781 5799
6782 5800
6783 5801
6784 5802
6785 5803
6786 5804
6787 5805
6788 5806
6789 5807
6790 5808
6791 5809
6792 5810
6793 5811
6794 5812
6795 5813
6796 5814
6797 5815
6798 5816
6799 5817
6800 5818
6801 5819
6802 5820
6803 5821
6804 5822
6805 5823
6806 5824
6807 5825
6808 5826
6809 5827
6810 5828
6811 5829
6812 5830
6813 5831
6814 5832
6815 5833
6816 5834
6817 5835
6818 5836
6819 5837
6820 5838
6821 5839
6822 5840
6823 5841
6824 5842
6825 5843
6826 5844
6827 5845
6828 5846
6829 5847
6830 5848
6831 5849
6832 5850
6833 5851
6834 5852
6835 5853
6836 5854
6837 5855
6838 5856
6839 5857
6840 5858
6841 5859
6842 5860
6843 5861
6844 5862
6845 5863
6846 5864
6847 5865
6848 5866
6849 5867
6850 5868
6851 5869
6852 5870
6853 5871
6854 5872
6855 5873
6856 5874
6857 5875
6858 5876
6859 5877
6860 5878
6861 5879
6862 5880
6863 5881
6864 5882
6865 5883
6866 5884
6867 5885
6868 5886
6869 5887
6870 5888
6871 5889
6872 5890
6873 5891
6874 5892
6875 5893
6876 5894
6877 5895
6878 5896
6879 5897
6880 5898
6881 5899
6882 5900
6883 5901
6884 5902
6885 5903
6886 5904
6887 5905
6888 5906
6889 5907
6890 5908
6891 5909
6892 5910
6893 5911
6894 5912
6895 5913
6896 5914
6897 5915
6898 5916
6899 5917
6900 5918
6901 5919
6902 5920
6903 5921
6904 5922
6905 5923
6906 5924
6907 5925
6908 5926
6909 5927
6910 5928
6911 5929
6912 5930
6913 5931
6914 5932
6915 5933
6916 5934
6917 5935
6918 5936
6919 5937
6920 5938
6921 5939
6922 5940
6923 5941
6924 5942
6925 5943
6926 5944
6927 5945
6928 5946
6929 5947
6930 5948
6931 5949
6932 5950
6933 5951
6934 5952
6935 5953
6936 5954
6937 5955
6938 5956
6939 5957
6940 5958
6941 5959
6942 5960
6943 5961
6944 5962
6945 5963
6946 5964
6947 5965
6948 5967
6949 5968
6950 5969
6951 5970
6952 5971
6953 5972
6954 5973
6955 5974
6956 5975
6957 5976
6958 5977
6959 5978
6960 5979
6961 5980
6962 5981
6963 5982
6964 5983
6965 5984
6966 5985
6967 5986
6968 5987
6969 5988
6970 5989
6971 5990
6972 5991
6973 5992
6974 5993
6975 5994
6976 5995
6977 5996
6978 5997
6979 5998
6980 5999
6981 6000
6982 6001
6983 6002
6984 6003
6985 6004
6986 6005
6987 6006
6988 6007
6989 6008
6990 6009
6991 6010
6992 6011
6993 6012
6994 6013
6995 6014
6996 6015
6997 6016
6998 6017
6999 6018
7000 6019
7001 6020
7002 6021
7003 6022
7004 6023
7005 6024
7006 6025
7007 6026
7008 6027
7009 6028
7010 6029
7011 6030
7012 6031
7013 6033
7014 6034
7015 6035
7016 6036
7017 6037
7018 6038
7019 6039
7020 6040
7021 6041
7022 6042
7023 6043
7024 6044
7025 6045
7026 6046
7027 6047
7028 6048
7029 6049
7030 6050
7031 6051
7032 6052
7033 6053
7034 6054
7035 6055
7036 6056
7037 6057
7038 6058
7039 6059
7040 6060
7041 6061
7042 6062
7043 6063
7044 6064
7045 6065
7046 6066
7047 6067
7048 6068
7049 6069
7050 6070
7051 6071
7052 6072
7053 6073
7054 6074
7055 6075
7056 6076
7057 6077
7058 6078
7059 6079
7060 6080
7061 6081
7062 6082
7063 6083
7064 6084
7065 6085
7066 6086
7067 6087
7068 6088
7069 6089
7070 6090
7071 6091
7072 6092
7073 6093
7074 6094
7075 6095
7076 6096
7077 6097
7078 6098
7079 6099
7080 6100
7081 6101
7082 6102
7083 6103
7084 6104
7085 6105
7086 6106
7087 6107
7088 6108
7089 6109
7090 6110
7091 6111
7092 6112
7093 6113
7094 6114
7095 6115
7096 6116
7097 6117
7098 6118
7099 6119
7100 6120
7101 6121
7102 6122
7103 6123
7104 6124
7105 6125
7106 6126
7107 6127
7108 6128
7109 6129
7110 6130
7111 6131
7112 6132
7113 6133
7114 6134
7115 6135
7116 6136
7117 6137
7118 6138
7119 6139
7120 6140
7121 6141
7122 6142
7123 6143
7124 6144
7125 6145
7126 6146
7127 6147
7128 6148
7129 6149
7130 6150
7131 6151
7132 6152
7133 6153
7134 6154
7135 6156
7136 6157
7137 6158
7138 6159
7139 6160
7140 6161
7141 6162
7142 6163
7143 6164
7144 6165
7145 6166
7146 6167
7147 6168
7148 6169
7149 6170
7150 6171
7151 6172
7152 6173
7153 6174
7154 6175
7155 6176
7156 6177
7157 6178
7158 6179
7159 6180
7160 6181
7161 6182
7162 6183
7163 6184
7164 6185
7165 6186
7166 6187
7167 6188
7168 6189
7169 6190
7170 6191
7171 6192
7172 6193
7173 6194
7174 6195
7175 6196
7176 6197
7177 6198
7178 6199
7179 6200
7180 6201
7181 6202
7182 6203
7183 6204
7184 6205
7185 6206
7186 6207
7187 6208
7188 6209
7189 6210
7190 6211
7191 6212
7192 6213
7193 6214
7194 6215
7195 6216
7196 6217
7197 6218
7198 6219
7199 6220
7200 6221
7201 6222
7202 6223
7203 6224
7204 6225
7205 6226
7206 6227
7207 6228
7208 6229
7209 6230
7210 6231
7211 6232
7212 6233
7213 6234
7214 6235
7215 6236
7216 6237
7217 6238
7218 6239
7219 6240
7220 6241
7221 6242
7222 6243
7223 6244
7224 6245
7225 6246
7226 6247
7227 6248
7228 6249
7229 6250
7230 6251
7231 6252
7232 6253
7233 6254
7234 6255
7235 6256
7236 6257
7237 6258
7238 6259
7239 6260
7240 6261
7241 6262
7242 6263
7243 6264
7244 6265
7245 6266
7246 6267
7247 6268
7248 6269
7249 6270
7250 6271
7251 6272
7252 6273
7253 6274
7254 6275
7255 6276
7256 6277
7257 6278
7258 6279
7259 6280
7260 6281
7261 6282
7262 6283
7263 6284
7264 6285
7265 6286
7266 6287
7267 6288
7268 6289
7269 6290
7270 6291
7271 6292
7272 6293
7273 6294
7274 6295
7275 6296
7276 6297
7277 6298
7278 6299
7279 6300
7280 6301
7281 6302
7282 6303
7283 6304
7284 6305
7285 6306
7286 6307
7287 6308
7288 6309
7289 6310
7290 6311
7291 6312
7292 6313
7293 6314
7294 6315
7295 6316
7296 6317
7297 6318
7298 6319
7299 6320
7300 6321
7301 6322
7302 6323
7303 6324
7304 6325
7305 6326
7306 6327
7307 6328
7308 6329
7309 6330
7310 6331
7311 6332
7312 6333
7313 6334
7314 6335
7315 6336
7316 6337
7317 6338
7318 6339
7319 6340
7320 6341
7321 6342
7322 6343
7323 6344
7324 6345
7325 6346
7326 6347
7327 6348
7328 6349
7329 6350
7330 6351
7331 6352
7332 6353
7333 6354
7334 6355
7335 6356
7336 6357
7337 6358
7338 6359
7339 6360
7340 6361
7341 6362
7342 6363
7343 6364
7344 6365
7345 6366
7346 6367
7347 6368
7348 6369
7349 6370
7350 6371
7351 6372
7352 6373
7353 6374
7354 6375
7355 6376
7356 6377
7357 6378
7358 6379
7359 6380
7360 6381
7361 6382
7362 6383
7363 6384
7364 6385
7365 6386
7366 6387
7367 6388
7368 6389
7369 6390
7370 6391
7371 6392
7372 6393
7373 6394
7374 6395
7375 6396
7376 6397
7377 6398
7378 6399
7379 6400
7380 6401
7381 6402
7382 6403
7383 6404
7384 6405
7385 6406
7386 6407
7387 6408
7388 6409
7389 6410
7390 6411
7391 6412
7392 6413
7393 6414
7394 6415
7395 6416
7396 6417
7397 6418
7398 6419
7399 6420
7400 6421
7401 6422
7402 6423
7403 6424
7404 6425
7405 6426
7406 6427
7407 6428
7408 6429
7409 6430
7410 6431
7411 6432
7412 6433
7413 6434
7414 6435
7415 6436
7416 6437
7417 6438
7418 6439
7419 6440
7420 6441
7421 6443
7422 6444
7423 6445
7424 6446
7425 6447
7426 6448
7427 6449
7428 6450
7429 6451
7430 6452
7431 6453
7432 6454
7433 6455
7434 6456
7435 6457
7436 6458
7437 6459
7438 6460
7439 6461
7440 6462
7441 6463
7442 6464
7443 6465
7444 6466
7445 6467
7446 6468
7447 6469
7448 6470
7449 6471
7450 6472
7451 6473
7452 6474
7453 6475
7454 6476
7455 6477
7456 6478
7457 6479
7458 6480
7459 6481
7460 6482
7461 6483
7462 6484
7463 6485
7464 6486
7465 6487
7466 6488
7467 6489
7468 6490
7469 6491
7470 6492
7471 6493
7472 6494
7473 6495
7474 6496
7475 6497
7476 6498
7477 6499
7478 6500
7479 6501
7480 6502
7481 6503
7482 6504
7483 6505
7484 6506
7485 6507
7486 6508
7487 6509
7488 6510
7489 6511
7490 6512
7491 6513
7492 6514
7493 6515
7494 6516
7495 6517
7496 6518
7497 6519
7498 6520
7499 6521
7500 6522
7501 6523
7502 6524
7503 6525
7504 6526
7505 6527
7506 6529
7507 6530
7508 6531
7509 6532
7510 6533
7511 6534
7512 6535
7513 6536
7514 6537
7515 6538
7516 6539
7517 6540
7518 6541
7519 6542
7520 6543
7521 6544
7522 6545
7523 6546
7524 6547
7525 6548
7526 6549
7527 6550
7528 6551
7529 6552
7530 6553
7531 6554
7532 6555
7533 6556
7534 6557
7535 6558
7536 6559
7537 6560
7538 6561
7539 6562
7540 6563
7541 6564
7542 6565
7543 6566
7544 6567
7545 6568
7546 6569
7547 6570
7548 6571
7549 6572
7550 6573
7551 6574
7552 6577
7553 6578
7554 6579
7555 6580
7556 6581
7557 6582
7558 6583
7559 6584
7560 6585
7561 6586
7562 6587
7563 6588
7564 6589
7565 6590
7566 6591
7567 6592
7568 6593
7569 6594
7570 6595
7571 6596
7572 6597
7573 6598
7574 6599
7575 6600
7576 6601
7577 6602
7578 6603
7579 6604
7580 6605
7581 6606
7582 6607
7583 6608
7584 6609
7585 6610
7586 6611
7587 6612
7588 6613
7589 6614
7590 6615
7591 6616
7592 6617
7593 6618
7594 6619
7595 6620
7596 6621
7597 6622
7598 6623
7599 6624
7600 6625
7601 6626
7602 6627
7603 6628
7604 6629
7605 6630
7606 6631
7607 6632
7608 6633
7609 6634
7610 6635
7611 6636
7612 6637
7613 6638
7614 6639
7615 6640
7616 6641
7617 6642
7618 6644
7619 6645
7620 6646
7621 6647
7622 6648
7623 6649
7624 6650
7625 6651
7626 6652
7627 6653
7628 6654
7629 6655
7630 6656
7631 6657
7632 6658
7633 6659
7634 6660
7635 6661
7636 6662
7637 6663
7638 6664
7639 6665
7640 6666
7641 6667
7642 6668
7643 6669
7644 6670
7645 6671
7646 6672
7647 6673
7648 6674
7649 6675
7650 6676
7651 6677
7652 6678
7653 6679
7654 6680
7655 6681
7656 6682
7657 6683
7658 6684
7659 6685
7660 6686
7661 6687
7662 6688
7663 6689
7664 6690
7665 6691
7666 6692
7667 6693
7668 6694
7669 6695
7670 6696
7671 6697
7672 6698
7673 6699
7674 6700
7675 6701
7676 6702
7677 6703
7678 6704
7679 6705
7680 6706
7681 6707
7682 6708
7683 6709
7684 6710
7685 6711
7686 6712
7687 6713
7688 6714
7689 6715
7690 6716
7691 6718
7692 6719
7693 6720
7694 6721
7695 6722
7696 6723
7697 6724
7698 6725
7699 6726
7700 6727
7701 6728
7702 6729
7703 6730
7704 6731
7705 6732
7706 6733
7707 6734
7708 6735
7709 6736
7710 6737
7711 6738
7712 6739
7713 6740
7714 6741
7715 6742
7716 6743
7717 6744
7718 6745
7719 6746
7720 6747
7721 6748
7722 6749
7723 6750
7724 6751
7725 6752
7726 6753
7727 6754
7728 6755
7729 6756
7730 6757
7731 6758
7732 6759
7733 6760
7734 6761
7735 6762
7736 6763
7737 6764
7738 6765
7739 6766
7740 6767
7741 6768
7742 6769
7743 6770
7744 6771
7745 6772
7746 6773
7747 6774
7748 6775
7749 6776
7750 6777
7751 6778
7752 6779
7753 6780
7754 6781
7755 6782
7756 6783
7757 6784
7758 6785
7759 6786
7760 6787
7761 6788
7762 6789
7763 6790
7764 6791
7765 6792
7766 6793
7767 6794
7768 6795
7769 6796
7770 6797
7771 6798
7772 6799
7773 6800
7774 6801
7775 6802
7776 6803
7777 6804
7778 6805
7779 6806
7780 6807
7781 6808
7782 6809
7783 6810
7784 6811
7785 6812
7786 6813
7787 6814
7788 6815
7789 6816
7790 6817
7791 6818
7792 6819
7793 6820
7794 6821
7795 6822
7796 6823
7797 6824
7798 6825
7799 6826
7800 6827
7801 6828
7802 6829
7803 6830
7804 6831
7805 6832
7806 6833
7807 6834
7808 6835
7809 6836
7810 6837
7811 6838
7812 6839
7813 6840
7814 6841
7815 6842
7816 6843
7817 6844
7818 6845
7819 6846
7820 6847
7821 6848
7822 6849
7823 6850
7824 6851
7825 6852
7826 6853
7827 6854
7828 6855
7829 6856
7830 6857
7831 6858
7832 6859
7833 6860
7834 6861
7835 6862
7836 6863
7837 6864
7838 6865
7839 6866
7840 6867
7841 6868
7842 6869
7843 6870
7844 6871
7845 6872
7846 6873
7847 6874
7848 6875
7849 6876
7850 6877
7851 6878
7852 6879
7853 6880
7854 6882
7855 6883
7856 6884
7857 6885
7858 6886
7859 6887
7860 6888
7861 6889
7862 6890
7863 6891
7864 6892
7865 6894
7866 6895
7867 6896
7868 6897
7869 6898
7870 6899
7871 6900
7872 6901
7873 6902
7874 6903
7875 6904
7876 6905
7877 6906
7878 6907
7879 6908
7880 6909
7881 6910
7882 6911
7883 6912
7884 6913
7885 6915
7886 6916
7887 6917
7888 6918
7889 6919
7890 6920
7891 6921
7892 6922
7893 6923
7894 6924
7895 6925
7896 6926
7897 6927
7898 6928
7899 6929
7900 6930
7901 6931
7902 6932
7903 6933
7904 6934
7905 6935
7906 6936
7907 6937
7908 6938
7909 6939
7910 6940
7911 6941
7912 6942
7913 6943
7914 6944
7915 6945
7916 6946
7917 6947
7918 6948
7919 6949
7920 6950
7921 6951
7922 6952
7923 6953
7924 6954
7925 6955
7926 6956
7927 6957
7928 6958
7929 6959
7930 6960
7931 6961
7932 6962
7933 6963
7934 6964
7935 6965
7936 6966
7937 6967
7938 6968
7939 6969
7940 6970
7941 6971
7942 6972
7943 6973
7944 6974
7945 6975
7946 6976
7947 6977
7948 6978
7949 6979
7950 6980
7951 6981
7952 6982
7953 6983
7954 6984
7955 6985
7956 6986
7957 6987
7958 6988
7959 6989
7960 6990
7961 6991
7962 6992
7963 6993
7964 6994
7965 6995
7966 6996
7967 6997
7968 6998
7969 6999
7970 7000
7971 7001
7972 7002
7973 7003
7974 7004
7975 7005
7976 7006
7977 7007
7978 7008
7979 7009
7980 7010
7981 7011
7982 7012
7983 7013
7984 7014
7985 7015
7986 7016
7987 7017
7988 7018
7989 7019
7990 7020
7991 7021
7992 7022
7993 7023
7994 7024
7995 7025
7996 7026
7997 7027
7998 7028
7999 7029
8000 7030
8001 7031
8002 7032
8003 7033
8004 7034
8005 7035
8006 7036
8007 7037
8008 7038
8009 7039
8010 7040
8011 7041
8012 7042
8013 7043
8014 7044
8015 7045
8016 7046
8017 7047
8018 7048
8019 7049
8020 7050
8021 7051
8022 7052
8023 7053
8024 7054
8025 7055
8026 7056
8027 7057
8028 7058
8029 7059
8030 7060
8031 7061
8032 7062
8033 7063
8034 7065
8035 7066
8036 7067
8037 7068
8038 7069
8039 7070
8040 7071
8041 7072
8042 7073
8043 7074
8044 7075
8045 7076
8046 7077
8047 7078
8048 7079
8049 7080
8050 7081
8051 7082
8052 7083
8053 7084
8054 7085
8055 7086
8056 7087
8057 7088
8058 7089
8059 7090
8060 7091
8061 7092
8062 7093
8063 7094
8064 7095
8065 7096
8066 7097
8067 7098
8068 7099
8069 7100
8070 7101
8071 7102
8072 7103
8073 7104
8074 7105
8075 7106
8076 7107
8077 7108
8078 7109
8079 7110
8080 7111
8081 7112
8082 7113
8083 7114
8084 7115
8085 7116
8086 7117
8087 7118
8088 7119
8089 7120
8090 7121
8091 7122
8092 7123
8093 7124
8094 7125
8095 7126
8096 7127
8097 7128
8098 7129
8099 7130
8100 7131
8101 7132
8102 7133
8103 7134
8104 7135
8105 7136
8106 7137
8107 7138
8108 7139
8109 7140
8110 7141
8111 7142
8112 7143
8113 7144
8114 7145
8115 7146
8116 7147
8117 7148
8118 7149
8119 7150
8120 7151
8121 7152
8122 7153
8123 7154
8124 7155
8125 7156
8126 7157
8127 7158
8128 7159
8129 7160
8130 7161
8131 7162
8132 7163
8133 7164
8134 7165
8135 7166
8136 7167
8137 7168
8138 7169
8139 7170
8140 7171
8141 7172
8142 7173
8143 7174
8144 7175
8145 7176
8146 7177
8147 7178
8148 7179
8149 7180
8150 7181
8151 7182
8152 7183
8153 7184
8154 7185
8155 7186
8156 7187
8157 7188
8158 7189
8159 7190
8160 7191
8161 7192
8162 7193
8163 7194
8164 7195
8165 7196
8166 7197
8167 7198
8168 7199
8169 7200
8170 7201
8171 7202
8172 7203
8173 7204
8174 7205
8175 7206
8176 7207
8177 7208
8178 7209
8179 7210
8180 7211
8181 7212
8182 7213
8183 7214
8184 7215
8185 7216
8186 7217
8187 7218
8188 7219
8189 7220
8190 7221
8191 7222
8192 7223
8193 7224
8194 7225
8195 7226
8196 7227
8197 7228
8198 7229
8199 7230
8200 7231
8201 7233
8202 7234
8203 7235
8204 7236
8205 7237
8206 7238
8207 7239
8208 7240
8209 7241
8210 7242
8211 7243
8212 7244
8213 7245
8214 7246
8215 7247
8216 7248
8217 7249
8218 7250
8219 7251
8220 7252
8221 7253
8222 7254
8223 7255
8224 7256
8225 7257
8226 7258
8227 7259
8228 7260
8229 7261
8230 7262
8231 7263
8232 7264
8233 7265
8234 7266
8235 7267
8236 7268
8237 7269
8238 7270
8239 7271
8240 7272
8241 7273
8242 7274
8243 7275
8244 7276
8245 7277
8246 7278
8247 7279
8248 7280
8249 7281
8250 7282
8251 7283
8252 7284
8253 7285
8254 7286
8255 7287
8256 7288
8257 7289
8258 7290
8259 7291
8260 7292
8261 7293
8262 7294
8263 7295
8264 7296
8265 7297
8266 7298
8267 7299
8268 7300
8269 7301
8270 7302
8271 7303
8272 7304
8273 7305
8274 7306
8275 7307
8276 7308
8277 7309
8278 7310
8279 7311
8280 7312
8281 7313
8282 7314
8283 7315
8284 7316
8285 7317
8286 7318
8287 7319
8288 7320
8289 7321
8290 7322
8291 7323
8292 7324
8293 7325
8294 7326
8295 7327
8296 7328
8297 7329
8298 7330
8299 7331
8300 7332
8301 7333
8302 7334
8303 7335
8304 7336
8305 7337
8306 7338
8307 7339
8308 7340
8309 7341
8310 7342
8311 7343
8312 7344
8313 7345
8314 7346
8315 7347
8316 7349
8317 7350
8318 7351
8319 7352
8320 7353
8321 7354
8322 7355
8323 7356
8324 7357
8325 7358
8326 7359
8327 7360
8328 7361
8329 7362
8330 7363
8331 7364
8332 7365
8333 7366
8334 7367
8335 7368
8336 7369
8337 7370
8338 7371
8339 7372
8340 7373
8341 7374
8342 7375
8343 7376
8344 7377
8345 7378
8346 7379
8347 7380
8348 7381
8349 7382
8350 7383
8351 7384
8352 7385
8353 7386
8354 7387
8355 7388
8356 7389
8357 7390
8358 7391
8359 7392
8360 7393
8361 7394
8362 7395
8363 7396
8364 7397
8365 7398
8366 7399
8367 7400
8368 7401
8369 7402
8370 7403
8371 7404
8372 7405
8373 7406
8374 7407
8375 7408
8376 7409
8377 7410
8378 7411
8379 7412
8380 7413
8381 7414
8382 7415
8383 7416
8384 7417
8385 7418
8386 7419
8387 7420
8388 7421
8389 7422
8390 7423
8391 7424
8392 7425
8393 7426
8394 7427
8395 7428
8396 7429
8397 7430
8398 7431
8399 7432
8400 7433
8401 7434
8402 7435
8403 7436
8404 7437
8405 7438
8406 7439
8407 7440
8408 7441
8409 7442
8410 7443
8411 7444
8412 7445
8413 7446
8414 7447
8415 7448
8416 7449
8417 7450
8418 7451
8419 7452
8420 7453
8421 7454
8422 7455
8423 7456
8424 7457
8425 7458
8426 7459
8427 7460
8428 7461
8429 7462
8430 7463
8431 7464
8432 7465
8433 7466
8434 7467
8435 7468
8436 7469
8437 7470
8438 7471
8439 7472
8440 7473
8441 7474
8442 7475
8443 7476
8444 7477
8445 7478
8446 7479
8447 7480
8448 7481
8449 7482
8450 7483
8451 7484
8452 7485
8453 7486
8454 7487
8455 7488
8456 7489
8457 7490
8458 7491
8459 7492
8460 7493
8461 7494
8462 7495
8463 7496
8464 7497
8465 7498
8466 7499
8467 7500
8468 7501
8469 7502
8470 7503
8471 7504
8472 7505
8473 7506
8474 7507
8475 7508
8476 7509
8477 7510
8478 7511
8479 7512
8480 7513
8481 7514
8482 7515
8483 7516
8484 7517
8485 7518
8486 7519
8487 7520
8488 7521
8489 7522
8490 7523
8491 7524
8492 7525
8493 7526
8494 7527
8495 7528
8496 7529
8497 7530
8498 7531
8499 7532
8500 7533
8501 7534
8502 7535
8503 7536
8504 7537
8505 7538
8506 7539
8507 7540
8508 7541
8509 7542
8510 7543
8511 7544
8512 7545
8513 7546
8514 7547
8515 7548
8516 7549
8517 7550
8518 7551
8519 7552
8520 7553
8521 7554
8522 7555
8523 7556
8524 7557
8525 7558
8526 7559
8527 7560
8528 7561
8529 7562
8530 7563
8531 7564
8532 7565
8533 7566
8534 7567
8535 7568
8536 7569
8537 7570
8538 7571
8539 7572
8540 7573
8541 7574
8542 7575
8543 7576
8544 7577
8545 7578
8546 7579
8547 7580
8548 7581
8549 7582
8550 7583
8551 7584
8552 7585
8553 7586
8554 7587
8555 7588
8556 7589
8557 7590
8558 7591
8559 7592
8560 7593
8561 7594
8562 7595
8563 7596
8564 7597
8565 7598
8566 7599
8567 7600
8568 7601
8569 7602
8570 7603
8571 7604
8572 7605
8573 7606
8574 7607
8575 7608
8576 7609
8577 7610
8578 7611
8579 7612
8580 7613
8581 7614
8582 7615
8583 7616
8584 7617
8585 7618
8586 7619
8587 7620
8588 7621
8589 7622
8590 7623
8591 7624
8592 7625
8593 7626
8594 7627
8595 7628
8596 7629
8597 7630
8598 7631
8599 7632
8600 7633
8601 7634
8602 7635
8603 7636
8604 7637
8605 7638
8606 7639
8607 7640
8608 7641
8609 7642
8610 7643
8611 7644
8612 7645
8613 7646
8614 7647
8615 7648
8616 7649
8617 7650
8618 7651
8619 7652
8620 7653
8621 7654
8622 7655
8623 7656
8624 7657
8625 7658
8626 7659
8627 7660
8628 7661
8629 7662
8630 7663
8631 7664
8632 7665
8633 7666
8634 7667
8635 7668
8636 7669
8637 7670
8638 7671
8639 7672
8640 7673
8641 7674
8642 7675
8643 7676
8644 7677
8645 7678
8646 7679
8647 7680
8648 7681
8649 7682
8650 7683
8651 7684
8652 7685
8653 7686
8654 7687
8655 7688
8656 7689
8657 7690
8658 7691
8659 7692
8660 7693
8661 7694
8662 7695
8663 7696
8664 7697
8665 7698
8666 7699
8667 7700
8668 7701
8669 7702
8670 7703
8671 7704
8672 7705
8673 7706
8674 7707
8675 7708
8676 7709
8677 7710
8678 7711
8679 7712
8680 7713
8681 7714
8682 7715
8683 7717
8684 7718
8685 7721
8686 7722
8687 7723
8688 7724
8689 7725
8690 7726
8691 7727
8692 7728
8693 7729
8694 7730
8695 7731
8696 7732
8697 7733
8698 7734
8699 7735
8700 7736
8701 7737
8702 7738
8703 7739
8704 7740
8705 7741
8706 7742
8707 7743
8708 7744
8709 7745
8710 7746
8711 7747
8712 7748
8713 7749
8714 7750
8715 7751
8716 7752
8717 7753
8718 7754
8719 7755
8720 7756
8721 7759
8722 7760
8723 7761
8724 7762
8725 7763
8726 7764
8727 7765
8728 7766
8729 7767
8730 7768
8731 7769
8732 7770
8733 7771
8734 7772
8735 7773
8736 7774
8737 7775
8738 7776
8739 7777
8740 7778
8741 7779
8742 7780
8743 7781
8744 7782
8745 7783
8746 7785
8747 7786
8748 7787
8749 7788
8750 7789
8751 7790
8752 7791
8753 7792
8754 7793
8755 7794
8756 7795
8757 7796
8758 7797
8759 7798
8760 7799
8761 7800
8762 7801
8763 7802
8764 7803
8765 7804
8766 7805
8767 7806
8768 7807
8769 7808
8770 7809
8771 7810
8772 7811
8773 7812
8774 7813
8775 7814
8776 7815
8777 7816
8778 7817
8779 7818
8780 7819
8781 7820
8782 7821
8783 7822
8784 7823
8785 7824
8786 7825
8787 7826
8788 7827
8789 7828
8790 7829
8791 7830
8792 7831
8793 7832
8794 7833
8795 7834
8796 7835
8797 7836
8798 7837
8799 7838
8800 7839
8801 7840
8802 7841
8803 7842
8804 7843
8805 7844
8806 7845
8807 7846
8808 7847
8809 7848
8810 7849
8811 7850
8812 7851
8813 7852
8814 7853
8815 7854
8816 7855
8817 7856
8818 7857
8819 7858
8820 7859
8821 7860
8822 7861
8823 7862
8824 7863
8825 7864
8826 7865
8827 7866
8828 7867
8829 7868
8830 7869
8831 7870
8832 7871
8833 7872
8834 7873
8835 7874
8836 7875
8837 7876
8838 7877
8839 7878
8840 7879
8841 7881
8842 7882
8843 7883
8844 7884
8845 7885
8846 7886
8847 7887
8848 7888
8849 7889
8850 7890
8851 7891
8852 7892
8853 7893
8854 7894
8855 7895
8856 7896
8857 7897
8858 7898
8859 7899
8860 7900
8861 7901
8862 7902
8863 7903
8864 7904
8865 7905
8866 7906
8867 7907
8868 7908
8869 7909
8870 7910
8871 7911
8872 7912
8873 7913
8874 7914
8875 7915
8876 7916
8877 7917
8878 7918
8879 7919
8880 7920
8881 7921
8882 7922
8883 7923
8884 7924
8885 7925
8886 7926
8887 7927
8888 7928
8889 7929
8890 7930
8891 7931
8892 7932
8893 7933
8894 7934
8895 7935
8896 7936
8897 7937
8898 7938
8899 7939
8900 7940
8901 7941
8902 7942
8903 7943
8904 7944
8905 7945
8906 7946
8907 7947
8908 7948
8909 7949
8910 7950
8911 7951
8912 7952
8913 7953
8914 7954
8915 7955
8916 7956
8917 7957
8918 7958
8919 7959
8920 7960
8921 7963
8922 7964
8923 7965
8924 7966
8925 7967
8926 7968
8927 7969
8928 7970
8929 7971
8930 7972
8931 7973
8932 7974
8933 7975
8934 7976
8935 7977
8936 7978
8937 7979
8938 7980
8939 7981
8940 7982
8941 7983
8942 7984
8943 7985
8944 7986
8945 7987
8946 7988
8947 7989
8948 7990
8949 7991
8950 7992
8951 7993
8952 7994
8953 7995
8954 7996
8955 7997
8956 7998
8957 7999
8958 8000
8959 8001
8960 8002
8961 8003
8962 8004
8963 8005
8964 8006
8965 8007
8966 8008
8967 8009
8968 8010
8969 8011
8970 8012
8971 8013
8972 8014
8973 8015
8974 8016
8975 8017
8976 8018
8977 8019
8978 8020
8979 8022
8980 8023
8981 8024
8982 8025
8983 8026
8984 8027
8985 8028
8986 8029
8987 8030
8988 8031
8989 8032
8990 8033
8991 8034
8992 8035
8993 8036
8994 8037
8995 8038
8996 8039
8997 8040
8998 8041
8999 8042
9000 8043
9001 8044
9002 8045
9003 8046
9004 8047
9005 8048
9006 8049
9007 8050
9008 8051
9009 8052
9010 8053
9011 8054
9012 8055
9013 8056
9014 8057
9015 8058
9016 8059
9017 8060
9018 8061
9019 8062
9020 8063
9021 8064
9022 8065
9023 8066
9024 8067
9025 8068
9026 8069
9027 8070
9028 8071
9029 8072
9030 8073
9031 8074
9032 8075
9033 8076
9034 8077
9035 8078
9036 8079
9037 8080
9038 8081
9039 8082
9040 8084
9041 8085
9042 8086
9043 8087
9044 8088
9045 8089
9046 8090
9047 8091
9048 8092
9049 8093
9050 8094
9051 8095
9052 8096
9053 8097
9054 8098
9055 8099
9056 8100
9057 8101
9058 8102
9059 8103
9060 8104
9061 8105
9062 8106
9063 8107
9064 8108
9065 8109
9066 8110
9067 8111
9068 8112
9069 8113
9070 8114
9071 8115
9072 8116
9073 8117
9074 8118
9075 8119
9076 8120
9077 8121
9078 8122
9079 8123
9080 8124
9081 8125
9082 8126
9083 8127
9084 8128
9085 8129
9086 8130
9087 8131
9088 8132
9089 8133
9090 8134
9091 8135
9092 8136
9093 8137
9094 8138
9095 8139
9096 8140
9097 8141
9098 8142
9099 8143
9100 8144
9101 8145
9102 8146
9103 8147
9104 8148
9105 8149
9106 8150
9107 8151
9108 8152
9109 8153
9110 8154
9111 8155
9112 8156
9113 8157
9114 8158
9115 8159
9116 8160
9117 8161
9118 8162
9119 8163
9120 8164
9121 8165
9122 8166
9123 8167
9124 8168
9125 8169
9126 8170
9127 8171
9128 8172
9129 8173
9130 8174
9131 8175
9132 8176
9133 8177
9134 8178
9135 8179
9136 8180
9137 8181
9138 8182
9139 8183
9140 8184
9141 8185
9142 8186
9143 8187
9144 8188
9145 8189
9146 8190
9147 8191
9148 8192
9149 8193
9150 8194
9151 8195
9152 8196
9153 8197
9154 8198
9155 8199
9156 8200
9157 8201
9158 8202
9159 8203
9160 8204
9161 8205
9162 8206
9163 8207
9164 8208
9165 8209
9166 8210
9167 8211
9168 8212
9169 8213
9170 8214
9171 8215
9172 8216
9173 8217
9174 8218
9175 8219
9176 8220
9177 8221
9178 8222
9179 8223
9180 8224
9181 8225
9182 8226
9183 8227
9184 8228
9185 8229
9186 8230
9187 8231
9188 8232
9189 8233
9190 8234
9191 8235
9192 8236
9193 8237
9194 8238
9195 8239
9196 8240
9197 8241
9198 8242
9199 8243
9200 8244
9201 8245
9202 8246
9203 8247
9204 8248
9205 8249
9206 8250
9207 8251
9208 8252
9209 8253
9210 8254
9211 8255
9212 8256
9213 8257
9214 8258
9215 8259
9216 8260
9217 8261
9218 8262
9219 8263
9220 8264
9221 8265
9222 8266
9223 8267
9224 8268
9225 8269
9226 8270
9227 8271
9228 8272
9229 8273
9230 8274
9231 8275
9232 8276
9233 8277
9234 8278
9235 8279
9236 8280
9237 8281
9238 8282
9239 8283
9240 8284
9241 8285
9242 8286
9243 8287
9244 8288
9245 8289
9246 8290
9247 8291
9248 8292
9249 8293
9250 8294
9251 8295
9252 8296
9253 8297
9254 8298
9255 8299
9256 8300
9257 8301
9258 8302
9259 8303
9260 8304
9261 8305
9262 8306
9263 8307
9264 8308
9265 8309
9266 8310
9267 8311
9268 8312
9269 8313
9270 8314
9271 8315
9272 8316
9273 8317
9274 8318
9275 8319
9276 8320
9277 8321
9278 8322
9279 8323
9280 8324
9281 8325
9282 8326
9283 8327
9284 8328
9285 8329
9286 8330
9287 8331
9288 8332
9289 8333
9290 8334
9291 8335
9292 8336
9293 8337
9294 8338
9295 8339
9296 8340
9297 8341
9298 8342
9299 8343
9300 8344
9301 8345
9302 8346
9303 8347
9304 8348
9305 8349
9306 8350
9307 8351
9308 8352
9309 8353
9310 8354
9311 8355
9312 8356
9313 8357
9314 8358
9315 8359
9316 8360
9317 8361
9318 8362
9319 8363
9320 8364
9321 8365
9322 8366
9323 8367
9324 8368
9325 8369
9326 8370
9327 8371
9328 8372
9329 8373
9330 8374
9331 8375
9332 8376
9333 8377
9334 8378
9335 8379
9336 8380
9337 8381
9338 8382
9339 8383
9340 8384
9341 8385
9342 8386
9343 8387
9344 8388
9345 8389
9346 8390
9347 8391
9348 8392
9349 8393
9350 8394
9351 8395
9352 8396
9353 8397
9354 8398
9355 8399
9356 8400
9357 8401
9358 8402
9359 8403
9360 8404
9361 8405
9362 8406
9363 8407
9364 8408
9365 8409
9366 8410
9367 8411
9368 8412
9369 8413
9370 8414
9371 8415
9372 8416
9373 8417
9374 8418
9375 8419
9376 8420
9377 8421
9378 8422
9379 8423
9380 8424
9381 8425
9382 8426
9383 8427
9384 8428
9385 8429
9386 8430
9387 8431
9388 8432
9389 8433
9390 8434
9391 8435
9392 8436
9393 8437
9394 8438
9395 8439
9396 8440
9397 8441
9398 8442
9399 8443
9400 8444
9401 8445
9402 8446
9403 8447
9404 8448
9405 8449
9406 8450
9407 8451
9408 8452
9409 8453
9410 8454
9411 8455
9412 8456
9413 8457
9414 8458
9415 8459
9416 8460
9417 8461
9418 8462
9419 8463
9420 8464
9421 8465
9422 8466
9423 8467
9424 8468
9425 8469
9426 8470
9427 8471
9428 8472
9429 8473
9430 8474
9431 8475
9432 8476
9433 8477
9434 8478
9435 8479
9436 8480
9437 8481
9438 8482
9439 8483
9440 8484
9441 8485
9442 8486
9443 8487
9444 8488
9445 8489
9446 8490
9447 8491
9448 8492
9449 8493
9450 8494
9451 8495
9452 8496
9453 8497
9454 8498
9455 8499
9456 8500
9457 8501
9458 8502
9459 8503
9460 8504
9461 8505
9462 8505
9463 8506
9464 8507
9465 8508
9466 8509
9467 8510
9468 8511
9469 8512
9470 8513
9471 8514
9472 8515
9473 8516
9474 8517
9475 8518
9476 8519
9477 8520
9478 8521
9479 8522
9480 8523
9481 8524
9482 8525
9483 8526
9484 8527
9485 8528
9486 8529
9487 8530
9488 8531
9489 8532
9490 8535
9491 8536
9492 8537
9493 8538
9494 8539
9495 8540
9496 8541
9497 8542
9498 8544
9499 8545
9500 8546
9501 8547
9502 8548
9503 8549
9504 8552
9505 8553
9506 8554
9507 8555
9508 8556
9509 8557
9510 8558
9511 8559
9512 8560
9513 8561
9514 8562
9515 8563
9516 8564
9517 8565
9518 8566
9519 8567
9520 8568
9521 8569
9522 8570
9523 8571
9524 8572
9525 8573
9526 8574
9527 8575
9528 8576
9529 8577
9530 8578
9531 8579
9532 8580
9533 8581
9534 8582
9535 8583
9536 8584
9537 8585
9538 8586
9539 8587
9540 8588
9541 8589
9542 8590
9543 8591
9544 8592
9545 8593
9546 8594
9547 8595
9548 8596
9549 8597
9550 8598
9551 8599
9552 8600
9553 8601
9554 8602
9555 8603
9556 8604
9557 8605
9558 8606
9559 8607
9560 8608
9561 8609
9562 8610
9563 8611
9564 8612
9565 8613
9566 8614
9567 8615
9568 8616
9569 8617
9570 8618
9571 8619
9572 8620
9573 8621
9574 8622
9575 8623
9576 8624
9577 8625
9578 8626
9579 8627
9580 8628
9581 8629
9582 8630
9583 8631
9584 8632
9585 8633
9586 8634
9587 8635
9588 8636
9589 8637
9590 8638
9591 8639
9592 8640
9593 8641
9594 8642
9595 8643
9596 8644
9597 8645
9598 8646
9599 8647
9600 8648
9601 8649
9602 8650
9603 8651
9604 8652
9605 8653
9606 8654
9607 8655
9608 8656
9609 8657
9610 8658
9611 8659
9612 8660
9613 8660
9614 8661
9615 8662
9616 8663
9617 8664
9618 8665
9619 8666
9620 8667
9621 8668
9622 8669
9623 8670
9624 8671
9625 8672
9626 8673
9627 8674
9628 8675
9629 8676
9630 8677
9631 8678
9632 8679
9633 8680
9634 8681
9635 8682
9636 8683
9637 8684
9638 8685
9639 8686
9640 8687
9641 8688
9642 8689
9643 8690
9644 8691
9645 8692
9646 8693
9647 8694
9648 8695
9649 8696
9650 8697
9651 8698
9652 8699
9653 8700
9654 8701
9655 8702
9656 8703
9657 8704
9658 8705
9659 8706
9660 8707
9661 8708
9662 8709
9663 8710
9664 8711
9665 8712
9666 8713
9667 8714
9668 8715
9669 8716
9670 8717
9671 8718
9672 8719
9673 8720
9674 8721
9675 8722
9676 8723
9677 8724
9678 8725
9679 8726
9680 8727
9681 8728
9682 8729
9683 8730
9684 8731
9685 8732
9686 8733
9687 8734
9688 8735
9689 8736
9690 8737
9691 8738
9692 8739
9693 8740
9694 8741
9695 8742
9696 8743
9697 8744
9698 8745
9699 8746
9700 8747
9701 8748
9702 8749
9703 8750
9704 8751
9705 8752
9706 8753
9707 8754
9708 8755
9709 8756
9710 8757
9711 8758
9712 8759
9713 8760
9714 8761
9715 8762
9716 8763
9717 8764
9718 8765
9719 8766
9720 8767
9721 8768
9722 8769
9723 8770
9724 8771
9725 8772
9726 8773
9727 8774
9728 8775
9729 8776
9730 8777
9731 8778
9732 8779
9733 8780
9734 8781
9735 8782
9736 8783
9737 8784
9738 8785
9739 8786
9740 8787
9741 8788
9742 8789
9743 8790
9744 8791
9745 8792
9746 8793
9747 8794
9748 8795
9749 8796
9750 8797
9751 8798
9752 8799
9753 8800
9754 8801
9755 8802
9756 8803
9757 8804
9758 8805
9759 8806
9760 8807
9761 8808
9762 8809
9763 8810
9764 8811
9765 8812
9766 8813
9767 8814
9768 8815
9769 8816
9770 8817
9771 8818
9772 8819
9773 8820
9774 8821
9775 8822
9776 8823
9777 8824
9778 8825
9779 8826
9780 8827
9781 8828
9782 8829
9783 8830
9784 8831
9785 8832
9786 8833
9787 8834
9788 8835
9789 8836
9790 8837
9791 8838
9792 8839
9793 8840
9794 8841
9795 8842
9796 8843
9797 8844
9798 8845
9799 8846
9800 8847
9801 8848
9802 8849
9803 8850
9804 8851
9805 8852
9806 8853
9807 8854
9808 8855
9809 8856
9810 8857
9811 8858
9812 8859
9813 8860
9814 8861
9815 8862
9816 8863
9817 8864
9818 8865
9819 8866
9820 8867
9821 8868
9822 8869
9823 8870
9824 8871
9825 8872
9826 8873
9827 8874
9828 8875
9829 8876
9830 8877
9831 8878
9832 8879
9833 8880
9834 8882
9835 8883
9836 8884
9837 8885
9838 8886
9839 8887
9840 8888
9841 8889
9842 8891
9843 8892
9844 8893
9845 8894
9846 8895
9847 8896
9848 8897
9849 8898
9850 8899
9851 8900
9852 8901
9853 8902
9854 8903
9855 8906
9856 8907
9857 8908
9858 8909
9859 8910
9860 8911
9861 8912
9862 8913
9863 8914
9864 8915
9865 8916
9866 8917
9867 8918
9868 8919
9869 8920
9870 8921
9871 8922
9872 8923
9873 8924
9874 8925
9875 8926
9876 8927
9877 8928
9878 8929
9879 8930
9880 8931
9881 8932
9882 8933
9883 8934
9884 8935
9885 8936
9886 8937
9887 8938
9888 8939
9889 8940
9890 8941
9891 8942
9892 8943
9893 8944
9894 8945
9895 8946
9896 8947
9897 8948
9898 8949
9899 8950
9900 8951
9901 8952
9902 8953
9903 8954
9904 8955
9905 8956
9906 8957
9907 8958
9908 8959
9909 8960
9910 8961
9911 8962
9912 8963
9913 8964
9914 8965
9915 8966
9916 8967
9917 8968
9918 8969
9919 8970
9920 8971
9921 8972
9922 8973
9923 8974
9924 8975
9925 8976
9926 8977
9927 8978
9928 8979
9929 8980
9930 8981
9931 8982
9932 8983
9933 8984
9934 8985
9935 8986
9936 8987
9937 8988
9938 8989
9939 8990
9940 8991
9941 8992
9942 8993
9943 8994
9944 8995
9945 8996
9946 8997
9947 8998
9948 8999
9949 9000
9950 9001
9951 9002
9952 9003
9953 9004
9954 9005
9955 9006
9956 9007
9957 9008
9958 9009
9959 9010
9960 9011
9961 9012
9962 9013
9963 9014
9964 9015
9965 9016
9966 9017
9967 9018
9968 9019
9969 9020
9970 9021
9971 9022
9972 9023
9973 9024
9974 9025
9975 9026
9976 9027
9977 9028
9978 9029
9979 9030
9980 9031
9981 9032
9982 9033
9983 9034
9984 9035
9985 9036
9986 9037
9987 9038
9988 9039
9989 9040
9990 9041
9991 9042
9992 9043
9993 9044
9994 9045
9995 9046
9996 9047
9997 9048
9998 9049
9999 9050
