0 0
1 -1
2 5
3 3
4 2
5 3
6 5
7 6
8 6
9 5
10 5
11 -1
12 5
13 6
14 1
15 6
16 3
17 6
18 5
19 5
20 2
21 5
22 6
23 3
24 -1
25 -1
26 2
27 3
28 6
29 1
30 1
31 6
32 5
33 3
34 3
35 6
36 -1
37 -1
38 1
39 5
40 6
41 -1
42 6
43 -1
44 5
45 -1
46 6
47 2
48 1
49 3
50 5
51 2
52 6
53 6
54 3
55 1
56 5
57 -1
58 4
59 3
60 1
61 3
62 4
63 6
64 -1
65 6
66 3
67 5
68 -1
69 -1
70 6
71 5
72 0
73 3
74 3
75 6
76 6
77 2
78 -1
79 -1
80 5
81 1
82 6
83 6
84 -1
85 6
86 1
87 0
88 5
89 3
90 6
91 6
92 -1
93 1
94 5
95 -1
96 -1
97 5
98 1
99 5
100 3
101 6
102 3
103 5
104 6
105 5
106 6
107 5
108 6
109 5
110 1
111 6
112 5
113 5
114 -1
115 6
116 6
117 -1
118 3
119 3
120 1
121 -1
122 5
123 6
124 6
125 6
126 3
127 6
128 3
129 1
130 6
131 1
132 1
133 0
134 3
135 5
136 0
137 1
138 1
139 5
140 5
141 6
142 6
143 5
144 4
145 -1
146 -1
147 6
148 3
149 3
150 3
151 6
152 5
153 6
154 2
155 -1
156 6
157 6
158 3
159 5
160 3
161 4
162 6
163 1
164 0
165 1
166 2
167 -1
168 1
169 5
170 1
171 6
172 -1
173 6
174 6
175 3
176 -1
177 5
178 5
179 1
180 6
181 5
182 3
183 5
184 5
185 5
186 5
187 -1
188 6
189 1
190 5
191 -1
192 0
193 3
194 3
195 5
196 5
197 6
198 6
199 0
200 1
201 -1
202 0
203 -1
204 6
205 6
206 3
207 6
208 -1
209 3
210 3
211 -1
212 6
213 -1
214 6
215 6
216 -1
217 1
218 6
219 3
220 -1
221 1
222 3
223 1
224 3
225 5
226 0
227 3
228 -1
229 -1
230 1
231 -1
232 6
233 3
234 -1
235 1
236 6
237 -1
238 0
239 -1
240 5
241 5
242 5
243 2
244 -1
245 1
246 1
247 6
248 6
249 5
250 -1
251 5
252 -1
253 1
254 5
255 6
256 2
257 -1
258 6
259 5
260 -1
261 2
262 5
264 5
265 -1
266 2
267 5
268 5
269 3
270 6
271 5
272 -1
273 4
274 3
275 0
276 1
277 6
278 3
279 1
280 6
281 6
282 3
283 6
284 6
285 6
286 -1
287 4
288 -1
289 5
290 -1
291 3
292 6
293 6
294 6
295 5
296 2
297 0
298 -1
299 6
300 5
301 2
302 1
303 5
304 6
305 6
306 3
307 5
308 6
309 3
310 6
311 6
312 5
313 3
314 -1
315 6
316 1
317 -1
318 -1
319 3
320 4
321 5
322 5
323 5
324 5
325 -1
326 3
327 6
328 6
329 3
330 6
331 5
332 3
333 6
334 6
335 3
336 1
337 6
338 -1
339 5
340 1
341 5
342 -1
343 5
344 5
345 6
346 6
347 6
348 -1
349 6
350 6
351 3
352 6
353 1
354 6
355 6
356 6
357 5
358 6
359 0
360 1
361 5
362 5
363 2
364 6
365 5
366 3
367 1
368 5
369 6
370 3
371 3
372 -1
373 5
374 6
375 4
376 3
377 6
378 4
379 5
380 1
381 -1
382 6
383 6
384 5
385 5
386 6
387 5
388 1
389 -1
390 3
391 6
392 3
393 5
394 1
395 3
396 6
397 6
398 5
399 6
400 1
401 5
402 6
403 5
404 5
405 3
406 5
407 1
408 6
409 0
410 1
411 4
412 1
413 3
414 6
415 6
416 -1
417 2
418 3
419 5
420 1
421 1
422 2
423 6
424 5
425 2
426 1
427 -1
428 5
429 1
430 -1
431 1
432 0
433 0
434 3
435 2
436 6
437 5
438 0
439 5
440 -1
441 2
442 1
443 2
444 -1
445 1
446 6
447 6
448 -1
449 3
450 5
451 -1
452 5
453 -1
454 5
455 6
456 2
457 6
458 1
459 6
460 6
461 1
462 3
463 -1
464 1
465 6
466 5
467 -1
468 3
469 1
470 6
471 0
472 6
473 -1
475 6
476 6
477 1
478 6
479 5
480 5
481 1
482 1
483 1
484 2
485 6
486 -1
487 1
488 1
489 6
490 3
491 5
492 6
493 6
494 3
495 6
496 -1
497 6
498 5
499 3
500 6
501 -1
502 1
503 3
504 1
505 -1
506 5
507 1
508 6
509 1
510 4
511 -1
512 2
513 4
514 5
515 -1
516 5
517 3
518 6
519 1
520 6
521 5
522 -1
523 6
524 6
525 -1
526 5
527 1
528 3
529 -1
530 -1
531 6
532 2
533 5
534 1
535 3
536 6
537 2
538 3
539 6
540 5
541 6
542 5
543 6
544 0
545 2
546 0
547 6
548 1
549 1
550 -1
551 6
552 5
553 5
554 2
555 6
556 6
557 5
558 -1
559 2
560 6
561 6
562 0
563 5
564 3
565 6
566 0
567 -1
568 5
569 1
570 6
571 3
572 6
573 1
574 6
575 3
576 3
577 -1
578 -1
579 1
580 5
581 5
582 5
583 6
584 -1
585 5
586 6
587 -1
588 3
589 -1
590 6
591 -1
592 6
593 6
594 5
595 6
596 3
597 5
598 -1
599 -1
600 3
601 6
602 6
603 -1
604 6
605 5
606 5
607 5
608 -1
609 -1
610 -1
611 5
612 5
613 5
614 5
615 5
616 6
617 6
618 6
619 6
620 3
621 1
622 3
623 5
624 3
625 3
626 6
627 6
628 6
629 -1
630 1
631 -1
632 4
633 6
634 2
635 6
636 6
637 -1
638 5
639 5
640 6
641 1
642 5
643 6
644 6
645 3
646 -1
647 1
648 6
649 6
650 6
651 5
652 5
653 6
654 5
655 3
656 4
657 5
658 3
659 -1
660 6
661 5
662 1
663 5
664 3
665 6
666 -1
667 1
668 -1
669 5
670 -1
671 3
672 1
673 -1
674 6
675 -1
676 6
677 6
678 5
679 5
680 1
681 6
682 5
683 1
684 2
685 5
686 0
687 6
688 5
689 5
690 5
691 -1
692 3
693 5
694 -1
695 6
696 3
697 6
698 -1
699 5
700 3
701 1
702 1
703 6
704 6
705 1
706 1
707 6
708 4
709 6
710 -1
711 2
712 6
713 5
714 6
715 0
716 1
717 6
718 1
719 5
720 3
721 6
722 -1
723 6
724 -1
725 -1
726 1
727 2
728 3
729 5
730 5
731 1
732 6
733 6
734 6
735 -1
736 1
737 1
738 5
739 -1
740 5
741 5
742 1
743 0
744 1
745 2
746 -1
747 5
748 6
749 1
750 6
751 0
752 -1
753 3
754 5
755 5
756 6
757 3
758 2
759 1
760 5
761 6
762 -1
763 5
764 6
765 -1
766 6
767 0
768 3
769 5
770 6
771 2
772 5
773 1
774 6
775 5
776 1
777 3
778 6
779 2
780 -1
781 -1
782 5
783 5
784 3
785 1
786 6
787 6
788 1
789 5
790 6
791 -1
792 5
793 0
794 3
795 1
796 6
797 2
798 5
799 -1
800 6
801 3
802 6
803 -1
804 5
805 3
806 5
807 6
808 2
809 3
810 -1
811 2
812 3
813 5
814 5
815 1
816 5
817 -1
818 3
819 2
820 3
821 -1
822 5
823 5
824 5
825 6
826 -1
827 -1
828 3
829 0
830 0
831 6
832 1
833 5
834 5
835 -1
836 6
837 3
838 6
839 5
840 5
841 -1
842 5
843 3
844 2
845 6
846 -1
847 6
848 -1
849 1
850 -1
851 5
852 6
853 6
854 6
855 5
856 5
857 -1
858 6
859 5
860 6
861 5
862 6
863 6
864 6
865 5
866 5
867 5
868 6
869 6
870 -1
871 5
872 6
873 6
874 -1
875 5
876 5
877 3
878 -1
879 0
880 5
881 6
882 5
883 -1
884 4
885 3
886 6
887 5
888 -1
889 -1
890 5
891 0
892 5
893 2
894 1
895 5
896 1
897 0
898 3
899 6
900 1
901 6
902 1
903 6
904 3
905 5
906 -1
907 -1
908 3
909 3
910 5
911 5
912 3
913 1
914 6
915 6
916 3
917 6
918 5
919 5
920 -1
921 3
922 3
923 4
924 4
925 -1
926 6
927 6
928 -1
929 -1
930 -1
931 6
932 5
933 6
934 -1
935 5
936 3
937 0
938 3
939 5
940 6
941 6
942 5
943 5
944 2
945 6
946 5
947 5
948 6
949 5
950 4
951 -1
952 4
953 1
954 3
955 5
956 1
957 0
958 5
959 3
960 3
961 -1
962 3
963 5
964 1
965 -1
966 1
967 1
968 6
969 6
970 6
971 -1
972 3
973 2
974 3
975 6
976 5
977 2
978 5
979 5
980 3
981 3
982 6
983 6
984 3
985 3
986 -1
987 3
988 5
989 1
990 3
991 6
992 2
993 5
994 5
995 2
996 3
997 6
998 6
999 6
1000 4
1001 5
1002 -1
1003 5
1004 -1
1005 2
1006 6
1007 3
1008 2
1009 3
1010 3
1011 -1
1012 1
1013 6
1014 0
1015 4
1016 5
1017 1
1018 5
1019 2
1020 6
1021 -1
1022 6
1023 5
1024 3
1025 0
1026 -1
1027 5
1028 3
1029 5
1030 6
1031 6
1032 2
1033 3
1034 3
1035 5
1036 0
1037 0
1038 6
1039 3
1040 6
1041 3
1042 1
1043 5
1044 -1
1045 5
1046 3
1047 1
1048 2
1049 6
1050 6
1051 -1
1052 3
1053 6
1054 6
1055 6
1056 3
1057 1
1058 5
1059 1
1060 6
1061 3
1062 1
1063 5
1064 -1
1065 0
1066 3
1067 5
1068 6
1069 -1
1070 4
1071 1
1072 6
1073 5
1074 6
1075 6
1076 5
1077 3
1078 1
1079 5
1080 5
1081 5
1082 5
1083 6
1084 3
1085 1
1086 -1
1087 5
1088 5
1089 2
1090 6
1091 6
1092 6
1093 6
1094 5
1095 1
1096 -1
1097 6
1098 -1
1099 3
1100 5
1101 1
1102 3
1103 -1
1104 5
1105 6
1106 3
1107 3
1108 6
1109 6
1110 6
1111 -1
1112 6
1113 6
1114 6
1115 5
1116 6
1117 6
1118 2
1119 3
1120 -1
1121 3
1122 1
1123 3
1124 5
1125 0
1126 5
1127 5
1128 1
1129 3
1130 5
1131 3
1132 3
1133 3
1134 5
1135 -1
1136 3
1137 2
1138 6
1139 -1
1140 5
1141 6
1142 0
1143 0
1144 6
1145 -1
1146 3
1147 -1
1148 -1
1149 1
1150 -1
1151 4
1152 0
1153 1
1154 3
1155 5
1156 3
1157 1
1158 5
1159 6
1160 -1
1161 3
1162 6
1163 6
1164 6
1165 0
1166 3
1167 5
1168 3
1169 3
1170 5
1171 3
1172 1
1173 6
1174 5
1175 -1
1176 3
1177 5
1178 3
1179 4
1180 6
1181 -1
1182 6
1183 1
1184 1
1185 6
1186 2
1187 3
1188 1
1189 5
1190 -1
1191 1
1192 3
1193 -1
1194 5
1195 6
1196 -1
1197 1
1198 2
1199 -1
1200 5
1201 0
1202 -1
1203 6
1204 6
1205 6
1206 -1
1207 3
1208 5
1209 6
1210 5
1211 1
1212 1
1213 4
1214 5
1215 6
1216 -1
1217 5
1218 5
1219 6
1220 1
1221 3
1222 6
1223 6
1224 1
1225 2
1226 6
1227 5
1228 6
1229 -1
1230 2
1231 -1
1232 5
1233 5
1234 6
1235 6
1236 4
1237 1
1238 6
1239 6
1240 6
1241 3
1242 3
1243 2
1244 3
1245 -1
1246 3
1247 -1
1248 2
1249 2
1250 3
1251 3
1252 6
1253 5
1254 -1
1255 -1
1256 6
1257 5
1258 6
1259 2
1260 5
1261 -1
1262 6
1263 -1
1264 5
1265 1
1266 3
1267 0
1268 6
1269 1
1270 6
1271 1
1272 3
1273 3
1274 -1
1275 5
1276 6
1277 1
1278 -1
1279 -1
1280 -1
1281 1
1282 5
1283 1
1284 2
1285 -1
1286 3
1287 2
1288 5
1289 5
1290 5
1291 6
1292 2
1293 -1
1294 1
1295 6
1296 -1
1297 -1
1298 -1
1299 5
1300 6
1301 6
1302 3
1303 1
1304 1
1305 5
1306 6
1307 3
1308 -1
1309 6
1310 5
1311 1
1312 -1
1313 5
1314 6
1315 6
1316 3
1317 6
1318 1
1319 6
1320 -1
1321 5
1322 6
1323 5
1324 0
1325 6
1326 6
1327 5
1328 -1
1329 6
1330 6
1331 6
1332 -1
1333 3
1334 1
1335 6
1336 -1
1337 6
1338 2
1339 6
1340 -1
1341 3
1342 4
1343 1
1344 6
1345 6
1346 3
1347 -1
1348 5
1349 6
1350 6
1351 6
1352 -1
1353 6
1354 2
1355 4
1356 -1
1357 3
1358 5
1359 6
1360 5
1361 5
1362 6
1363 5
1364 0
1365 3
1366 6
1367 3
1368 3
1369 6
1370 -1
1371 5
1372 5
1373 6
1374 1
1375 5
1376 6
1377 0
1378 5
1379 5
1380 6
1381 6
1382 5
1383 6
1384 6
1385 0
1386 6
1387 3
1388 6
1389 1
1390 5
1391 4
1392 5
1393 6
1394 3
1395 6
1396 -1
1397 5
1398 5
1399 5
1400 3
1401 1
1402 6
1403 1
1404 6
1405 4
1406 6
1407 0
1408 5
1409 5
1410 6
1411 5
1412 4
1413 -1
1414 1
1415 5
1416 -1
1417 3
1418 1
1419 0
1420 2
1421 6
1422 5
1423 6
1424 5
1425 -1
1426 6
1427 6
1428 6
1429 5
1430 -1
1431 5
1432 6
1433 1
1434 -1
1435 3
1436 6
1437 6
1438 5
1439 6
1440 1
1441 6
1442 -1
1443 2
1444 6
1445 6
1446 3
1447 6
1448 6
1449 3
1450 5
1451 6
1452 6
1453 6
1454 5
1455 5
1456 5
1457 5
1458 5
1459 0
1460 5
1461 6
1462 -1
1463 3
1464 6
1465 3
1466 1
1467 -1
1468 6
1469 6
1470 1
1471 5
1472 3
1473 1
1474 5
1475 5
1476 5
1477 5
1478 2
1479 -1
1480 5
1481 1
1482 1
1483 -1
1484 5
1485 -1
1486 6
1487 -1
1488 6
1489 3
1490 -1
1491 1
1492 6
1493 2
1494 5
1495 2
1496 0
1497 0
1498 5
1499 4
1500 5
1501 6
1502 -1
1503 -1
1504 -1
1505 6
1506 -1
1507 -1
1508 6
1509 6
1510 2
1511 6
1512 6
1513 5
1514 5
1515 6
1516 3
1517 5
1518 5
1519 3
1520 -1
1521 3
1522 -1
1523 -1
1524 1
1525 -1
1526 1
1527 -1
1528 3
1529 6
1530 -1
1531 6
1532 6
1533 3
1534 6
1535 -1
1536 2
1537 5
1538 5
1539 5
1540 3
1541 6
1542 3
1543 1
1544 3
1545 4
1546 5
1547 6
1548 -1
1549 4
1550 5
1551 0
1552 6
1553 6
1554 6
1555 3
1556 0
1557 3
1558 3
1559 6
1560 6
1561 5
1562 1
1563 -1
1564 6
1565 6
1566 3
1567 3
1568 -1
1569 5
1570 6
1571 3
1572 5
1573 2
1574 6
1575 1
1576 5
1577 6
1578 5
1579 3
1580 -1
1581 6
1582 1
1583 5
1584 1
1585 6
1586 5
1587 5
1588 3
1589 -1
1590 2
1591 6
1592 3
1593 3
1594 5
1595 -1
1596 3
1597 6
1598 -1
1599 5
1600 3
1601 5
1602 3
1603 3
1604 -1
1605 5
1606 4
1607 5
1608 3
1609 6
1610 -1
1611 5
1612 -1
1613 0
1614 6
1615 3
1616 3
1617 3
1618 5
1619 5
1620 2
1621 6
1622 5
1623 1
1624 5
1625 2
1626 -1
1627 3
1628 5
1629 6
1630 5
1631 6
1632 -1
1633 1
1634 1
1635 6
1636 0
1637 6
1638 3
1639 6
1640 3
1641 6
1642 -1
1643 -1
1644 3
1645 5
1646 1
1647 4
1648 5
1649 -1
1650 6
1651 5
1652 1
1653 6
1654 5
1655 6
1656 5
1657 6
1658 5
1659 6
1660 5
1661 5
1662 1
1663 0
1664 4
1665 -1
1666 5
1667 0
1668 6
1669 3
1670 1
1671 3
1672 6
1673 3
1674 4
1675 3
1676 5
1677 6
1678 6
1679 -1
1680 1
1681 3
1682 1
1683 2
1684 6
1685 2
1686 5
1687 5
1688 1
1689 -1
1690 2
1691 6
1692 1
1693 0
1694 6
1695 5
1696 3
1697 5
1698 6
1699 1
1700 5
1701 6
1702 5
1703 4
1704 3
1705 4
1706 1
1707 3
1708 5
1709 1
1710 3
1711 3
1712 1
1713 1
1714 5
1715 5
1716 6
1717 6
1718 3
1719 0
1720 5
1721 5
1722 5
1723 5
1724 3
1725 3
1726 2
1727 0
1728 6
1729 6
1730 3
1731 5
1732 6
1733 -1
1734 6
1735 5
1736 1
1737 3
1738 5
1739 3
1740 2
1741 0
1742 5
1743 0
1744 5
1745 6
1746 6
1747 4
1748 5
1749 6
1750 6
1751 -1
1752 3
1753 6
1754 -1
1755 5
1756 3
1757 2
1758 5
1759 2
1760 6
1761 3
1762 3
1763 6
1764 1
1765 3
1766 2
1767 -1
1768 6
1769 1
1770 5
1771 4
1772 3
1773 5
1774 3
1775 4
1776 6
1777 1
1778 3
1779 5
1780 1
1781 6
1782 5
1783 5
1784 5
1785 6
1786 3
1787 5
1788 5
1789 6
1790 6
1791 3
1792 1
1793 -1
1794 5
1795 2
1796 5
1797 5
1798 1
1799 5
1800 5
1801 1
1802 6
1803 1
1804 1
1805 1
1806 1
1807 6
1808 6
1809 6
1810 6
1811 5
1812 -1
1813 -1
1814 -1
1815 6
1816 6
1817 1
1818 5
1819 2
1820 3
1821 5
1822 2
1823 3
1824 3
1825 0
1826 5
1827 5
1828 -1
1829 -1
1830 0
1831 1
1832 -1
1833 6
1834 0
1835 3
1836 2
1837 5
1838 5
1839 -1
1840 3
1841 -1
1842 4
1843 6
1844 -1
1845 5
1846 5
1847 6
1848 -1
1849 -1
1850 5
1851 5
1852 3
1853 1
1854 -1
1855 -1
1856 3
1857 6
1858 6
1859 1
1860 5
1861 2
1862 1
1863 4
1864 1
1865 6
1866 -1
1867 1
1868 6
1869 -1
1870 1
1871 -1
1872 3
1873 1
1874 6
1875 6
1876 6
1877 1
1878 -1
1879 6
1880 6
1881 2
1882 5
1883 6
1884 6
1885 4
1886 5
1887 0
1888 6
1889 3
1890 6
1891 -1
1892 5
1893 1
1894 5
1895 5
1896 5
1897 1
1898 6
1899 -1
1900 -1
1901 0
1902 6
1903 6
1904 6
1905 3
1906 -1
1907 6
1908 6
1909 0
1910 6
1911 -1
1912 6
1913 3
1914 -1
1915 -1
1916 -1
1917 6
1918 3
1919 -1
1920 6
1921 5
1922 -1
1923 3
1924 5
1925 -1
1926 0
1927 3
1928 1
1929 1
1930 6
1931 6
1932 5
1933 5
1934 3
1935 3
1936 5
1937 6
1938 6
1939 4
1940 6
1941 1
1942 3
1943 6
1944 6
1945 5
1946 6
1947 6
1948 3
1949 1
1950 -1
1951 5
1952 5
1953 2
1954 6
1955 3
1956 -1
1957 6
1958 5
1959 1
1960 4
1961 5
1962 2
1963 -1
1964 5
1965 6
1966 2
1967 3
1968 1
1969 -1
1970 3
1971 4
1972 6
1973 -1
1974 6
1975 6
1976 6
1977 3
1978 -1
1979 1
1980 -1
1981 -1
1982 5
1983 1
1984 3
1985 -1
1986 -1
1987 3
1988 6
1989 5
1990 -1
1991 5
1992 1
1993 1
1994 4
1995 6
1996 -1
1997 3
1998 6
1999 3
2000 6
2001 3
2002 3
2003 -1
2004 6
2005 -1
2006 -1
2007 3
2008 1
2009 6
2010 6
2011 -1
2012 5
2013 -1
2014 5
2015 1
2016 6
2017 6
2018 6
2019 -1
2020 0
2021 5
2022 -1
2023 6
2024 6
2025 6
2026 -1
2027 5
2028 6
2029 6
2030 0
2031 6
2032 6
2033 1
2034 6
2035 6
2036 3
2037 0
2038 3
2039 -1
2040 4
2041 2
2042 1
2043 3
2044 5
2045 1
2046 3
2047 1
2048 0
2049 -1
2050 2
2051 1
2052 3
2053 5
2054 6
2055 -1
2056 6
2057 5
2058 6
2059 5
2060 1
2061 -1
2062 2
2063 6
2064 1
2065 6
2066 1
2067 5
2068 -1
2069 -1
2070 5
2071 3
2072 2
2073 3
2074 -1
2075 5
2076 -1
2077 3
2078 -1
2079 6
2080 6
2081 6
2082 -1
2083 6
2084 3
2085 -1
2086 0
2087 6
2088 -1
2089 0
2090 6
2091 0
2092 0
2093 6
2094 6
2095 1
2096 5
2097 0
2098 6
2099 4
2100 6
2101 2
2102 1
2103 6
2104 6
2105 -1
2106 5
2107 -1
2108 -1
2109 3
2110 2
2111 5
2112 5
2113 1
2114 6
2115 0
2116 1
2117 5
2118 3
2119 2
2120 5
2121 -1
2122 5
2123 6
2124 6
2125 3
2126 6
2127 2
2128 6
2129 1
2130 3
2131 6
2132 6
2133 -1
2134 5
2135 1
2136 6
2137 5
2138 5
2139 3
2140 6
2141 -1
2142 -1
2143 -1
2144 -1
2145 6
2146 -1
2147 -1
2148 1
2149 6
2150 3
2151 2
2152 3
2153 5
2154 -1
2155 0
2156 3
2157 6
2158 3
2159 1
2160 6
2161 6
2162 5
2163 4
2164 5
2165 -1
2166 3
2167 0
2168 3
2169 -1
2170 -1
2171 6
2172 -1
2173 5
2174 6
2175 4
2176 6
2177 6
2178 6
2179 5
2180 1
2181 5
2182 -1
2183 5
2184 4
2185 5
2186 -1
2187 6
2188 2
2189 6
2190 6
2191 -1
2192 6
2193 2
2194 -1
2195 5
2196 3
2197 6
2198 5
2199 -1
2200 5
2201 4
2202 5
2203 5
2204 5
2205 5
2206 5
2207 5
2208 -1
2209 5
2210 -1
2211 -1
2212 5
2213 6
2214 3
2215 3
2216 -1
2217 1
2218 3
2219 5
2220 6
2221 5
2222 0
2223 3
2224 3
2225 1
2226 5
2227 3
2228 4
2229 1
2230 5
2231 1
2232 5
2233 2
2234 6
2235 -1
2236 5
2237 2
2238 5
2239 6
2240 6
2241 6
2242 6
2243 6
2244 6
2245 4
2246 -1
2247 2
2248 3
2249 6
2250 4
2251 -1
2252 -1
2253 1
2254 -1
2255 5
2256 3
2257 3
2258 2
2259 3
2260 5
2261 3
2262 3
2263 5
2264 6
2265 6
2266 6
2267 -1
2268 1
2269 3
2270 5
2271 5
2272 6
2273 -1
2274 5
2275 3
2276 6
2277 5
2278 -1
2279 5
2280 5
2281 -1
2282 5
2283 6
2284 6
2285 5
2286 5
2287 5
2288 3
2289 5
2290 1
2291 -1
2292 6
2293 5
2294 3
2295 6
2296 1
2297 6
2298 2
2299 1
2300 3
2301 1
2302 -1
2303 3
2304 1
2305 3
2306 -1
2307 6
2308 3
2309 2
2310 5
2311 0
2312 3
2313 3
2314 -1
2315 6
2316 -1
2317 4
2318 5
2319 6
2320 6
2321 5
2322 5
2323 6
2324 1
2325 1
2326 6
2327 -1
2328 6
2329 -1
2330 6
2331 5
2332 5
2333 5
2334 -1
2335 4
2336 5
2337 -1
2338 6
2339 6
2340 6
2341 1
2342 5
2343 5
2344 6
2345 6
2346 -1
2347 -1
2348 5
2349 1
2350 6
2351 1
2352 3
2353 -1
2354 3
2355 -1
2356 -1
2357 -1
2358 6
2359 3
2360 6
2361 -1
2362 5
2363 5
2364 0
2365 1
2366 1
2367 6
2368 6
2369 6
2370 2
2371 3
2372 6
2373 6
2374 0
2375 5
2376 6
2377 -1
2378 3
2379 1
2380 5
2381 6
2382 3
2383 6
2384 1
2385 6
2386 3
2387 5
2388 -1
2389 5
2390 5
2391 5
2392 5
2393 6
2394 -1
2395 -1
2396 6
2397 5
2398 -1
2399 -1
2400 -1
2401 2
2402 6
2403 6
2404 6
2405 6
2406 3
2407 5
2408 6
2409 5
2410 4
2411 3
2412 5
2413 1
2414 -1
2415 1
2416 2
2417 5
2418 6
2419 6
2420 6
2421 6
2422 6
2423 5
2424 6
2425 2
2426 6
2427 1
2428 5
2429 1
2430 3
2431 6
2432 6
2433 5
2434 5
2435 1
2436 5
2437 1
2438 3
2439 6
2440 2
2441 3
2442 -1
2443 1
2444 -1
2445 6
2446 1
2447 6
2448 4
2449 -1
2450 6
2451 5
2452 5
2453 6
2454 -1
2455 6
2456 5
2457 2
2458 1
2459 -1
2460 3
2461 -1
2462 1
2463 6
2464 1
2465 6
2466 1
2467 5
2468 5
2469 5
2470 6
2471 6
2472 6
2473 5
2474 -1
2475 3
2476 3
2477 6
2478 1
2479 6
2480 6
2481 1
2482 0
2483 -1
2484 6
2485 1
2486 1
2487 3
2488 1
2489 -1
2490 6
2491 6
2492 -1
2493 1
2494 1
2495 6
2496 -1
2497 6
2498 6
2499 1
2500 5
2501 2
2502 6
2503 -1
2504 1
2505 6
2506 0
2507 3
2508 4
2509 5
2510 1
2511 6
2512 6
2513 5
2514 0
2515 5
2516 0
2517 6
2518 3
2519 6
2520 -1
2521 6
2522 1
2523 -1
2524 6
2525 1
2526 -1
2527 1
2528 2
2529 -1
2530 3
2531 6
2532 5
2533 4
2534 5
2535 5
2536 0
2537 6
2538 -1
2539 6
2540 5
2541 5
2542 1
2543 3
2544 1
2545 6
2546 6
2547 3
2548 6
2549 3
2550 6
2551 3
2552 5
2553 5
2554 6
2555 6
2556 -1
2557 3
2558 3
2559 5
2560 2
2561 6
2562 3
2563 2
2564 -1
2565 0
2566 2
2567 5
2568 1
2569 6
2570 6
2571 6
2572 -1
2573 2
2574 5
2575 6
2576 2
2577 0
2578 5
2579 -1
2580 5
2581 5
2582 0
2583 -1
2584 5
2585 6
2586 5
2587 -1
2588 3
2589 3
2590 -1
2591 3
2592 6
2593 3
2594 5
2595 0
2596 6
2597 3
2598 6
2599 -1
2600 5
2601 1
2602 6
2603 5
2604 -1
2605 6
2606 3
2607 5
2608 4
2609 6
2610 4
2611 -1
2612 5
2613 -1
2614 1
2615 6
2616 3
2617 3
2618 5
2619 3
2620 6
2621 2
2622 5
2623 5
2624 4
2625 4
2626 1
2627 6
2628 -1
2629 2
2630 -1
2631 -1
2632 6
2633 6
2634 2
2635 5
2636 5
2637 6
2638 -1
2639 6
2640 1
2641 1
2642 2
2643 5
2644 4
2645 0
2646 5
2647 6
2648 5
2649 6
2650 -1
2651 6
2652 6
2653 5
2654 3
2655 1
2656 5
2657 5
2658 -1
2659 5
2660 3
2661 5
2662 0
2663 -1
2664 6
2665 6
2666 -1
2667 5
2668 -1
2669 6
2670 6
2671 2
2672 6
2673 -1
2674 -1
2675 3
2676 1
2677 5
2678 1
2679 3
2680 -1
2681 1
2682 -1
2683 6
2684 5
2685 -1
2686 3
2687 5
2688 6
2689 3
2690 1
2691 3
2692 5
2693 5
2694 5
2695 -1
2696 1
2697 5
2698 0
2699 4
2700 6
2701 5
2702 3
2703 5
2704 1
2705 4
2706 6
2707 6
2708 1
2709 6
2710 6
2711 0
2712 3
2713 4
2714 0
2715 1
2716 -1
2717 5
2718 -1
2719 -1
2720 4
2721 -1
2722 6
2723 1
2724 6
2725 1
2726 1
2727 3
2728 4
2729 6
2730 6
2731 -1
2732 5
2733 -1
2734 5
2735 5
2736 5
2737 6
2738 -1
2739 6
2740 1
2741 6
2742 6
2743 6
2744 1
2745 -1
2746 6
2747 5
2748 3
2749 6
2750 0
2751 5
2752 5
2753 5
2754 4
2755 3
2756 5
2757 -1
2758 3
2759 1
2760 3
2761 3
2762 6
2763 5
2764 5
2765 5
2766 3
2767 -1
2768 6
2769 4
2770 5
2771 6
2772 6
2773 3
2774 5
2775 6
2776 6
2777 1
2778 6
2779 1
2780 1
2781 6
2782 3
2783 -1
2784 -1
2785 6
2786 -1
2787 5
2788 1
2789 6
2790 -1
2791 6
2792 6
2793 3
2794 6
2795 5
2796 6
2797 6
2798 3
2799 5
2800 3
2801 5
2802 4
2803 3
2804 5
2805 5
2806 5
2807 6
2808 6
2809 6
2810 1
2811 2
2812 5
2813 5
2814 -1
2815 -1
2816 0
2817 6
2818 6
2819 5
2820 5
2821 1
2822 5
2823 3
2824 6
2825 3
2826 -1
2827 4
2828 1
2829 6
2830 1
2831 3
2832 5
2833 3
2834 3
2835 6
2836 6
2837 -1
2838 6
2839 2
2840 6
2841 6
2842 0
2843 3
2844 1
2845 5
2846 2
2847 5
2848 5
2849 -1
2850 3
2851 6
2852 1
2853 1
2854 6
2855 6
2856 3
2857 3
2858 5
2859 -1
2860 5
2861 5
2862 5
2863 5
2864 1
2865 -1
2866 5
2867 3
2868 5
2869 3
2870 5
2871 -1
2872 6
2873 5
2874 2
2875 6
2876 3
2877 1
2878 5
2879 -1
2880 6
2881 5
2882 5
2883 5
2884 6
2885 6
2886 1
2887 5
2888 3
2889 6
2890 4
2891 5
2892 6
2893 -1
2894 6
2895 3
2896 -1
2897 1
2898 0
2899 -1
2900 3
2901 6
2902 -1
2903 5
2904 -1
2905 -1
2906 0
2907 3
2908 6
2909 6
2910 5
2911 3
2912 3
2913 6
2914 6
2915 1
2916 5
2917 5
2918 -1
2919 6
2920 -1
2921 1
2922 6
2923 -1
2924 -1
2925 6
2926 -1
2927 6
2928 5
2929 2
2930 -1
2931 6
2932 5
2933 5
2934 1
2935 6
2936 2
2937 3
2938 6
2939 -1
2940 6
2941 6
2942 -1
2943 1
2944 6
2945 1
2946 5
2947 5
2948 3
2949 1
2950 -1
2951 5
2952 -1
2953 3
2954 6
2955 2
2956 5
2957 3
2958 2
2959 1
2960 6
2961 6
2962 6
2963 6
2964 0
2965 1
2966 3
2967 1
2968 1
2969 3
2970 5
2971 5
2972 6
2973 -1
2974 -1
2975 5
2976 -1
2977 3
2978 6
2979 1
2980 1
2981 3
2982 0
2983 -1
2984 3
2985 1
2986 -1
2987 5
2988 6
2989 1
2990 6
2991 2
2992 6
2993 5
2994 5
2995 6
2996 -1
2997 1
2998 5
2999 6
3000 -1
3001 6
3002 0
3003 6
3004 3
3005 -1
3006 6
3007 2
3008 6
3009 -1
3010 6
3011 1
3012 -1
3013 5
3014 0
3015 5
3016 2
3017 5
3018 6
3019 5
3020 1
3021 3
3022 1
3023 5
3024 5
3025 -1
3026 6
3027 1
3028 -1
3029 5
3030 6
3031 6
3032 1
3033 3
3034 3
3035 6
3036 1
3037 5
3038 6
3039 6
3040 5
3041 6
3042 -1
3043 3
3044 0
3045 5
3046 1
3047 1
3048 3
3049 0
3050 -1
3051 -1
3052 6
3053 6
3054 -1
3055 3
3056 3
3057 -1
3058 6
3059 -1
3060 -1
3061 3
3062 -1
3063 3
3064 -1
3065 3
3066 -1
3067 -1
3068 5
3069 1
3070 3
3071 3
3072 6
3073 -1
3074 5
3075 6
3076 6
3077 -1
3078 3
3079 6
3080 -1
3081 6
3082 -1
3083 6
3084 5
3085 3
3086 2
3087 -1
3088 -1
3089 1
3090 -1
3091 0
3092 -1
3093 -1
3094 6
3095 -1
3096 3
3097 2
3098 6
3099 6
3100 -1
3101 6
3102 -1
3103 5
3104 1
3105 1
3106 6
3107 -1
3108 6
3109 -1
3110 6
3111 5
3112 3
3113 0
3114 1
3115 6
3116 6
3117 1
3118 6
3119 2
3120 2
3121 6
3122 1
3123 3
3124 -1
3125 -1
3126 1
3127 3
3128 6
3129 -1
3130 3
3131 6
3132 5
3133 -1
3134 2
3135 -1
3136 6
3137 5
3138 2
3139 6
3140 5
3141 6
3142 6
3143 6
3144 -1
3145 0
3146 -1
3147 5
3148 2
3149 3
3150 5
3151 -1
3152 5
3153 -1
3154 1
3155 1
3156 5
3157 3
3158 6
3159 6
3160 1
3161 5
3162 1
3163 5
3164 5
3165 5
3166 6
3167 5
3168 3
3169 -1
3170 6
3171 -1
3172 1
3173 6
3174 3
3175 5
3176 4
3177 4
3178 5
3179 5
3180 -1
3181 6
3182 3
3183 -1
3184 -1
3185 6
3186 -1
3187 -1
3188 1
3189 -1
3190 -1
3191 6
3192 5
3193 -1
3194 -1
3195 6
3196 6
3197 5
3198 6
3199 0
3200 1
3201 6
3202 -1
3203 5
3204 4
3205 3
3206 1
3207 6
3208 -1
3209 -1
3210 6
3211 6
3212 1
3213 6
3214 -1
3215 5
3216 1
3217 1
3218 6
3219 1
3220 -1
3221 3
3222 6
3223 5
3224 -1
3225 5
3226 2
3227 3
3228 6
3229 5
3230 6
3231 4
3232 0
3233 6
3234 6
3235 -1
3236 -1
3237 5
3238 5
3239 -1
3240 2
3241 3
3242 2
3243 3
3244 -1
3245 2
3246 6
3247 5
3248 1
3249 6
3250 6
3251 6
3252 5
3253 6
3254 5
3255 -1
3256 5
3257 0
3258 4
3259 3
3260 -1
3261 1
3262 6
3263 -1
3264 -1
3265 6
3266 6
3267 -1
3268 2
3269 -1
3270 6
3271 6
3272 3
3273 3
3274 2
3275 1
3276 6
3277 5
3278 1
3279 0
3280 6
3281 6
3282 6
3283 6
3284 5
3285 -1
3286 0
3287 -1
3288 2
3289 1
3290 3
3291 5
3292 6
3293 5
3294 -1
3295 3
3296 -1
3297 6
3298 3
3299 5
3300 6
3301 1
3302 1
3303 1
3304 6
3305 -1
3306 0
3307 1
3308 3
3309 6
3310 6
3311 6
3312 6
3313 3
3314 0
3315 1
3316 1
3317 -1
3318 6
3319 5
3320 5
3321 4
3322 6
3323 6
3324 5
3325 6
3326 3
3327 6
3328 6
3329 5
3330 0
3331 6
3332 6
3333 0
3334 -1
3335 6
3336 5
3337 1
3338 1
3339 1
3340 5
3341 6
3342 5
3343 -1
3344 3
3345 1
3346 5
3347 5
3348 3
3349 5
3350 6
3351 3
3352 -1
3353 5
3354 -1
3355 5
3356 -1
3357 6
3358 -1
3359 3
3360 -1
3361 6
3362 6
3363 6
3364 5
3365 0
3366 1
3367 -1
3368 2
3369 1
3370 -1
3371 1
3372 -1
3373 1
3374 6
3375 -1
3376 3
3377 6
3378 1
3379 5
3380 -1
3381 6
3382 5
3383 2
3384 1
3385 5
3386 3
3387 5
3388 6
3389 2
3390 -1
3391 5
3392 -1
3393 6
3394 6
3395 4
3396 2
3397 6
3398 5
3399 3
3400 3
3401 3
3402 6
3403 6
3404 5
3405 1
3406 3
3407 -1
3408 6
3409 6
3410 6
3411 6
3412 5
3413 6
3414 -1
3415 3
3416 3
3417 6
3418 3
3419 -1
3420 6
3421 5
3422 -1
3423 -1
3424 1
3425 -1
3426 6
3427 6
3428 0
3429 2
3430 2
3431 6
3432 4
3433 5
3434 3
3435 2
3436 -1
3437 6
3438 6
3439 -1
3440 5
3441 6
3442 6
3443 0
3444 3
3445 5
3446 -1
3447 6
3448 1
3449 6
3450 6
3451 3
3452 5
3453 6
3454 -1
3455 6
3456 6
3457 1
3458 0
3459 6
3460 5
3461 5
3462 -1
3463 5
3464 6
3465 1
3466 -1
3467 3
3468 1
3469 0
3470 3
3471 5
3472 3
3473 4
3474 3
3475 0
3476 5
3477 3
3478 1
3479 6
3480 6
3481 -1
3482 5
3483 6
3484 5
3485 6
3486 -1
3487 2
3488 1
3489 6
3490 -1
3491 4
3492 6
3493 -1
3494 0
3495 -1
3496 -1
3497 -1
3498 5
3499 6
3500 0
3501 6
3502 5
3503 1
3504 5
3505 -1
3506 6
3507 5
3508 6
3509 -1
3510 6
3511 1
3512 6
3513 6
3514 5
3515 0
3516 5
3517 3
3518 5
3519 1
3520 1
3521 6
3522 2
3523 3
3524 3
3525 -1
3526 3
3527 1
3528 6
3529 6
3530 6
3531 5
3532 5
3533 -1
3534 1
3535 6
3536 3
3537 6
3538 -1
3539 6
3540 -1
3541 6
3542 6
3543 0
3544 -1
3545 6
3546 -1
3547 3
3548 0
3549 0
3550 -1
3551 -1
3552 5
3553 5
3554 5
3555 -1
3556 6
3557 -1
3558 3
3559 5
3560 3
3561 6
3562 6
3563 5
3564 4
3565 6
3566 1
3567 -1
3568 6
3569 -1
3570 5
3571 5
3572 3
3573 -1
3574 5
3575 -1
3576 3
3577 -1
3578 0
3579 1
3580 6
3581 3
3582 1
3583 -1
3584 3
3585 -1
3586 1
3587 4
3588 5
3589 3
3590 5
3591 5
3592 6
3593 5
3594 3
3595 5
3596 6
3597 1
3598 3
3599 0
3600 0
3601 6
3602 1
3603 5
3604 5
3605 6
3606 3
3607 6
3608 5
3609 1
3610 0
3611 1
3612 3
3613 -1
3614 6
3615 -1
3616 5
3617 6
3618 6
3619 6
3620 5
3621 5
3622 -1
3623 5
3624 1
3625 6
3626 5
3627 5
3628 3
3629 6
3630 2
3631 6
3632 6
3633 3
3634 3
3635 6
3636 5
3637 -1
3638 3
3639 1
3640 0
3641 6
3642 0
3643 2
3644 1
3645 -1
3646 5
3647 6
3648 -1
3649 2
3650 3
3651 3
3652 5
3653 -1
3654 6
3655 3
3656 5
3657 6
3658 3
3659 5
3660 0
3661 5
3662 2
3663 6
3664 -1
3665 -1
3666 2
3667 6
3668 -1
3669 3
3670 5
3671 5
3672 6
3673 -1
3674 -1
3675 3
3676 6
3677 6
3678 5
3679 6
3680 -1
3681 1
3682 6
3683 6
3684 2
3685 5
3686 6
3687 -1
3688 3
3689 5
3690 6
3691 1
3692 2
3693 6
3694 3
3695 6
3696 1
3697 0
3698 1
3699 1
3700 6
3701 5
3702 5
3703 5
3704 5
3705 1
3706 5
3707 0
3708 5
3709 6
3710 6
3711 6
3712 -1
3713 -1
3714 6
3715 -1
3716 -1
3717 6
3718 3
3719 5
3720 6
3721 2
3722 6
3723 5
3724 2
3725 5
3726 5
3727 -1
3728 6
3729 3
3730 2
3731 5
3732 5
3733 5
3734 3
3735 5
3736 6
3737 -1
3738 -1
3739 6
3740 -1
3741 1
3742 0
3743 -1
3744 -1
3745 5
3746 5
3747 3
3748 5
3749 5
3750 1
3751 3
3752 5
3753 3
3754 3
3755 -1
3756 6
3757 -1
3758 6
3759 1
3760 5
3761 5
3762 5
3763 6
3764 6
3765 5
3766 -1
3767 -1
3768 2
3769 -1
3770 1
3771 5
3772 -1
3773 6
3774 3
3775 1
3776 4
3777 -1
3778 0
3779 1
3780 5
3781 5
3782 3
3783 1
3784 5
3785 -1
3786 6
3787 0
3788 5
3789 5
3790 6
3791 1
3792 5
3793 0
3794 3
3795 3
3796 6
3797 5
3798 6
3799 1
3800 5
3801 6
3802 3
3803 6
3804 -1
3805 6
3806 3
3807 3
3808 0
3809 6
3810 3
3811 5
3812 -1
3813 6
3814 6
3815 6
3816 6
3817 6
3818 -1
3819 -1
3820 3
3821 6
3822 6
3823 1
3824 1
3825 1
3826 6
3827 6
3828 3
3829 2
3830 6
3831 5
3832 3
3833 0
3834 5
3835 6
3836 6
3837 -1
3838 5
3839 1
3840 1
3841 6
3842 6
3843 3
3844 -1
3845 5
3846 6
3847 0
3848 3
3849 5
3850 0
3851 6
3852 6
3853 -1
3854 6
3855 3
3856 6
3857 5
3858 2
3859 5
3860 1
3861 5
3862 6
3863 6
3864 2
3865 6
3866 4
3867 3
3868 5
3869 1
3870 3
3871 6
3872 6
3873 5
3874 1
3875 3
3876 3
3877 5
3878 3
3879 6
3880 1
3881 -1
3882 2
3883 6
3884 5
3885 6
3886 6
3887 6
3888 -1
3889 1
3890 6
3891 5
3892 -1
3893 -1
3894 6
3895 5
3896 5
3897 -1
3898 -1
3899 0
3900 5
3901 6
3902 6
3903 1
3904 -1
3905 3
3906 6
3907 5
3908 5
3909 -1
3910 5
3911 -1
3912 -1
3913 -1
3914 5
3915 5
3916 3
3917 1
3918 -1
3919 6
3920 4
3921 3
3922 1
3923 3
3924 5
3925 5
3926 -1
3927 5
3928 6
3929 6
3930 6
3931 3
3932 6
3933 6
3934 6
3935 -1
3936 -1
3937 -1
3938 3
3939 6
3940 6
3941 6
3942 -1
3943 6
3944 4
3945 -1
3946 0
3947 6
3948 3
3949 6
3950 5
3951 1
3952 6
3953 6
3954 1
3955 -1
3956 1
3957 6
3958 5
3959 -1
3960 1
3961 6
3962 5
3963 3
3964 5
3965 0
3966 3
3967 6
3968 5
3969 6
3970 6
3971 5
3972 5
3973 6
3974 5
3975 -1
3976 3
3977 -1
3978 6
3979 5
3980 0
3981 1
3982 6
3983 5
3984 3
3985 3
3986 0
3987 3
3988 5
3989 3
3990 6
3991 6
3992 5
3993 -1
3994 5
3995 -1
3996 4
3997 -1
3998 6
3999 6
4000 -1
4001 5
4002 -1
4003 3
4004 -1
4005 5
4006 3
4007 3
4008 1
4009 4
4010 4
4011 6
4012 6
4013 6
4014 6
4015 1
4016 5
4017 -1
4018 1
4019 3
4020 -1
4021 2
4022 4
4023 2
4024 -1
4025 6
4026 -1
4027 6
4028 3
4029 2
4030 2
4031 6
4032 1
4033 1
4034 3
4035 6
4036 3
4037 5
4038 6
4039 5
4040 -1
4041 6
4042 -1
4043 6
4044 6
4045 3
4046 5
4047 5
4048 3
4049 5
4050 5
4051 -1
4052 5
4053 -1
4054 6
4055 1
4056 0
4057 3
4058 3
4059 0
4060 5
4061 3
4062 1
4063 5
4064 1
4065 2
4066 1
4067 6
4068 6
4069 -1
4070 -1
4071 1
4072 1
4073 5
4074 3
4075 3
4076 5
4077 5
4078 6
4079 -1
4080 -1
4081 6
4082 6
4083 3
4084 -1
4085 6
4086 1
4087 5
4088 5
4089 5
4090 6
4091 5
4092 3
4093 6
4094 1
4095 6
4096 2
4097 5
4098 2
4099 -1
4100 6
4101 1
4102 1
4103 1
4104 5
4105 0
4106 1
4107 6
4108 3
4109 -1
4110 6
4111 6
4112 6
4113 4
4114 3
4115 2
4116 1
4117 6
4118 -1
4119 5
4120 6
4121 4
4122 4
4123 -1
4124 -1
4125 6
4126 0
4127 1
4128 6
4129 1
4130 1
4131 1
4132 6
4133 3
4134 1
4135 3
4136 5
4137 3
4138 3
4139 6
4140 -1
4141 3
4142 4
4143 5
4144 6
4145 -1
4146 5
4147 1
4148 1
4149 5
4150 6
4151 5
4152 3
4153 -1
4154 2
4155 3
4156 -1
4157 -1
4158 3
4159 5
4160 -1
4161 5
4162 3
4163 -1
4164 5
4165 3
4166 5
4167 0
4168 0
4169 4
4170 0
4171 5
4172 1
4173 1
4174 3
4175 1
4176 6
4177 6
4178 5
4179 6
4180 6
4181 -1
4182 6
4183 4
4184 0
4185 1
4186 -1
4187 5
4188 6
4189 2
4190 3
4191 6
4192 6
4193 1
4194 3
4195 6
4196 5
4197 6
4198 1
4199 -1
4200 6
4201 5
4202 6
4203 -1
4204 -1
4205 5
4206 6
4207 1
4208 6
4209 5
4210 -1
4211 5
4212 3
4213 -1
4214 -1
4215 6
4216 -1
4217 5
4218 5
4219 5
4220 3
4221 3
4222 3
4223 3
4224 6
4225 5
4226 6
4227 5
4228 3
4229 1
4230 -1
4231 6
4232 1
4233 1
4234 6
4235 -1
4236 6
4237 6
4238 2
4239 -1
4240 3
4241 -1
4242 6
4243 4
4244 6
4245 6
4246 6
4247 6
4248 -1
4249 3
4250 2
4251 5
4252 5
4253 5
4254 2
4255 1
4256 -1
4257 3
4258 2
4259 5
4260 5
4261 3
4262 2
4263 6
4264 1
4265 6
4266 6
4267 6
4268 6
4269 -1
4270 5
4271 -1
4272 3
4273 3
4274 0
4275 5
4276 6
4277 6
4278 -1
4279 3
4280 0
4281 6
4282 -1
4283 5
4284 -1
4285 3
4286 6
4287 -1
4288 0
4289 -1
4290 6
4291 6
4292 6
4293 5
4294 3
4295 6
4296 0
4297 5
4298 3
4299 3
4300 3
4301 -1
4302 6
4303 6
4304 6
4305 0
4306 2
4307 6
4308 6
4309 -1
4310 1
4311 -1
4312 4
4313 5
4314 5
4315 6
4316 1
4317 -1
4318 5
4319 6
4320 -1
4321 0
4322 5
4323 1
4324 5
4325 6
4326 5
4327 0
4328 5
4329 2
4330 6
4331 5
4332 3
4333 6
4334 6
4335 -1
4336 6
4337 0
4338 6
4339 6
4340 6
4341 3
4342 3
4343 6
4344 3
4345 -1
4346 6
4347 6
4348 6
4349 5
4350 3
4351 0
4352 0
4353 6
4354 3
4355 5
4356 -1
4357 6
4358 -1
4359 6
4360 2
4361 6
4362 5
4363 6
4364 6
4365 5
4366 1
4367 6
4368 -1
4369 6
4370 5
4371 5
4372 6
4373 6
4374 -1
4375 2
4376 3
4377 6
4378 3
4379 0
4380 5
4381 -1
4382 6
4383 6
4384 3
4385 6
4386 6
4387 5
4388 6
4389 5
4390 5
4391 6
4392 6
4393 -1
4394 5
4395 1
4396 5
4397 0
4398 5
4399 -1
4400 5
4401 5
4402 5
4403 1
4404 5
4405 5
4406 3
4407 -1
4408 6
4409 3
4410 0
4411 3
4412 0
4413 3
4414 -1
4415 5
4416 3
4417 3
4418 -1
4419 1
4420 1
4421 0
4422 -1
4423 6
4424 6
4425 3
4426 5
4427 -1
4428 -1
4429 6
4430 5
4431 0
4432 5
4433 -1
4434 3
4435 5
4436 -1
4437 -1
4438 5
4439 0
4440 5
4441 6
4442 3
4443 6
4444 -1
4445 6
4446 6
4447 0
4448 6
4449 6
4450 2
4451 6
4452 -1
4453 6
4454 -1
4455 5
4456 6
4457 -1
4458 -1
4459 1
4460 2
4461 6
4462 3
4463 -1
4464 0
4465 5
4466 3
4467 -1
4468 3
4469 -1
4470 5
4471 -1
4472 3
4473 1
4474 5
4475 1
4476 6
4477 2
4478 6
4479 -1
4480 5
4481 5
4482 5
4483 3
4484 -1
4485 -1
4486 5
4487 5
4488 5
4489 5
4490 1
4491 3
4492 5
4493 -1
4494 0
4495 5
4496 -1
4497 6
4498 3
4499 6
4500 6
4501 5
4502 6
4503 6
4504 -1
4505 6
4506 -1
4507 6
4508 5
4509 6
4510 5
4511 2
4512 5
4513 1
4514 1
4515 0
4516 6
4517 5
4518 6
4519 1
4520 -1
4521 5
4522 1
4523 6
4524 6
4525 6
4526 5
4527 6
4528 5
4529 1
4530 -1
4531 3
4532 5
4533 6
4534 5
4535 -1
4536 6
4537 4
4538 5
4539 0
4540 3
4541 -1
4542 -1
4543 6
4544 3
4545 6
4546 5
4547 5
4548 6
4549 -1
4550 -1
4551 5
4552 -1
4553 2
4554 6
4555 5
4556 -1
4557 -1
4558 1
4559 5
4560 6
4561 6
4562 6
4563 6
4564 6
4565 5
4566 3
4567 -1
4568 3
4569 5
4570 -1
4571 6
4572 5
4573 3
4574 0
4575 -1
4576 5
4577 5
4578 6
4579 5
4580 6
4581 1
4582 1
4583 5
4584 2
4585 -1
4586 3
4587 6
4588 6
4589 3
4590 6
4591 -1
4592 5
4593 5
4594 6
4595 3
4596 3
4597 6
4598 0
4599 5
4600 3
4601 -1
4602 6
4603 1
4604 6
4605 6
4606 -1
4607 5
4608 6
4609 3
4610 1
4611 3
4612 5
4613 1
4614 3
4615 6
4616 5
4617 -1
4618 6
4619 5
4620 6
4621 5
4622 -1
4623 5
4624 6
4625 5
4626 1
4627 5
4628 5
4629 2
4630 3
4631 5
4632 6
4633 5
4634 1
4635 -1
4636 5
4637 6
4638 5
4639 3
4640 1
4641 -1
4642 5
4643 0
4644 6
4645 3
4646 2
4647 6
4648 1
4649 6
4650 5
4651 2
4652 5
4653 3
4654 6
4655 6
4656 2
4657 1
4658 -1
4659 5
4660 2
4661 -1
4662 5
4663 6
4664 -1
4665 1
4666 1
4667 3
4668 6
4669 6
4670 1
4671 -1
4672 3
4673 -1
4674 6
4675 3
4676 5
4677 6
4678 3
4679 6
4680 6
4681 -1
4682 -1
4683 5
4684 1
4685 0
4686 1
4687 1
4688 3
4689 5
4690 -1
4691 6
4692 6
4693 5
4694 6
4695 -1
4696 5
4697 5
4698 -1
4699 6
4700 1
4701 5
4702 6
4703 3
4704 -1
4705 6
4706 6
4707 6
4708 5
4709 1
4710 -1
4711 3
4712 5
4713 5
4714 2
4715 6
4716 6
4717 -1
4718 5
4719 1
4720 2
4721 6
4722 5
4723 5
4724 5
4725 0
4726 6
4727 6
4728 3
4729 6
4730 6
4731 6
4732 0
4733 2
4734 -1
4735 6
4736 3
4737 3
4738 -1
4739 -1
4740 3
4741 5
4742 6
4743 5
4744 -1
4745 5
4746 5
4747 1
4748 1
4749 5
4750 5
4751 -1
4752 6
4753 -1
4754 6
4755 1
4756 -1
4757 5
4758 3
4759 2
4760 -1
4761 4
4762 2
4763 1
4764 6
4765 5
4766 6
4767 5
4768 5
4769 -1
4770 6
4771 6
4772 6
4773 -1
4774 2
4775 5
4776 -1
4777 -1
4778 3
4779 5
4780 5
4781 6
4782 1
4783 4
4784 5
4785 5
4786 -1
4787 6
4788 -1
4789 1
4790 3
4791 3
4792 6
4793 1
4794 6
4795 -1
4796 3
4797 -1
4798 -1
4799 1
4800 2
4801 1
4802 6
4803 3
4804 5
4805 6
4806 5
4807 1
4808 3
4809 3
4810 5
4811 5
4812 5
4813 1
4814 -1
4815 6
4816 1
4817 0
4818 -1
4819 6
4820 5
4821 4
4822 2
4823 -1
4824 -1
4825 3
4826 5
4827 5
4828 -1
4829 5
4830 6
4831 -1
4832 6
4833 6
4834 5
4835 5
4836 5
4837 4
4838 5
4839 5
4840 3
4841 6
4842 5
4843 4
4844 5
4845 -1
4846 5
4847 5
4848 3
4849 6
4850 5
4851 6
4852 -1
4853 5
4854 6
4855 1
4856 5
4857 3
4858 6
4859 6
4860 0
4861 3
4862 3
4863 5
4864 -1
4865 6
4866 3
4867 3
4868 0
4869 3
4870 6
4871 6
4872 6
4873 1
4874 5
4875 5
4876 2
4877 1
4878 -1
4879 3
4880 6
4881 5
4882 1
4883 6
4884 6
4885 6
4886 -1
4887 0
4888 -1
4889 1
4890 0
4891 0
4892 5
4893 6
4894 6
4895 6
4896 3
4897 6
4898 6
4899 -1
4900 -1
4901 6
4902 -1
4903 3
4904 6
4905 0
4906 -1
4907 2
4908 6
4909 5
4910 -1
4911 5
4912 3
4913 6
4914 5
4915 5
4916 6
4917 6
4918 1
4919 3
4920 -1
4921 1
4922 6
4923 5
4924 0
4925 -1
4926 -1
4927 6
4928 5
4929 2
4930 6
4931 -1
4932 3
4933 -1
4934 5
4935 6
4936 6
4937 5
4938 2
4939 2
4940 6
4941 0
4942 3
4943 1
4944 2
4945 2
4946 -1
4947 1
4948 1
4949 -1
4950 1
4951 2
4952 1
4953 -1
4954 6
4955 5
4956 -1
4957 6
4958 1
4959 4
4960 -1
4961 1
4962 0
4963 3
4964 1
4965 1
4966 3
4967 -1
4968 5
4969 0
4970 6
4971 -1
4972 3
4973 3
4974 -1
4975 5
4976 3
4977 -1
4978 3
4979 5
4980 3
4981 5
4982 1
4983 5
4984 6
4985 -1
4986 -1
4987 4
4988 5
4989 6
4990 6
4991 3
4992 6
4993 -1
4994 6
4995 5
4996 6
4997 3
4998 3
4999 3
5000 -1
5001 1
5002 6
5003 5
5004 1
5005 1
5006 3
5007 3
5008 5
5009 6
5010 5
5011 6
5012 4
5013 -1
5014 0
5015 5
5016 -1
5017 1
5018 5
5019 -1
5020 6
5021 6
5022 0
5023 4
5024 0
5025 6
5026 4
5027 0
5028 2
5029 3
5030 6
5031 1
5032 3
5033 6
5034 -1
5035 6
5036 3
5037 5
5038 6
5039 2
5040 6
5041 5
5042 6
5043 0
5044 -1
5045 5
5046 6
5047 5
5048 5
5049 5
5050 6
5051 6
5052 3
5053 1
5054 3
5055 5
5056 6
5057 1
5058 6
5059 5
5060 3
5061 5
5062 5
5063 3
5064 0
5065 6
5066 -1
5067 1
5068 5
5069 -1
5070 6
5071 -1
5072 3
5073 5
5074 6
5075 3
5076 6
5077 4
5078 0
5079 6
5080 -1
5081 5
5082 -1
5083 6
5084 3
5085 3
5086 3
5087 -1
5088 5
5089 5
5090 5
5091 0
5092 0
5093 6
5094 0
5095 1
5096 5
5097 -1
5098 5
5099 3
5100 3
5101 6
5102 6
5103 -1
5104 5
5105 -1
5106 2
5107 -1
5108 5
5109 0
5110 5
5111 6
5112 1
5113 3
5114 3
5115 2
5116 6
5117 -1
5118 1
5119 2
5120 5
5121 3
5122 5
5123 5
5124 3
5125 5
5126 5
5127 5
5128 3
5129 5
5130 6
5131 -1
5132 -1
5133 2
5134 6
5135 -1
5136 6
5137 5
5138 5
5139 5
5140 5
5141 4
5142 5
5143 2
5144 6
5145 5
5146 -1
5147 5
5148 6
5149 0
5150 3
5151 -1
5152 2
5153 5
5154 -1
5155 3
5156 1
5157 3
5158 2
5159 6
5160 3
5161 5
5162 6
5163 5
5164 1
5165 -1
5166 6
5167 5
5168 0
5169 5
5170 6
5171 5
5172 -1
5173 5
5174 6
5175 6
5176 -1
5177 -1
5178 6
5179 1
5180 -1
5181 1
5182 2
5183 2
5184 5
5185 3
5186 -1
5187 5
5188 1
5189 6
5190 6
5191 5
5192 5
5193 5
5194 0
5195 4
5196 1
5197 6
5198 6
5199 5
5200 3
5201 3
5202 -1
5203 5
5204 4
5205 0
5206 6
5207 1
5208 5
5209 5
5210 3
5211 2
5212 1
5213 -1
5214 6
5215 -1
5216 6
5217 -1
5218 5
5219 5
5220 4
5221 5
5222 6
5223 1
5224 1
5225 6
5226 -1
5227 5
5228 1
5229 0
5230 -1
5231 1
5232 6
5233 6
5234 6
5235 6
5236 -1
5237 6
5238 -1
5239 5
5240 3
5241 5
5242 5
5243 1
5244 6
5245 0
5246 1
5247 1
5248 5
5249 6
5250 1
5251 6
5252 6
5253 4
5254 2
5255 -1
5256 3
5257 5
5258 6
5259 -1
5260 -1
5261 5
5262 5
5263 3
5264 0
5265 5
5266 6
5267 6
5268 6
5269 6
5270 6
5271 5
5272 1
5273 0
5274 6
5275 6
5276 -1
5277 6
5278 3
5279 -1
5280 3
5281 5
5282 5
5283 1
5284 6
5285 5
5286 6
5287 6
5288 0
5289 2
5290 3
5291 6
5292 5
5293 5
5294 -1
5295 3
5296 5
5297 0
5298 -1
5299 5
5300 6
5301 6
5302 6
5303 6
5304 2
5305 4
5306 3
5307 -1
5308 6
5309 1
5310 6
5311 6
5312 -1
5313 0
5314 3
5315 3
5316 5
5317 -1
5318 1
5319 5
5320 -1
5321 6
5322 3
5323 2
5324 3
5325 -1
5326 5
5327 -1
5328 -1
5329 6
5330 6
5331 6
5332 5
5333 -1
5334 4
5335 6
5336 1
5337 1
5338 5
5339 6
5340 6
5341 -1
5342 3
5343 1
5344 6
5345 6
5346 4
5347 3
5348 6
5349 5
5350 6
5351 3
5352 5
5353 5
5354 -1
5355 6
5356 5
5357 2
5358 1
5359 6
5360 1
5361 1
5362 6
5363 -1
5364 -1
5365 1
5366 2
5367 5
5368 1
5369 2
5370 2
5371 6
5372 3
5373 2
5374 3
5375 1
5376 -1
5377 3
5378 5
5379 3
5380 1
5381 2
5382 3
5383 -1
5384 3
5385 -1
5386 6
5387 5
5388 -1
5389 5
5390 6
5391 5
5392 5
5393 2
5394 5
5395 3
5396 -1
5397 -1
5398 6
5399 3
5400 6
5401 -1
5402 5
5403 5
5404 1
5405 3
5406 1
5407 5
5408 0
5409 6
5410 1
5411 -1
5412 6
5413 6
5414 5
5415 3
5416 5
5417 6
5418 5
5419 6
5420 1
5421 3
5422 -1
5423 -1
5424 3
5425 0
5426 1
5427 -1
5428 6
5429 2
5430 1
5431 1
5432 5
5433 3
5434 6
5435 5
5436 5
5437 -1
5438 5
5439 -1
5440 2
5441 6
5442 3
5443 -1
5444 -1
5445 -1
5446 6
5447 6
5448 -1
5449 2
5450 6
5451 6
5452 6
5453 2
5454 6
5455 2
5456 -1
5457 6
5458 6
5459 5
5460 3
5461 -1
5462 3
5463 6
5464 1
5465 5
5466 5
5467 0
5468 5
5469 3
5470 1
5471 5
5472 6
5473 6
5474 0
5475 1
5476 6
5477 6
5478 3
5479 5
5480 2
5481 6
5482 5
5483 6
5484 -1
5485 5
5486 6
5487 5
5488 1
5489 6
5490 1
5491 6
5492 -1
5493 0
5494 6
5495 6
5496 6
5497 1
5498 1
5500 6
5501 5
5502 6
5503 6
5504 6
5505 5
5506 2
5507 6
5508 3
5509 3
5510 6
5511 3
5512 1
5513 6
5514 4
5515 -1
5516 -1
5517 6
5518 -1
5519 5
5520 1
5521 -1
5522 2
5523 0
5524 3
5525 3
5526 -1
5527 -1
5528 6
5529 6
5530 0
5531 6
5532 6
5533 5
5534 5
5535 6
5536 3
5537 -1
5538 -1
5539 6
5540 3
5541 5
5542 1
5543 6
5544 -1
5545 -1
5546 5
5547 6
5548 0
5549 5
5550 6
5551 5
5552 6
5553 5
5554 1
5555 2
5556 6
5557 5
5558 6
5559 6
5560 6
5561 1
5562 3
5563 3
5564 6
5565 1
5566 3
5567 2
5568 3
5569 -1
5570 3
5571 -1
5572 2
5573 4
5574 -1
5575 4
5576 6
5577 2
5578 6
5579 6
5580 1
5581 4
5582 -1
5583 3
5584 6
5585 3
5586 5
5587 3
5588 5
5589 5
5590 2
5591 1
5592 6
5593 5
5594 -1
5595 1
5596 6
5597 5
5598 6
5599 6
5600 1
5601 5
5602 6
5603 6
5604 6
5605 -1
5606 6
5607 3
5608 0
5609 3
5610 -1
5611 5
5612 1
5613 0
5614 6
5615 6
5616 2
5617 6
5618 2
5619 1
5620 6
5621 6
5622 5
5623 1
5624 3
5625 1
5626 1
5627 -1
5628 6
5629 -1
5630 5
5631 6
5632 3
5633 -1
5634 6
5635 3
5636 6
5637 -1
5638 3
5639 5
5640 1
5641 -1
5642 5
5643 6
5644 -1
5645 1
5646 6
5647 0
5648 6
5649 5
5650 6
5651 6
5652 5
5653 5
5654 1
5655 6
5656 3
5657 5
5658 0
5659 3
5660 1
5661 5
5662 5
5663 -1
5664 -1
5665 6
5666 6
5667 -1
5668 3
5669 6
5670 2
5671 3
5672 0
5673 3
5674 5
5675 1
5676 1
5677 3
5678 3
5679 6
5680 0
5681 1
5682 -1
5683 3
5684 1
5685 0
5686 5
5687 5
5688 5
5689 1
5690 6
5691 5
5692 5
5693 5
5694 6
5695 1
5696 6
5697 2
5698 3
5699 5
5700 6
5701 5
5702 6
5703 -1
5704 4
5705 2
5706 5
5707 -1
5708 5
5709 5
5710 -1
5711 -1
5712 5
5713 6
5714 6
5715 6
5716 3
5717 6
5718 6
5719 5
5720 5
5721 1
5722 5
5723 0
5724 6
5725 1
5726 1
5727 6
5728 -1
5729 1
5730 5
5731 3
5732 -1
5733 0
5734 3
5735 3
5736 6
5737 -1
5738 1
5739 6
5740 6
5741 6
5742 5
5743 3
5744 6
5745 -1
5746 6
5747 -1
5748 6
5749 5
5750 -1
5751 5
5752 0
5753 3
5754 0
5755 6
5756 3
5757 5
5758 5
5759 -1
5760 4
5761 1
5762 2
5763 6
5764 5
5765 6
5766 4
5767 5
5768 1
5769 -1
5770 1
5771 -1
5772 -1
5773 3
5774 2
5775 6
5776 5
5777 5
5778 6
5779 2
5780 0
5781 2
5782 -1
5783 1
5784 -1
5785 -1
5786 3
5787 0
5788 -1
5789 6
5790 2
5791 6
5792 -1
5793 5
5794 6
5795 2
5796 6
5797 5
5798 5
5799 2
5800 -1
5801 -1
5802 1
5803 6
5804 4
5805 5
5806 -1
5807 6
5808 1
5809 6
5810 5
5811 3
5812 5
5813 1
5814 4
5815 0
5816 6
5817 -1
5818 1
5819 -1
5820 3
5821 5
5822 6
5823 -1
5824 -1
5825 6
5826 -1
5827 5
5828 3
5829 3
5830 5
5831 1
5832 -1
5833 -1
5834 6
5835 6
5836 -1
5837 5
5838 -1
5839 5
5840 0
5841 1
5842 3
5843 5
5844 1
5845 2
5846 5
5847 6
5848 3
5849 3
5850 -1
5851 5
5852 6
5853 2
5854 3
5855 6
5856 6
5857 6
5858 6
5859 6
5860 5
5861 6
5862 6
5863 5
5864 3
5865 5
5866 6
5867 -1
5868 5
5869 5
5870 1
5871 2
5872 0
5873 5
5874 6
5875 5
5876 -1
5877 -1
5878 5
5879 5
5880 6
5881 6
5882 -1
5883 4
5884 -1
5885 -1
5886 5
5887 5
5888 -1
5889 5
5890 5
5891 6
5892 6
5893 1
5894 5
5895 5
5896 5
5897 5
5898 5
5899 6
5900 -1
5901 1
5902 5
5903 6
5904 5
5905 -1
5906 6
5907 5
5908 1
5909 3
5910 5
5911 2
5912 1
5913 5
5914 -1
5915 3
5916 3
5917 6
5918 5
5919 3
5920 6
5921 6
5922 3
5923 5
5924 3
5925 5
5926 3
5927 1
5928 3
5929 -1
5930 5
5931 -1
5932 6
5933 2
5934 3
5935 3
5936 1
5937 0
5938 -1
5939 5
5940 2
5941 5
5942 6
5943 3
5944 6
5945 6
5946 -1
5947 0
5948 6
5949 -1
5950 6
5951 6
5952 -1
5953 4
5954 0
5955 6
5956 0
5957 5
5958 -1
5959 6
5960 6
5961 6
5962 6
5963 5
5964 6
5965 3
5966 3
5967 -1
5968 5
5969 -1
5970 5
5971 0
5972 5
5973 5
5974 5
5975 0
5976 0
5977 -1
5978 0
5979 6
5980 -1
5981 1
5982 5
5983 -1
5984 -1
5985 5
5986 2
5987 1
5988 5
5989 1
5990 6
5991 1
5992 6
5993 6
5994 6
5995 2
5996 5
5997 2
5998 6
5999 6
6000 -1
6001 1
6002 1
6003 1
6004 3
6005 5
6006 1
6007 3
6008 6
6009 3
6010 -1
6011 6
6012 5
6013 1
6014 1
6015 3
6016 3
6017 6
6018 1
6019 5
6020 3
6021 -1
6022 -1
6023 5
6024 5
6025 5
6026 6
6027 5
6028 6
6029 -1
6030 6
6031 6
6032 5
6033 1
6034 3
6035 1
6036 2
6037 6
6038 1
6039 6
6040 6
6041 1
6042 5
6043 3
6044 1
6045 6
6046 5
6047 3
6048 -1
6049 4
6050 -1
6051 3
6052 5
6053 6
6054 1
6055 4
6056 3
6057 5
6058 -1
6059 2
6060 -1
6061 -1
6062 6
6063 6
6064 6
6065 3
6066 4
6067 5
6068 5
6069 3
6070 5
6071 3
6072 6
6073 2
6074 4
6075 5
6076 4
6077 3
6078 -1
6079 5
6080 1
6081 1
6082 5
6083 5
6084 2
6085 5
6086 6
6087 -1
6088 4
6089 1
6090 6
6091 0
6092 -1
6093 6
6094 6
6095 -1
6096 6
6097 6
6098 1
6099 5
6100 -1
6101 1
6102 6
6103 6
6104 6
6105 3
6106 3
6107 -1
6108 -1
6109 3
6110 4
6111 3
6112 5
6113 5
6114 6
6115 1
6116 6
6117 1
6118 6
6119 3
6120 2
6121 2
6122 0
6123 6
6124 2
6125 6
6126 6
6127 6
6128 6
6129 6
6130 6
6131 1
6132 -1
6133 3
6134 6
6135 -1
6136 -1
6137 4
6138 6
6139 6
6140 6
6141 6
6142 6
6143 6
6144 0
6145 6
6146 3
6147 6
6148 5
6149 0
6150 -1
6151 5
6152 -1
6153 2
6154 -1
6155 -1
6156 1
6157 0
6158 -1
6159 1
6160 3
6161 -1
6162 -1
6163 3
6164 5
6165 6
6166 6
6167 6
6168 0
6169 6
6170 0
6171 2
6172 -1
6173 -1
6174 6
6175 0
6176 -1
6177 4
6178 2
6179 1
6180 6
6181 6
6182 6
6183 5
6184 2
6185 6
6186 5
6187 5
6188 6
6189 -1
6190 6
6191 5
6192 1
6193 1
6194 5
6195 3
6196 6
6197 3
6198 3
6199 -1
6200 6
6201 0
6202 0
6203 5
6204 6
6205 3
6206 3
6207 6
6208 1
6209 -1
6210 6
6211 6
6212 -1
6213 3
6214 6
6215 1
6216 -1
6217 6
6218 6
6219 -1
6220 6
6221 0
6222 6
6223 0
6224 5
6225 3
6226 6
6227 -1
6228 -1
6229 6
6230 3
6231 6
6232 6
6233 6
6234 5
6235 5
6236 5
6237 3
6238 6
6239 6
6240 5
6241 5
6242 5
6243 5
6244 3
6245 5
6246 3
6247 -1
6248 3
6249 -1
6250 6
6251 1
6252 5
6253 5
6254 5
6255 6
6256 6
6257 3
6258 3
6259 6
6260 -1
6261 6
6262 5
6263 6
6264 -1
6265 5
6266 3
6267 6
6268 -1
6269 -1
6270 5
6271 -1
6272 5
6273 6
6274 6
6275 3
6276 -1
6277 4
6278 5
6279 5
6280 3
6281 1
6282 5
6283 2
6284 5
6285 5
6286 5
6287 6
6288 5
6289 6
6290 3
6291 3
6292 5
6293 3
6294 0
6295 5
6296 1
6297 0
6298 4
6299 3
6300 -1
6301 6
6302 3
6303 3
6304 6
6305 -1
6306 1
6307 -1
6308 6
6309 1
6310 4
6311 4
6312 -1
6313 -1
6314 5
6315 5
6316 2
6317 3
6318 6
6319 3
6320 1
6321 5
6322 2
6323 3
6324 5
6325 6
6326 6
6327 3
6328 1
6329 0
6330 1
6331 -1
6332 -1
6333 6
6334 5
6335 3
6336 5
6337 6
6338 5
6339 6
6340 6
6341 0
6342 6
6343 3
6344 1
6345 -1
6346 6
6347 1
6348 1
6349 -1
6350 -1
6351 5
6352 5
6353 2
6354 -1
6355 0
6356 2
6357 3
6358 1
6359 -1
6360 0
6361 5
6362 0
6363 -1
6364 6
6365 6
6366 1
6367 3
6368 6
6369 -1
6370 6
6371 2
6372 3
6373 2
6374 4
6375 6
6376 3
6377 5
6378 5
6379 6
6380 3
6381 3
6382 0
6383 2
6384 6
6385 -1
6386 5
6387 2
6388 2
6389 5
6390 2
6391 5
6392 6
6393 3
6394 3
6395 -1
6396 5
6397 6
6398 6
6399 4
6400 6
6401 6
6402 -1
6403 6
6404 2
6405 -1
6406 -1
6407 6
6408 5
6409 -1
6410 -1
6411 6
6412 6
6413 6
6414 -1
6415 6
6416 5
6417 4
6418 1
6419 6
6420 2
6421 5
6422 6
6423 5
6424 -1
6425 -1
6426 4
6427 0
6428 -1
6429 5
6430 3
6431 6
6432 3
6433 0
6434 6
6435 -1
6436 5
6437 1
6438 6
6439 5
6440 6
6441 -1
6442 5
6443 1
6444 5
6445 1
6446 3
6447 6
6448 5
6449 6
6450 3
6451 6
6452 6
6453 5
6454 3
6455 5
6456 6
6457 3
6458 2
6459 5
6460 3
6461 5
6462 -1
6463 3
6464 3
6465 5
6466 6
6467 3
6468 3
6469 -1
6470 6
6471 4
6472 -1
6473 5
6474 5
6475 6
6476 6
6477 2
6478 6
6479 0
6480 2
6481 6
6482 6
6483 6
6484 1
6485 4
6486 5
6487 1
6488 1
6489 6
6490 5
6491 6
6492 0
6493 5
6494 6
6495 6
6496 1
6497 6
6498 6
6499 5
6500 3
6501 5
6502 6
6503 6
6504 5
6505 5
6506 5
6507 4
6508 1
6509 3
6510 3
6511 5
6512 6
6513 6
6514 5
6515 -1
6516 6
6517 -1
6518 -1
6519 3
6520 0
6521 1
6522 5
6523 -1
6524 5
6525 0
6526 6
6527 5
6528 6
6529 3
6530 6
6531 1
6532 6
6533 1
6534 5
6535 5
6536 3
6537 6
6538 2
6539 5
6540 -1
6541 5
6542 1
6543 -1
6544 6
6545 6
6546 -1
6547 1
6548 3
6549 3
6550 5
6551 6
6552 0
6553 6
6554 1
6555 1
6556 5
6557 5
6558 6
6559 -1
6560 3
6561 -1
6562 -1
6563 1
6564 3
6565 6
6566 3
6567 1
6568 6
6569 2
6570 1
6571 0
6572 4
6573 3
6574 3
6575 6
6576 3
6577 3
6578 3
6579 2
6580 6
6581 0
6582 6
6583 1
6584 6
6585 1
6586 5
6587 5
6588 0
6589 6
6590 -1
6591 1
6592 -1
6593 5
6594 2
6595 6
6596 6
6597 6
6598 5
6599 4
6600 3
6601 0
6602 3
6603 -1
6604 1
6605 5
6606 6
6607 6
6608 -1
6609 1
6610 -1
6611 3
6612 5
6613 3
6614 -1
6615 1
6616 3
6617 6
6618 3
6619 1
6620 3
6621 3
6622 5
6623 1
6624 3
6625 5
6626 3
6627 1
6628 3
6629 6
6630 -1
6631 3
6632 -1
6633 0
6634 6
6635 5
6636 -1
6637 1
6638 0
6639 4
6640 2
6641 1
6642 6
6643 3
6644 5
6645 -1
6646 2
6647 1
6648 5
6649 4
6650 5
6651 3
6652 6
6653 6
6654 6
6655 6
6656 1
6657 6
6658 6
6659 5
6660 3
6661 4
6662 -1
6663 0
6664 6
6665 2
6666 0
6667 6
6668 6
6669 6
6670 -1
6671 1
6672 5
6673 1
6674 1
6675 6
6676 5
6677 6
6678 0
6679 -1
6680 6
6681 5
6682 2
6683 5
6684 3
6685 2
6686 5
6687 6
6688 3
6689 5
6690 -1
6691 1
6692 6
6693 5
6694 1
6695 3
6696 1
6697 5
6698 5
6699 0
6700 5
6701 6
6702 0
6703 -1
6704 5
6705 -1
6706 5
6707 3
6708 -1
6709 1
6710 -1
6711 6
6712 6
6713 -1
6714 5
6715 6
6716 6
6717 0
6718 2
6719 6
6720 6
6721 6
6722 5
6723 6
6724 5
6725 5
6726 6
6727 2
6728 6
6729 6
6730 4
6731 6
6732 -1
6733 6
6734 6
6735 6
6736 5
6737 5
6738 1
6739 1
6740 -1
6741 -1
6742 -1
6743 3
6744 6
6745 5
6746 1
6747 3
6748 1
6749 5
6750 3
6751 3
6752 1
6753 6
6754 6
6755 1
6756 6
6757 1
6758 4
6759 3
6760 1
6761 1
6762 1
6763 -1
6764 5
6765 6
6766 2
6767 5
6768 -1
6769 3
6770 6
6771 5
6772 2
6773 6
6774 5
6775 3
6776 3
6777 5
6778 2
6779 5
6780 1
6781 6
6782 6
6783 6
6784 5
6785 3
6786 -1
6787 3
6788 5
6789 5
6790 -1
6791 3
6792 6
6793 6
6794 6
6795 2
6796 3
6797 -1
6798 0
6799 3
6800 6
6801 3
6802 6
6803 6
6804 5
6805 6
6806 6
6807 1
6808 6
6809 2
6810 5
6811 1
6812 6
6813 5
6814 6
6815 5
6816 -1
6817 1
6818 5
6819 -1
6820 5
6821 1
6822 5
6823 5
6824 -1
6825 5
6826 6
6827 -1
6828 6
6829 1
6830 6
6831 5
6832 5
6833 6
6834 5
6835 2
6836 5
6837 -1
6838 -1
6839 0
6840 2
6841 6
6842 6
6843 6
6844 -1
6845 -1
6846 6
6847 6
6848 6
6849 0
6850 3
6851 0
6852 6
6853 6
6854 6
6855 3
6856 6
6857 5
6858 1
6859 1
6860 3
6861 3
6862 -1
6863 5
6864 3
6865 3
6866 6
6867 3
6868 -1
6869 6
6870 -1
6871 -1
6872 -1
6873 -1
6874 -1
6875 1
6876 5
6877 6
6878 1
6879 6
6880 2
6881 3
6882 6
6883 1
6884 3
6885 3
6886 5
6887 3
6888 6
6889 3
6890 6
6891 -1
6892 5
6893 3
6894 3
6895 1
6896 5
6897 5
6898 0
6899 1
6900 -1
6901 2
6902 5
6903 6
6904 6
6905 0
6906 1
6907 2
6908 5
6909 5
6910 3
6911 6
6912 3
6913 2
6914 3
6915 1
6916 -1
6917 6
6918 5
6919 3
6920 5
6921 3
6922 6
6923 -1
6924 0
6925 5
6926 1
6927 -1
6928 0
6929 2
6930 -1
6931 1
6932 -1
6933 1
6934 3
6935 6
6936 3
6937 6
6938 6
6939 3
6940 1
6941 -1
6942 6
6943 5
6944 3
6945 6
6946 5
6947 -1
6948 2
6949 5
6950 5
6951 5
6952 6
6953 0
6954 5
6955 5
6956 5
6957 3
6958 3
6959 -1
6960 5
6961 6
6962 2
6963 5
6964 5
6965 3
6966 5
6967 -1
6968 1
6969 3
6970 1
6971 5
6972 1
6973 6
6974 1
6975 6
6976 6
6977 6
6978 6
6979 5
6980 1
6981 6
6982 5
6983 3
6984 2
6985 3
6986 3
6987 3
6988 1
6989 5
6990 -1
6991 -1
6992 1
6993 2
6994 3
6995 6
6996 6
6997 1
6998 5
6999 5
7000 6
7001 5
7002 -1
7003 2
7004 5
7005 3
7006 -1
7007 3
7008 -1
7009 0
7010 4
7011 5
7012 5
7013 6
7014 6
7015 6
7016 -1
7017 3
7018 5
7019 6
7020 2
7021 3
7022 1
7023 3
7024 6
7025 0
7026 4
7027 6
7028 6
7029 3
7030 6
7031 3
7032 6
7033 6
7034 6
7035 3
7036 1
7037 2
7038 -1
7039 1
7040 5
7041 5
7042 3
7043 5
7044 -1
7045 -1
7046 3
7047 6
7048 6
7049 1
7050 6
7051 6
7052 -1
7053 5
7054 0
7055 6
7056 6
7057 0
7058 -1
7059 -1
7060 6
7061 2
7062 6
7063 6
7064 5
7065 3
7066 6
7067 3
7068 5
7069 6
7070 6
7071 6
7072 3
7073 5
7074 5
7075 3
7076 3
7077 0
7078 5
7079 5
7080 3
7081 0
7082 6
7083 6
7084 1
7085 -1
7086 -1
7087 1
7088 5
7089 5
7090 2
7091 6
7092 -1
7093 1
7094 -1
7095 -1
7096 6
7097 6
7098 -1
7099 4
7100 4
7101 2
7102 3
7103 3
7104 5
7105 6
7106 6
7107 2
7108 6
7109 6
7110 0
7111 6
7112 3
7113 6
7114 6
7115 5
7116 1
7117 5
7118 1
7119 0
7120 6
7121 -1
7122 5
7123 -1
7124 3
7125 1
7126 6
7127 -1
7128 6
7129 1
7130 -1
7131 3
7132 2
7133 3
7134 5
7135 3
7136 6
7137 5
7138 5
7139 5
7140 1
7141 6
7142 3
7143 1
7144 4
7145 3
7146 6
7147 6
7148 2
7149 6
7150 3
7151 3
7152 3
7153 3
7154 5
7155 1
7156 6
7157 6
7158 5
7159 6
7160 6
7161 -1
7162 6
7163 6
7164 -1
7165 6
7166 3
7167 2
7168 -1
7169 6
7170 6
7171 1
7172 6
7173 3
7174 4
7175 6
7176 6
7177 -1
7178 6
7179 6
7180 -1
7181 6
7182 6
7183 5
7184 6
7185 5
7186 4
7187 2
7188 3
7189 5
7190 5
7191 3
7192 6
7193 1
7194 1
7195 3
7196 5
7197 0
7198 1
7199 3
7200 6
7201 3
7202 -1
7203 6
7204 3
7205 5
7206 3
7207 6
7208 3
7209 1
7210 1
7211 0
7212 1
7213 3
7214 -1
7215 5
7216 3
7217 6
7218 5
7219 1
7220 0
7221 6
7222 6
7223 3
7224 5
7225 5
7226 1
7227 5
7228 0
7229 6
7230 3
7231 6
7232 1
7233 6
7234 1
7235 5
7236 2
7237 6
7238 -1
7239 -1
7240 -1
7241 5
7242 3
7243 6
7244 1
7245 -1
7246 -1
7247 5
7248 6
7249 6
7250 6
7251 6
7252 5
7253 -1
7254 -1
7255 5
7256 3
7257 4
7258 -1
7259 2
7260 0
7261 -1
7262 6
7263 6
7264 3
7265 -1
7266 2
7267 5
7268 1
7269 6
7270 5
7271 1
7272 -1
7273 2
7274 6
7275 3
7276 6
7277 5
7278 6
7279 1
7280 6
7281 1
7282 6
7283 6
7284 0
7285 6
7286 5
7287 5
7288 1
7289 5
7290 6
7291 -1
7292 1
7293 3
7294 2
7295 6
7296 1
7297 5
7298 5
7299 -1
7300 5
7301 -1
7302 6
7303 5
7304 6
7305 1
7306 6
7307 6
7308 -1
7309 3
7310 5
7311 5
7312 2
7313 2
7314 -1
7315 0
7316 6
7317 -1
7318 3
7319 1
7320 5
7321 0
7322 6
7323 -1
7324 3
7325 5
7326 1
7327 5
7328 1
7329 3
7330 0
7331 6
7332 3
7333 5
7334 3
7335 5
7336 5
7337 6
7338 1
7339 2
7340 -1
7341 3
7342 2
7343 3
7344 1
7345 -1
7346 5
7347 6
7348 2
7349 5
7350 6
7351 1
7352 6
7353 3
7354 6
7355 -1
7356 1
7357 1
7358 3
7359 6
7360 -1
7361 6
7362 1
7363 3
7364 -1
7365 5
7366 3
7367 6
7368 5
7369 5
7370 4
7371 5
7372 6
7373 5
7374 6
7375 3
7376 6
7377 -1
7378 2
7379 6
7380 4
7381 3
7382 6
7383 5
7384 -1
7385 -1
7386 0
7387 0
7388 6
7389 1
7390 -1
7391 -1
7392 6
7393 -1
7394 3
7395 -1
7396 6
7397 1
7398 1
7399 5
7400 5
7401 5
7402 5
7403 0
7404 6
7405 0
7406 3
7407 1
7408 3
7409 -1
7410 4
7411 0
7412 5
7413 1
7414 6
7415 5
7416 6
7417 0
7418 6
7419 3
7420 -1
7421 6
7422 6
7423 6
7424 -1
7425 1
7426 6
7427 6
7428 5
7429 6
7430 2
7431 6
7432 -1
7433 6
7434 5
7435 5
7436 5
7437 -1
7438 6
7439 6
7440 -1
7441 6
7442 -1
7443 6
7444 -1
7445 6
7446 5
7447 6
7448 6
7449 6
7450 3
7451 -1
7452 6
7453 5
7454 5
7455 6
7456 -1
7457 5
7458 6
7459 -1
7460 6
7461 5
7462 3
7463 -1
7464 3
7465 4
7466 6
7467 4
7468 2
7469 2
7470 -1
7471 6
7472 5
7473 5
7474 6
7475 -1
7476 -1
7477 3
7478 6
7479 6
7480 -1
7481 6
7482 5
7483 6
7484 -1
7485 1
7486 -1
7487 5
7488 3
7489 5
7490 -1
7491 6
7492 5
7493 1
7494 -1
7495 6
7496 -1
7497 -1
7498 -1
7499 6
7500 6
7501 0
7502 1
7503 5
7504 0
7505 4
7506 5
7507 5
7508 5
7509 1
7510 -1
7511 6
7512 5
7513 1
7514 5
7515 5
7516 5
7517 -1
7518 1
7519 -1
7520 3
7521 1
7522 6
7523 1
7524 6
7525 3
7526 5
7527 6
7528 0
7529 6
7530 -1
7531 2
7532 5
7533 3
7534 5
7535 6
7536 1
7537 3
7538 3
7539 0
7540 6
7541 6
7542 3
7543 3
7544 -1
7545 6
7546 5
7547 5
7548 5
7549 5
7550 6
7551 -1
7552 -1
7553 6
7554 6
7555 6
7556 5
7557 5
7558 2
7559 6
7560 6
7561 1
7562 -1
7563 6
7564 6
7565 5
7566 6
7567 2
7568 6
7569 -1
7570 5
7571 6
7572 5
7573 1
7574 0
7575 6
7576 3
7577 3
7578 3
7579 6
7580 6
7581 1
7582 1
7583 6
7584 5
7585 6
7586 3
7587 3
7588 3
7589 6
7590 5
7591 5
7592 6
7593 -1
7594 -1
7595 5
7596 -1
7597 2
7598 1
7599 1
7600 0
7601 1
7602 6
7603 6
7604 5
7605 5
7606 3
7607 1
7608 6
7609 6
7610 5
7611 3
7612 6
7613 6
7614 -1
7615 3
7616 5
7617 -1
7618 5
7619 6
7620 1
7621 6
7622 6
7623 6
7624 5
7625 6
7626 1
7627 6
7628 -1
7629 3
7630 5
7631 6
7632 2
7633 5
7634 -1
7635 6
7636 3
7637 -1
7638 3
7639 6
7640 0
7641 5
7642 -1
7643 3
7644 5
7645 3
7646 5
7647 6
7648 6
7649 6
7650 5
7651 2
7652 6
7653 1
7654 5
7655 2
7656 5
7657 6
7658 -1
7659 5
7660 6
7661 5
7662 2
7663 6
7664 5
7665 6
7666 6
7667 -1
7668 -1
7669 5
7670 3
7671 6
7672 -1
7673 6
7674 -1
7675 5
7676 -1
7677 3
7678 0
7679 5
7680 -1
7681 1
7682 -1
7683 3
7684 3
7685 6
7686 5
7687 4
7688 6
7689 6
7690 5
7691 5
7692 -1
7693 2
7694 6
7695 -1
7696 1
7697 0
7698 3
7699 1
7700 6
7701 6
7702 5
7703 5
7704 3
7705 -1
7706 6
7707 5
7708 0
7709 3
7710 6
7711 -1
7712 6
7713 3
7714 1
7715 3
7716 3
7717 3
7718 5
7719 2
7720 -1
7721 5
7722 6
7723 5
7724 1
7725 6
7726 2
7727 6
7728 6
7729 5
7730 6
7731 5
7732 -1
7733 6
7734 5
7735 3
7736 1
7737 2
7738 5
7739 6
7740 5
7741 6
7742 6
7743 5
7744 2
7745 5
7746 -1
7747 6
7748 3
7749 5
7750 1
7751 5
7752 0
7753 5
7754 5
7755 5
7756 0
7757 2
7758 -1
7759 3
7760 3
7761 5
7762 3
7763 5
7764 5
7765 6
7766 1
7767 6
7768 6
7769 6
7770 6
7771 5
7772 3
7773 6
7774 6
7775 5
7776 6
7777 1
7778 6
7779 1
7780 1
7781 4
7782 5
7783 -1
7784 6
7785 1
7786 5
7787 6
7788 3
7789 6
7790 3
7791 1
7792 -1
7793 6
7794 3
7795 -1
7796 1
7797 3
7798 6
7799 6
7800 1
7801 -1
7802 5
7803 6
7804 6
7805 3
7806 3
7807 -1
7808 3
7809 6
7810 3
7811 6
7812 5
7813 1
7814 1
7815 5
7816 5
7817 -1
7818 2
7819 3
7820 6
7821 5
7822 -1
7823 -1
7824 5
7825 5
7826 -1
7827 4
7828 6
7829 2
7830 5
7831 3
7832 3
7833 6
7834 -1
7835 5
7836 5
7837 1
7838 6
7839 -1
7840 1
7841 5
7842 6
7843 0
7844 1
7845 5
7846 5
7847 0
7848 6
7849 -1
7850 6
7851 -1
7852 3
7853 3
7854 6
7855 6
7856 6
7857 5
7858 5
7859 6
7860 6
7861 -1
7862 -1
7863 5
7864 6
7865 3
7866 5
7867 5
7868 6
7869 5
7870 6
7871 4
7872 5
7873 5
7874 3
7875 -1
7876 3
7877 3
7878 5
7879 6
7880 1
7881 -1
7882 4
7883 3
7884 0
7885 -1
7886 3
7887 -1
7888 -1
7889 6
7890 6
7891 6
7892 6
7893 0
7894 6
7895 6
7896 6
7897 -1
7898 6
7899 5
7900 5
7901 1
7902 6
7903 5
7904 -1
7905 4
7906 -1
7907 5
7908 3
7909 1
7910 0
7911 5
7912 5
7913 6
7914 -1
7915 -1
7916 -1
7917 6
7918 6
7919 -1
7920 3
7921 6
7922 6
7923 -1
7924 -1
7925 1
7926 0
7927 -1
7928 6
7929 3
7930 3
7931 6
7932 3
7933 6
7934 6
7935 -1
7936 -1
7937 3
7938 5
7939 5
7940 -1
7941 -1
7942 -1
7943 2
7944 -1
7945 6
7946 3
7947 0
7948 5
7949 -1
7950 5
7951 1
7952 -1
7953 5
7954 6
7955 5
7956 -1
7957 -1
7958 3
7959 3
7960 5
7961 6
7962 -1
7963 6
7964 5
7965 4
7966 0
7967 2
7968 5
7969 6
7970 1
7971 5
7972 1
7973 1
7974 3
7975 5
7976 6
7977 3
7978 1
7979 5
7980 5
7981 5
7982 5
7983 -1
7984 3
7985 6
7986 -1
7987 5
7988 -1
7989 1
7990 6
7991 6
7992 6
7993 -1
7994 3
7995 1
7996 -1
7997 5
7998 0
7999 6
8000 3
8001 0
8002 -1
8003 5
8004 5
8005 5
8006 -1
8007 1
8008 1
8009 5
8010 -1
8011 4
8012 3
8013 5
8014 1
8015 -1
8016 4
8017 4
8018 -1
8019 5
8020 2
8021 4
8022 3
8023 3
8024 2
8025 -1
8026 4
8027 3
8028 6
8029 5
8030 5
8031 3
8032 6
8033 5
8034 5
8035 5
8036 -1
8037 3
8038 4
8039 -1
8040 -1
8041 -1
8042 1
8043 3
8044 -1
8045 6
8046 3
8047 5
8048 6
8049 6
8050 6
8051 3
8052 6
8053 5
8054 6
8055 6
8056 5
8057 5
8058 3
8059 -1
8060 5
8061 2
8062 -1
8063 5
8064 5
8065 1
8066 6
8067 6
8068 5
8069 -1
8070 5
8071 5
8072 5
8073 6
8074 -1
8075 5
8076 6
8077 6
8078 5
8079 2
8080 0
8081 -1
8082 -1
8083 -1
8084 6
8085 6
8086 3
8087 5
8088 6
8089 1
8090 1
8091 5
8092 3
8093 -1
8094 0
8095 2
8096 0
8097 3
8098 6
8099 4
8100 5
8101 4
8102 6
8103 6
8104 6
8105 4
8106 0
8107 1
8108 6
8109 0
8110 5
8111 5
8112 1
8113 -1
8114 3
8115 -1
8116 -1
8117 5
8118 4
8119 5
8120 5
8121 6
8122 5
8123 0
8124 -1
8125 3
8126 4
8127 -1
8128 5
8129 -1
8130 5
8131 5
8132 3
8133 6
8134 -1
8135 5
8136 0
8137 -1
8138 6
8139 6
8140 3
8141 5
8142 -1
8143 1
8144 4
8145 3
8146 5
8147 6
8148 -1
8149 5
8150 6
8151 -1
8152 5
8153 1
8154 0
8155 3
8156 3
8157 6
8158 3
8159 3
8160 -1
8161 5
8162 -1
8163 4
8164 5
8165 1
8166 6
8167 5
8168 3
8169 6
8170 5
8171 -1
8172 0
8173 1
8174 3
8175 5
8176 6
8177 0
8178 3
8179 6
8180 2
8181 5
8182 0
8183 5
8184 5
8185 3
8186 3
8187 0
8188 5
8189 0
8190 -1
8191 3
8192 2
8193 6
8194 1
8195 6
8196 5
8197 -1
8198 -1
8199 -1
8200 6
8201 6
8202 2
8203 6
8204 6
8205 3
8206 6
8207 1
8208 2
8209 1
8210 3
8211 6
8212 6
8213 1
8214 5
8215 3
8216 6
8217 6
8218 2
8219 5
8220 6
8221 -1
8222 6
8223 5
8224 6
8225 6
8226 6
8227 6
8228 1
8229 6
8230 0
8231 -1
8232 6
8233 -1
8234 5
8235 1
8236 -1
8237 6
8238 -1
8239 0
8240 1
8241 3
8242 6
8243 5
8244 2
8245 3
8246 -1
8247 6
8248 1
8249 3
8250 3
8251 6
8252 0
8253 6
8254 -1
8255 1
8256 -1
8257 2
8258 3
8259 6
8260 -1
8261 5
8262 5
8263 3
8264 -1
8265 5
8266 5
8267 1
8268 -1
8269 3
8270 -1
8271 6
8272 6
8273 -1
8274 6
8275 5
8276 0
8277 6
8278 1
8279 1
8280 1
8281 -1
8282 5
8283 6
8284 3
8285 -1
8286 0
8287 5
8288 3
8289 6
8290 5
8291 6
8292 -1
8293 6
8294 2
8295 5
8296 1
8297 3
8298 1
8299 6
8300 1
8301 5
8302 5
8303 6
8304 3
8305 5
8306 5
8307 3
8308 5
8309 1
8310 3
8311 -1
8312 5
8313 1
8314 6
8315 1
8316 -1
8317 6
8318 6
8319 -1
8320 3
8321 3
8322 2
8323 1
8324 -1
8325 6
8326 -1
8327 6
8328 -1
8329 0
8330 6
8331 5
8332 3
8333 3
8334 5
8335 6
8336 6
8337 6
8338 0
8339 3
8340 1
8341 6
8342 3
8343 3
8344 5
8345 2
8346 5
8347 2
8348 1
8349 -1
8350 5
8351 5
8352 1
8353 -1
8354 3
8355 1
8356 6
8357 6
8358 0
8359 3
8360 0
8361 2
8362 -1
8363 5
8364 5
8365 6
8366 5
8367 5
8368 1
8369 3
8370 6
8371 6
8372 1
8373 1
8374 6
8375 -1
8376 4
8377 1
8378 5
8379 6
8380 -1
8381 6
8382 4
8383 6
8384 5
8385 3
8386 -1
8387 6
8388 3
8389 4
8390 5
8391 6
8392 2
8393 6
8394 3
8395 1
8396 3
8397 5
8398 1
8399 2
8400 0
8401 3
8402 6
8403 5
8404 -1
8405 6
8406 -1
8407 3
8408 6
8409 6
8410 6
8411 6
8412 3
8413 6
8414 4
8415 0
8416 -1
8417 0
8418 1
8419 1
8420 -1
8421 3
8422 5
8423 6
8424 6
8425 5
8426 1
8427 3
8428 5
8429 5
8430 1
8431 6
8432 6
8433 6
8434 1
8435 -1
8436 5
8437 -1
8438 6
8439 2
8440 6
8441 6
8442 6
8443 0
8444 -1
8445 -1
8446 6
8447 6
8448 -1
8449 5
8450 1
8451 1
8452 5
8453 3
8454 1
8455 5
8456 -1
8457 6
8458 5
8459 -1
8460 -1
8461 6
8462 6
8463 6
8464 6
8465 5
8466 3
8467 6
8468 6
8469 0
8470 -1
8471 -1
8472 1
8473 1
8474 6
8475 1
8476 6
8477 2
8478 3
8479 0
8480 -1
8481 1
8482 5
8483 2
8484 -1
8485 6
8486 6
8487 1
8488 6
8489 6
8490 5
8491 6
8492 -1
8493 5
8494 6
8495 5
8496 5
8497 3
8498 -1
8499 5
8500 6
8501 3
8502 -1
8503 1
8504 6
8505 6
8506 -1
8507 -1
8508 1
8509 3
8510 6
8511 6
8512 -1
8513 6
8514 1
8515 1
8516 6
8517 1
8518 -1
8519 6
8520 5
8521 6
8522 6
8523 1
8524 1
8525 2
8526 3
8527 3
8528 6
8529 -1
8530 3
8531 3
8532 5
8533 6
8534 5
8535 2
8536 3
8537 3
8538 3
8539 3
8540 6
8541 1
8542 1
8543 6
8544 0
8545 5
8546 3
8547 1
8548 3
8549 1
8550 5
8551 1
8552 1
8553 6
8554 5
8555 6
8556 0
8557 6
8558 5
8559 4
8560 6
8561 6
8562 6
8563 -1
8564 3
8565 6
8566 -1
8567 3
8568 -1
8569 5
8570 1
8571 1
8572 6
8573 1
8574 1
8575 3
8576 5
8577 6
8578 0
8579 3
8580 5
8581 6
8582 5
8583 6
8584 -1
8585 1
8586 1
8587 2
8588 4
8589 -1
8590 1
8591 3
8592 1
8593 6
8594 -1
8595 1
8596 2
8597 0
8598 6
8599 -1
8600 5
8601 1
8602 5
8603 1
8604 -1
8605 -1
8606 -1
8607 -1
8608 3
8609 -1
8610 -1
8611 3
8612 6
8613 1
8614 0
8615 1
8616 3
8617 -1
8618 3
8619 1
8620 6
8621 1
8622 5
8623 1
8624 6
8625 3
8626 6
8627 6
8628 5
8629 1
8630 6
8631 6
8632 0
8633 6
8634 5
8635 -1
8636 5
8637 3
8638 2
8639 3
8640 1
8641 -1
8642 6
8643 6
8644 0
8645 1
8646 0
8647 1
8648 6
8649 1
8650 6
8651 6
8652 6
8653 6
8654 4
8655 0
8656 6
8657 6
8658 5
8659 3
8660 6
8661 3
8662 -1
8663 4
8664 5
8665 5
8666 6
8667 1
8668 3
8669 3
8670 3
8671 5
8672 6
8673 6
8674 5
8675 3
8676 6
8677 2
8678 0
8679 -1
8680 -1
8681 0
8682 3
8683 6
8684 1
8685 6
8686 6
8687 3
8688 -1
8689 0
8690 6
8691 3
8692 6
8693 6
8694 -1
8695 6
8696 6
8697 -1
8698 6
8699 5
8700 6
8701 3
8702 6
8703 1
8704 -1
8705 6
8706 5
8707 5
8708 6
8709 6
8710 6
8711 0
8712 1
8713 1
8714 -1
8715 5
8716 1
8717 1
8718 5
8719 3
8720 5
8721 -1
8722 6
8723 5
8724 5
8725 6
8726 5
8727 6
8728 5
8729 6
8730 3
8731 6
8732 -1
8733 3
8734 5
8735 0
8736 4
8737 4
8738 -1
8739 6
8740 -1
8741 6
8742 3
8743 5
8744 3
8745 5
8746 5
8747 0
8748 5
8749 6
8750 3
8751 6
8752 5
8753 -1
8754 6
8755 0
8756 -1
8757 6
8758 6
8759 -1
8760 2
8761 5
8762 5
8763 6
8764 5
8765 -1
8766 5
8767 5
8768 0
8769 -1
8770 4
8771 5
8772 6
8773 6
8774 4
8775 0
8776 -1
8777 6
8778 5
8779 5
8780 6
8781 6
8782 -1
8783 5
8784 5
8785 6
8786 3
8787 5
8788 4
8789 6
8790 2
8791 -1
8792 3
8793 5
8794 5
8795 -1
8796 6
8797 2
8798 4
8799 6
8800 6
8801 -1
8802 6
8803 5
8804 3
8805 4
8806 1
8807 3
8808 1
8809 3
8810 6
8811 6
8812 1
8813 -1
8814 1
8815 -1
8816 6
8817 5
8818 2
8819 -1
8820 0
8821 3
8822 5
8823 1
8824 3
8825 6
8826 6
8827 -1
8828 6
8829 1
8830 6
8831 -1
8832 3
8833 6
8834 4
8835 5
8836 3
8837 1
8838 1
8839 3
8840 4
8841 5
8842 -1
8843 6
8844 -1
8845 -1
8846 6
8847 5
8848 -1
8849 6
8850 6
8851 5
8852 5
8853 6
8854 4
8855 6
8856 -1
8857 6
8858 6
8859 6
8860 1
8861 6
8862 5
8863 2
8864 6
8865 5
8866 5
8867 0
8868 -1
8869 6
8870 -1
8871 6
8872 6
8873 6
8874 -1
8875 5
8876 6
8877 6
8878 4
8879 -1
8880 6
8881 2
8882 6
8883 6
8884 4
8885 3
8886 5
8887 6
8888 6
8889 3
8890 1
8891 5
8892 3
8893 1
8894 5
8895 6
8896 0
8897 6
8898 1
8899 6
8900 1
8901 2
8902 -1
8903 6
8904 6
8905 -1
8906 4
8907 5
8908 5
8909 6
8910 3
8911 5
8912 5
8913 -1
8914 -1
8915 6
8916 5
8917 5
8918 -1
8919 6
8920 6
8921 6
8922 5
8923 3
8924 6
8925 6
8926 5
8927 5
8928 6
8929 3
8930 6
8931 6
8932 3
8933 5
8934 5
8935 4
8936 3
8937 3
8938 6
8939 5
8940 5
8941 5
8942 5
8943 5
8944 6
8945 2
8946 -1
8947 3
8948 2
8949 1
8950 5
8951 1
8952 2
8953 2
8954 -1
8955 5
8956 -1
8957 5
8958 0
8959 2
8960 0
8961 -1
8962 -1
8963 6
8964 1
8965 4
8966 6
8967 1
8968 4
8969 4
8970 1
8971 2
8972 5
8973 6
8974 3
8975 6
8976 5
8977 3
8978 1
8979 -1
8980 6
8981 6
8982 6
8983 2
8984 6
8985 6
8986 0
8987 3
8988 3
8989 5
8990 3
8991 5
8992 -1
8993 6
8994 6
8995 1
8996 3
8997 0
8998 6
8999 2
9000 3
9001 6
9002 6
9003 3
9004 -1
9005 3
9006 5
9007 4
9008 4
9009 5
9010 5
9011 6
9012 5
9013 0
9014 6
9015 6
9016 5
9017 5
9018 2
9019 5
9020 6
9021 0
9022 1
9023 5
9024 -1
9025 -1
9026 6
9027 5
9028 5
9029 5
9030 2
9031 3
9032 5
9033 6
9034 3
9035 3
9036 1
9037 5
9038 6
9039 3
9040 -1
9041 3
9042 5
9043 6
9044 6
9045 3
9046 4
9047 5
9048 1
9049 1
9050 6
9051 6
9052 5
9053 -1
9054 2
9055 5
9056 -1
9057 -1
9058 3
9059 6
9060 3
9061 3
9062 -1
9063 3
9064 5
9065 5
9066 3
9067 2
9068 1
9069 6
9070 2
9071 6
9072 6
9073 1
9074 6
9075 1
9076 5
9077 6
9078 5
9079 3
9080 -1
9081 3
9082 -1
9083 3
9084 -1
9085 -1
9086 -1
9087 1
9088 6
9089 3
9090 6
9091 6
9092 3
9093 6
9094 6
9095 6
9096 2
9097 2
9098 4
9099 4
9100 6
9101 -1
9102 3
9103 6
9104 3
9105 6
9106 6
9107 3
9108 6
9109 -1
9110 4
9111 3
9112 5
9113 5
9114 5
9115 6
9116 6
9117 2
9118 1
9119 1
9120 1
9121 4
9122 6
9123 5
9124 5
9125 5
9126 5
9127 1
9128 5
9129 6
9130 1
9131 -1
9132 -1
9133 6
9134 6
9135 6
9136 3
9137 6
9138 1
9139 1
9140 1
9141 6
9142 6
9143 -1
9144 6
9145 0
9146 -1
9147 6
9148 5
9149 6
9150 -1
9151 5
9152 6
9153 5
9154 5
9155 5
9156 3
9157 -1
9158 6
9159 -1
9160 6
9161 5
9162 6
9163 5
9164 2
9165 6
9166 4
9167 6
9168 5
9169 5
9170 2
9171 6
9172 6
9173 6
9174 -1
9175 6
9176 3
9177 2
9178 -1
9179 5
9180 6
9181 6
9182 5
9183 6
9184 5
9185 3
9186 0
9187 -1
9188 -1
9189 1
9190 1
9191 6
9192 5
9193 -1
9194 -1
9195 5
9196 5
9197 0
9198 -1
9199 3
9200 -1
9201 5
9202 -1
9203 2
9204 0
9205 -1
9206 5
9207 3
9208 5
9209 6
9210 2
9211 0
9212 3
9213 5
9214 3
