0 0
1 0
2 0
3 0
4 0
5 0
6 0
7 0
8 0
9 0
10 0
11 0
12 0
13 0
14 0
15 0
16 0
17 0
18 0
19 0
20 0
21 0
22 0
23 0
24 0
25 0
26 0
27 0
28 0
29 0
30 0
31 0
32 0
33 0
34 0
35 0
36 0
37 0
38 0
39 0
40 0
41 0
42 0
43 0
44 0
45 0
46 0
47 0
48 0
49 0
50 0
51 0
52 0
53 0
54 0
55 0
56 0
57 0
58 0
59 0
60 0
61 0
62 0
63 0
64 0
65 0
66 0
67 0
68 0
69 0
70 0
71 0
72 0
73 0
74 0
75 0
76 0
77 0
78 0
79 0
80 0
81 0
82 0
83 0
84 0
85 0
86 0
87 0
88 0
89 0
90 0
91 0
92 0
93 0
94 0
95 0
96 0
97 0
98 0
99 0
100 0
101 0
102 0
103 0
104 0
105 0
106 0
107 0
108 0
109 0
110 0
111 0
112 0
113 0
114 0
115 0
116 0
117 0
118 0
119 0
120 0
121 0
122 0
123 0
124 0
125 0
126 0
127 0
128 0
129 0
130 0
131 0
132 0
133 0
134 0
135 0
136 0
137 0
138 0
139 0
140 0
141 0
142 0
143 0
144 0
145 0
146 0
147 0
148 0
149 0
150 0
151 0
152 0
153 0
154 0
155 0
156 0
157 0
158 0
159 0
160 0
161 0
162 0
163 0
164 0
165 0
166 0
167 0
168 0
169 0
170 0
171 0
172 0
173 0
174 0
175 0
176 0
177 0
178 0
179 0
180 0
181 0
182 0
183 0
184 0
185 0
186 0
187 0
188 0
189 0
190 0
191 0
192 0
193 0
194 0
195 0
196 0
197 0
198 0
199 0
200 0
201 0
202 0
203 0
204 0
205 0
206 0
207 0
208 0
209 0
210 0
211 0
212 0
213 0
214 0
215 0
216 0
217 0
218 0
219 0
220 0
221 0
222 0
223 0
224 0
225 0
226 0
227 0
228 0
229 0
230 0
231 0
232 0
233 0
234 0
235 0
236 0
237 0
238 0
239 0
240 0
241 0
242 0
243 0
244 0
245 0
246 0
247 0
248 0
249 0
250 0
251 0
252 0
253 0
254 0
255 0
256 0
257 0
258 0
259 0
260 0
261 0
262 0
263 0
264 0
265 0
266 0
267 0
268 0
269 0
270 0
271 0
272 0
273 0
274 0
275 0
276 0
277 0
278 0
279 0
280 0
281 0
282 0
283 0
284 0
285 0
286 0
287 0
288 0
289 0
290 0
291 0
292 0
293 0
294 0
295 0
296 0
297 0
298 0
299 0
300 0
301 0
302 0
303 0
304 0
305 0
306 0
307 0
308 0
309 0
310 0
311 0
312 0
313 0
314 0
315 0
316 0
317 0
318 0
319 0
320 0
321 0
322 0
323 0
324 0
325 0
326 0
327 0
328 0
329 0
330 0
331 0
332 0
333 0
334 0
335 0
336 0
337 0
338 0
339 0
340 0
341 0
342 0
343 0
344 0
345 0
346 0
347 0
348 0
349 0
350 0
351 0
352 0
353 0
354 0
355 0
356 0
357 0
358 0
359 0
360 0
361 0
362 0
363 0
364 0
365 0
366 0
367 0
368 0
369 0
370 0
371 0
372 0
373 0
374 0
375 0
376 0
377 0
378 0
379 0
380 0
381 0
382 0
383 0
384 0
385 0
386 0
387 0
388 0
389 0
390 0
391 0
392 0
393 0
394 0
395 0
396 0
397 0
398 0
399 0
400 0
401 0
402 0
403 0
404 0
405 0
406 0
407 0
408 0
409 0
410 0
411 0
412 0
413 0
414 0
415 0
416 0
417 0
418 0
419 0
420 0
421 0
422 0
423 0
424 0
425 0
426 0
427 0
428 0
429 0
430 0
431 0
432 0
433 0
434 0
435 0
436 0
437 0
438 0
439 0
440 0
441 0
442 0
443 0
444 0
445 0
446 0
447 0
448 0
449 0
450 0
451 0
452 0
453 0
454 0
455 0
456 0
457 0
458 0
459 0
460 0
461 0
462 0
463 0
464 0
465 0
466 0
467 0
468 0
469 0
470 0
471 0
472 0
473 0
474 0
475 0
476 0
477 0
478 0
479 0
480 0
481 0
482 0
483 0
484 0
485 0
486 0
487 0
488 0
489 0
490 0
491 0
492 0
493 0
494 0
495 0
496 0
497 0
498 0
499 0
500 0
501 0
502 0
503 0
504 0
505 0
506 0
507 0
508 0
509 0
510 0
511 0
512 0
513 0
514 0
515 0
516 0
517 0
518 0
519 0
520 0
521 0
522 0
523 0
524 0
525 0
526 0
527 0
528 0
529 0
530 0
531 0
532 0
533 0
534 0
535 0
536 0
537 0
538 0
539 0
540 0
541 0
542 0
543 0
544 0
545 0
546 0
547 0
548 0
549 0
550 0
551 0
552 0
553 0
554 0
555 0
556 0
557 0
558 0
559 0
560 0
561 0
562 0
563 0
564 0
565 0
566 0
567 0
568 0
569 0
570 0
571 0
572 0
573 0
574 0
575 0
576 0
577 0
578 0
579 0
580 0
581 0
582 0
583 0
584 0
585 0
586 0
587 0
588 0
589 0
590 0
591 0
592 0
593 0
594 0
595 0
596 0
597 0
598 0
599 0
600 0
601 0
602 0
603 0
604 0
605 0
606 0
607 0
608 0
609 0
610 0
611 0
612 0
613 0
614 0
615 0
616 0
617 0
618 0
619 0
620 0
621 0
622 0
623 0
624 0
625 0
626 0
627 0
628 0
629 0
630 0
631 0
632 0
633 0
634 0
635 0
636 0
637 0
638 0
639 0
640 0
641 0
642 0
643 0
644 0
645 0
646 0
647 0
648 0
649 0
650 0
651 0
652 0
653 0
654 0
655 0
656 0
657 0
658 0
659 0
660 0
661 0
662 0
663 0
664 0
665 0
666 0
667 0
668 0
669 0
670 0
671 0
672 0
673 0
674 0
675 0
676 0
677 0
678 0
679 0
680 0
681 0
682 0
683 0
684 0
685 0
686 0
687 0
688 0
689 0
690 0
691 0
692 0
693 0
694 0
695 0
696 0
697 0
698 0
699 0
700 0
701 0
702 0
703 0
704 0
705 0
706 0
707 0
708 0
709 0
710 0
711 0
712 0
713 0
714 0
715 0
716 0
717 0
718 0
719 0
720 0
721 0
722 0
723 0
724 0
725 0
726 0
727 0
728 0
729 0
730 0
731 0
732 0
733 0
734 0
735 0
736 0
737 0
738 0
739 0
740 0
741 0
742 0
743 0
744 0
745 0
746 0
747 0
748 0
749 1
750 1
751 1
752 1
753 1
754 1
755 1
756 1
757 1
758 1
759 1
760 1
761 1
762 2
763 2
764 2
765 3
766 4
767 4
768 4
769 4
770 4
771 4
772 4
773 5
774 5
775 5
776 6
777 6
778 6
779 6
780 6
781 6
782 6
783 6
784 6
785 7
786 7
787 7
788 7
789 7
790 7
791 7
792 7
793 7
794 7
795 7
796 7
797 8
798 8
799 8
800 8
801 9
802 9
803 9
804 9
805 9
806 9
807 10
808 10
809 10
810 11
811 11
812 11
813 11
814 11
815 11
816 11
817 12
818 12
819 12
820 12
821 13
822 13
823 13
824 13
825 15
826 15
827 15
828 16
829 16
830 16
831 17
832 17
833 18
834 19
835 21
836 21
837 21
838 21
839 21
840 21
841 22
842 23
843 23
844 23
845 23
846 23
847 24
848 24
849 24
850 24
851 24
852 24
853 24
854 24
855 25
856 25
857 25
858 26
859 26
860 26
861 26
862 26
863 26
864 26
865 26
866 26
867 26
868 27
869 27
870 27
871 27
872 27
873 27
874 27
875 27
876 27
877 27
878 28
879 28
880 29
881 29
882 29
883 29
884 30
885 30
886 30
887 31
888 31
889 31
890 31
891 31
892 31
893 31
894 31
895 31
896 31
897 31
898 32
899 32
900 32
901 33
902 33
903 33
904 33
905 34
906 34
907 34
908 34
909 35
910 35
911 35
912 35
913 35
914 35
915 35
916 35
917 35
918 36
919 36
920 36
921 37
922 37
923 37
924 37
925 37
926 37
927 38
928 38
929 38
930 38
931 39
932 39
933 40
934 40
935 40
936 40
937 41
938 41
939 41
940 41
941 42
942 42
943 42
944 43
945 44
946 44
947 44
948 44
949 44
950 44
951 45
952 45
953 45
954 45
955 45
956 46
957 46
958 46
959 46
960 46
961 46
962 46
963 47
964 48
965 48
966 48
967 48
968 48
969 48
970 49
971 49
972 49
973 49
974 49
975 49
976 49
977 49
978 49
979 50
980 50
981 51
982 51
983 51
984 51
985 51
986 51
987 52
988 53
989 53
990 53
991 54
992 54
993 54
994 55
995 55
996 55
997 55
998 55
999 56
1000 56
1001 56
1002 56
1003 56
1004 57
1005 57
1006 57
1007 57
1008 58
1009 58
1010 58
1011 58
1012 59
1013 59
1014 59
1015 59
1016 59
1017 59
1018 59
1019 59
1020 60
1021 60
1022 60
1023 60
1024 60
1025 60
1026 61
1027 61
1028 61
1029 61
1030 61
1031 61
1032 61
1033 61
1034 62
1035 62
1036 62
1037 62
1038 63
1039 63
1040 63
1041 63
1042 63
1043 63
1044 63
1045 64
1046 64
1047 64
1048 64
1049 64
1050 64
1051 64
1052 65
1053 65
1054 65
1055 65
1056 66
1057 66
1058 66
1059 66
1060 66
1061 66
1062 66
1063 66
1064 66
1065 66
1066 67
1067 67
1068 67
1069 67
1070 68
1071 68
1072 68
1073 68
1074 68
1075 68
1076 69
1077 69
1078 69
1079 69
1080 69
1081 69
1082 70
1083 70
1084 70
1085 70
1086 70
1087 70
1088 71
1089 71
1090 71
1091 71
1092 71
1093 71
1094 72
1095 72
1096 72
1097 72
1098 72
1099 72
1100 72
1101 72
1102 73
1103 73
1104 73
1105 73
1106 74
1107 74
1108 74
1109 74
1110 74
1111 74
1112 74
1113 74
1114 74
1115 75
1116 75
1117 75
1118 75
1119 76
1120 76
1121 76
1122 76
1123 76
1124 76
1125 76
1126 76
1127 76
1128 77
1129 77
1130 77
1131 78
1132 78
1133 78
1134 78
1135 78
1136 78
1137 78
1138 78
1139 79
1140 79
1141 79
1142 79
1143 79
1144 80
1145 80
1146 80
1147 80
1148 80
1149 80
1150 81
1151 81
1152 81
1153 81
1154 82
1155 82
1156 82
1157 82
1158 82
1159 82
1160 82
1161 83
1162 83
1163 83
1164 83
1165 83
1166 83
1167 84
1168 84
1169 84
1170 84
1171 84
1172 84
1173 85
1174 85
1175 85
1176 85
1177 85
1178 85
1179 86
1180 86
1181 86
1182 86
1183 86
1184 87
1185 87
1186 87
1187 87
1188 87
1189 87
1190 87
1191 88
1192 88
1193 88
1194 88
1195 88
1196 88
1197 88
1198 89
1199 89
1200 89
1201 89
1202 90
1203 91
1204 91
1205 91
1206 91
1207 91
1208 91
1209 92
1210 92
1211 92
1212 92
1213 92
1214 93
1215 93
1216 93
1217 93
1218 94
1219 94
1220 94
1221 94
1222 94
1223 95
1224 95
1225 95
1226 96
1227 96
1228 96
1229 96
1230 96
1231 96
1232 96
1233 97
1234 97
1235 98
1236 99
1237 99
1238 99
1239 99
1240 99
1241 101
1242 101
1243 101
1244 101
1245 101
1246 101
1247 101
1248 101
1249 101
1250 101
1251 101
1252 102
1253 102
1254 102
1255 102
1256 102
1257 103
1258 104
1259 104
1260 104
1261 104
1262 104
1263 104
1264 104
1265 104
1266 105
1267 105
1268 106
1269 106
1270 106
1271 107
1272 107
1273 107
1274 107
1275 108
1276 108
1277 109
1278 109
1279 109
1280 110
1281 110
1282 110
1283 111
1284 111
1285 111
1286 111
1287 111
1288 111
1289 111
1290 111
1291 111
1292 111
1293 112
1294 112
1295 112
1296 112
1297 112
1298 113
1299 113
1300 113
1301 113
1302 114
1303 114
1304 114
1305 115
1306 115
1307 115
1308 116
1309 116
1310 116
1311 116
1312 116
1313 116
1314 116
1315 116
1316 117
1317 117
1318 117
1319 117
1320 117
1321 117
1322 118
1323 118
1324 118
1325 118
1326 119
1327 119
1328 119
1329 119
1330 119
1331 119
1332 119
1333 119
1334 119
1335 119
1336 119
1337 119
1338 120
1339 121
1340 121
1341 121
1342 121
1343 121
1344 121
1345 121
1346 121
1347 121
1348 122
1349 122
1350 122
1351 122
1352 122
1353 122
1354 122
1355 122
1356 123
1357 123
1358 123
1359 123
1360 123
1361 124
1362 124
1363 124
1364 124
1365 124
1366 124
1367 124
1368 124
1369 124
1370 125
1371 125
1372 125
1373 125
1374 126
1375 126
1376 126
1377 126
1378 126
1379 126
1380 126
1381 126
1382 127
1383 127
1384 127
1385 127
1386 127
1387 127
1388 127
1389 127
1390 127
1391 128
1392 128
1393 128
1394 128
1395 128
1396 128
1397 128
1398 128
1399 128
1400 128
1401 129
1402 129
1403 129
1404 129
1405 130
1406 130
1407 130
1408 130
1409 130
1410 130
1411 130
1412 131
1413 131
1414 131
1415 131
1416 131
1417 132
1418 132
1419 132
1420 132
1421 133
1422 133
1423 133
1424 133
1425 133
1426 133
1427 133
1428 133
1429 133
1430 133
1431 134
1432 134
1433 134
1434 134
1435 135
1436 135
1437 135
1438 135
1439 135
1440 135
1441 135
1442 135
1443 135
1444 135
1445 135
1446 135
1447 135
1448 136
1449 136
1450 136
1451 136
1452 136
1453 136
1454 137
1455 137
1456 137
1457 137
1458 137
1459 137
1460 137
1461 137
1462 138
1463 138
1464 138
1465 138
1466 138
1467 138
1468 139
1469 139
1470 139
1471 139
1472 139
1473 139
1474 139
1475 140
1476 140
1477 140
1478 140
1479 140
1480 140
1481 140
1482 141
1483 141
1484 141
1485 141
1486 142
1487 142
1488 142
1489 142
1490 142
1491 144
1492 144
1493 144
1494 144
1495 145
1496 145
1497 145
1498 145
1499 145
1500 145
1501 145
1502 145
1503 145
1504 146
1505 146
1506 146
1507 146
1508 146
1509 147
1510 147
1511 147
1512 147
1513 148
1514 148
1515 148
1516 148
1517 148
1518 149
1519 149
1520 150
1521 150
1522 150
1523 150
1524 150
1525 151
1526 151
1527 151
1528 152
1529 152
1530 152
1531 152
1532 152
1533 152
1534 153
1535 153
1536 153
1537 154
1538 154
1539 154
1540 154
1541 155
1542 155
1543 155
1544 155
1545 156
1546 156
1547 156
1548 156
1549 156
1550 156
1551 156
1552 156
1553 157
1554 157
1555 157
1556 157
1557 158
1558 158
1559 158
1560 158
1561 158
1562 159
1563 159
1564 159
1565 159
1566 159
1567 159
1568 159
1569 159
1570 159
1571 159
1572 159
1573 160
1574 160
1575 160
1576 160
1577 161
1578 161
1579 161
1580 161
1581 162
1582 162
1583 163
1584 163
1585 163
1586 163
1587 163
1588 163
1589 163
1590 163
1591 164
1592 164
1593 164
1594 164
1595 164
1596 164
1597 164
1598 164
1599 164
1600 164
1601 164
1602 165
1603 165
1604 165
1605 165
1606 165
1607 165
1608 166
1609 166
1610 166
1611 166
1612 166
1613 167
1614 167
1615 167
1616 168
1617 168
1618 168
1619 168
1620 169
1621 169
1622 169
1623 170
1624 170
1625 170
1626 170
1627 170
1628 170
1629 170
1630 170
1631 171
1632 171
1633 171
1634 171
1635 171
1636 171
1637 171
1638 172
1639 172
1640 172
1641 173
1642 173
1643 173
1644 173
1645 173
1646 173
1647 173
1648 174
1649 174
1650 174
1651 175
1652 175
1653 175
1654 175
1655 175
1656 175
1657 175
1658 176
1659 176
1660 176
1661 177
1662 177
1663 177
1664 177
1665 178
1666 178
1667 178
1668 178
1669 178
1670 178
1671 179
1672 180
1673 180
1674 180
1675 180
1676 180
1677 180
1678 181
1679 181
1680 181
1681 181
1682 181
1683 181
1684 182
1685 182
1686 182
1687 183
1688 183
1689 183
1690 183
1691 184
1692 184
1693 185
1694 185
1695 185
1696 185
1697 186
1698 186
1699 186
1700 186
1701 187
1702 187
1703 188
1704 188
1705 188
1706 188
1707 188
1708 188
1709 188
1710 188
1711 188
1712 188
1713 188
1714 189
1715 189
1716 189
1717 190
1718 190
1719 190
1720 190
1721 191
1722 191
1723 192
1724 192
1725 192
1726 192
1727 193
1728 193
1729 193
1730 193
1731 194
1732 194
1733 195
1734 195
1735 195
1736 195
1737 195
1738 195
1739 196
1740 196
1741 196
1742 196
1743 197
1744 198
1745 198
1746 198
1747 198
1748 198
1749 198
1750 198
1751 199
1752 199
1753 199
1754 199
1755 199
1756 199
1757 200
1758 200
1759 200
1760 200
1761 200
1762 200
1763 201
1764 201
1765 201
1766 201
1767 201
1768 201
1769 202
1770 203
1771 203
1772 203
1773 203
1774 203
1775 203
1776 204
1777 204
1778 204
1779 204
1780 204
1781 204
1782 206
1783 206
1784 206
1785 206
1786 206
1787 207
1788 207
1789 207
1790 207
1791 207
1792 207
1793 208
1794 208
1795 208
1796 208
1797 208
1798 208
1799 209
1800 209
1801 210
1802 211
1803 211
1804 211
1805 211
1806 212
1807 212
1808 212
1809 212
1810 212
1811 213
1812 213
1813 213
1814 213
1815 213
1816 214
1817 214
1818 214
1819 215
1820 216
1821 216
1822 216
1823 217
1824 217
1825 217
1826 217
1827 217
1828 217
1829 218
1830 218
1831 218
1832 218
1833 218
1834 219
1835 219
1836 220
1837 220
1838 220
1839 220
1840 221
1841 221
1842 221
1843 221
1844 222
1845 222
1846 222
1847 222
1848 222
1849 223
1850 223
1851 223
1852 223
1853 223
1854 223
1855 223
1856 224
1857 224
1858 224
1859 224
1860 224
1861 224
1862 224
1863 224
1864 224
1865 224
1866 225
1867 225
1868 225
1869 225
1870 225
1871 226
1872 226
1873 226
1874 226
1875 226
1876 226
1877 227
1878 227
1879 227
1880 227
1881 227
1882 227
1883 227
1884 227
1885 227
1886 227
1887 228
1888 228
1889 228
1890 228
1891 228
1892 228
1893 228
1894 228
1895 229
1896 229
1897 229
1898 229
1899 229
1900 229
1901 230
1902 231
1903 231
1904 231
1905 231
1906 231
1907 231
1908 232
1909 232
1910 232
1911 232
1912 232
1913 233
1914 233
1915 233
1916 233
1917 233
1918 233
1919 233
1920 233
1921 233
1922 233
1923 233
1924 233
1925 233
1926 233
1927 234
1928 234
1929 234
1930 234
1931 234
1932 234
1933 234
1934 235
1935 235
1936 235
1937 235
1938 236
1939 236
1940 236
1941 236
1942 236
1943 236
1944 237
1945 237
1946 237
1947 238
1948 238
1949 238
1950 238
1951 239
1952 239
1953 239
1954 239
1955 240
1956 240
1957 240
1958 240
1959 241
1960 241
1961 241
1962 241
1963 241
1964 241
1965 242
1966 242
1967 242
1968 242
1969 242
1970 242
1971 242
1972 242
1973 242
1974 243
1975 243
1976 243
1977 243
1978 243
1979 243
1980 243
1981 243
1982 243
1983 243
1984 243
1985 243
1986 243
1987 243
1988 243
1989 244
1990 244
1991 244
1992 244
1993 244
1994 244
1995 245
1996 245
1997 245
1998 245
1999 246
2000 246
2001 246
2002 246
2003 247
2004 247
2005 247
2006 248
2007 248
2008 248
2009 248
2010 248
2011 248
2012 248
2013 249
2014 249
2015 249
2016 249
2017 249
2018 250
2019 250
2020 250
2021 250
2022 251
2023 252
2024 252
2025 252
2026 252
2027 252
2028 252
2029 253
2030 253
2031 253
2032 253
2033 253
2034 253
2035 253
2036 254
2037 254
2038 254
2039 254
2040 254
2041 254
2042 254
2043 255
2044 255
2045 255
2046 255
2047 255
2048 255
2049 255
2050 255
2051 255
2052 256
2053 256
2054 256
2055 256
2056 256
2057 256
2058 257
2059 257
2060 257
2061 257
2062 257
2063 257
2064 258
2065 258
2066 258
2067 258
2068 258
2069 258
2070 258
2071 259
2072 259
2073 259
2074 259
2075 259
2076 259
2077 259
2078 260
2079 260
2080 260
2081 260
2082 260
2083 261
2084 261
2085 261
2086 261
2087 261
2088 261
2089 262
2090 262
2091 262
2092 262
2093 262
2094 263
2095 263
2096 263
2097 263
2098 263
2099 263
2100 263
2101 263
2102 263
2103 264
2104 264
2105 264
2106 264
2107 264
2108 264
2109 264
2110 264
2111 264
2112 265
2113 265
2114 265
2115 265
2116 266
2117 266
2118 266
2119 266
2120 266
2121 266
2122 266
2123 266
2124 267
2125 267
2126 267
2127 267
2128 267
2129 267
2130 267
2131 267
2132 267
2133 268
2134 268
2135 268
2136 268
2137 268
2138 268
2139 268
2140 269
2141 269
2142 269
2143 269
2144 269
2145 269
2146 269
2147 269
2148 270
2149 270
2150 270
2151 270
2152 270
2153 270
2154 271
2155 271
2156 272
2157 273
2158 273
2159 273
2160 273
2161 274
2162 275
2163 276
2164 276
2165 276
2166 276
2167 277
2168 278
2169 278
2170 278
2171 278
2172 278
2173 278
2174 278
2175 278
2176 279
2177 279
2178 279
2179 279
2180 279
2181 280
2182 282
2183 282
2184 283
2185 283
2186 283
2187 283
2188 283
2189 283
2190 283
2191 283
2192 284
2193 284
2194 284
2195 284
2196 284
2197 285
2198 285
2199 285
2200 285
2201 286
2202 287
2203 287
2204 288
2205 288
2206 288
2207 288
2208 288
2209 289
2210 289
2211 289
2212 290
2213 290
2214 290
2215 290
2216 290
2217 290
2218 290
2219 291
2220 291
2221 291
2222 291
2223 291
2224 292
2225 292
2226 292
2227 292
2228 292
2229 292
2230 292
2231 292
2232 292
2233 292
2234 292
2235 292
2236 293
2237 293
2238 293
2239 293
2240 293
2241 293
2242 294
2243 294
2244 294
2245 294
2246 294
2247 294
2248 294
2249 294
2250 295
2251 295
2252 295
2253 295
2254 295
2255 295
2256 296
2257 296
2258 296
2259 296
2260 296
2261 296
2262 297
2263 297
2264 297
2265 297
2266 297
2267 297
2268 297
2269 297
2270 298
2271 298
2272 298
2273 299
2274 299
2275 299
2276 299
2277 300
2278 300
2279 300
2280 300
2281 300
2282 300
2283 300
2284 302
2285 302
2286 303
2287 303
2288 303
2289 303
2290 303
2291 303
2292 303
2293 303
2294 303
2295 303
2296 304
2297 304
2298 305
2299 305
2300 305
2301 305
2302 305
2303 306
2304 306
2305 306
2306 306
2307 306
2308 306
2309 307
2310 307
2311 307
2312 307
2313 307
2314 307
2315 307
2316 308
2317 308
2318 308
2319 308
2320 308
2321 308
2322 308
2323 309
2324 309
2325 309
2326 309
2327 309
2328 309
2329 309
2330 309
2331 310
2332 310
2333 310
2334 310
2335 311
2336 311
2337 311
2338 311
2339 311
2340 312
2341 312
2342 312
2343 312
2344 313
2345 313
2346 313
2347 313
2348 313
2349 314
2350 314
2351 314
2352 314
2353 314
2354 314
2355 314
2356 314
2357 314
2358 315
2359 315
2360 315
2361 315
2362 316
2363 316
2364 316
2365 316
2366 316
2367 316
2368 316
2369 316
2370 316
2371 316
2372 317
2373 317
2374 317
2375 317
2376 317
2377 317
2378 317
2379 317
2380 317
2381 317
2382 318
2383 318
2384 318
2385 318
2386 318
2387 318
2388 318
2389 318
2390 318
2391 318
2392 318
2393 318
2394 319
2395 319
2396 319
2397 319
2398 319
2399 319
2400 319
2401 319
2402 319
2403 319
2404 320
2405 320
2406 320
2407 320
2408 320
2409 321
2410 321
2411 321
2412 321
2413 321
2414 321
2415 321
2416 321
2417 321
2418 321
2419 322
2420 322
2421 322
2422 322
2423 323
2424 323
2425 323
2426 323
2427 323
2428 323
2429 323
2430 324
2431 324
2432 324
2433 324
2434 325
2435 325
2436 325
2437 325
2438 325
2439 325
2440 325
2441 325
2442 325
2443 325
2444 326
2445 326
2446 326
2447 326
2448 326
2449 326
2450 326
2451 327
2452 327
2453 327
2454 328
2455 328
2456 328
2457 328
2458 328
2459 328
2460 328
2461 328
2462 328
2463 329
2464 329
2465 329
2466 329
2467 329
2468 329
2469 329
2470 330
2471 330
2472 330
2473 330
2474 330
2475 331
2476 331
2477 331
2478 331
2479 331
2480 331
2481 331
2482 332
2483 332
2484 332
2485 333
2486 333
2487 333
2488 333
2489 333
2490 333
2491 333
2492 333
2493 333
2494 333
2495 334
2496 334
2497 334
2498 334
2499 335
2500 335
2501 335
2502 335
2503 335
2504 335
2505 335
2506 335
2507 336
2508 336
2509 336
2510 336
2511 336
2512 336
2513 336
2514 336
2515 336
2516 336
2517 336
2518 336
2519 336
2520 337
2521 337
2522 337
2523 337
2524 337
2525 337
2526 337
2527 338
2528 338
2529 338
2530 338
2531 338
2532 338
2533 338
2534 338
2535 339
2536 339
2537 339
2538 339
2539 340
2540 340
2541 340
2542 341
2543 341
2544 341
2545 341
2546 342
2547 342
2548 342
2549 342
2550 342
2551 343
2552 343
2553 343
2554 343
2555 343
2556 343
2557 344
2558 344
2559 344
2560 344
2561 344
2562 344
2563 344
2564 345
2565 345
2566 345
2567 345
2568 346
2569 346
2570 346
2571 346
2572 346
2573 346
2574 346
2575 346
2576 347
2577 347
2578 347
2579 347
2580 347
2581 347
2582 348
2583 348
2584 348
2585 348
2586 349
2587 349
2588 349
2589 349
2590 350
2591 350
2592 350
2593 350
2594 350
2595 350
2596 351
2597 351
2598 351
2599 351
2600 351
2601 351
2602 351
2603 352
2604 352
2605 353
2606 353
2607 353
2608 353
2609 353
2610 354
2611 354
2612 354
2613 354
2614 354
2615 354
2616 355
2617 355
2618 355
2619 355
2620 355
2621 355
2622 356
2623 356
2624 356
2625 356
2626 357
2627 358
2628 358
2629 358
2630 358
2631 358
2632 358
2633 358
2634 359
2635 359
2636 359
2637 359
2638 359
2639 359
2640 359
2641 360
2642 360
2643 360
2644 360
2645 360
2646 361
2647 361
2648 361
2649 361
2650 362
2651 362
2652 363
2653 363
2654 363
2655 363
2656 363
2657 363
2658 363
2659 363
2660 363
2661 363
2662 363
2663 363
2664 364
2665 364
2666 364
2667 365
2668 365
2669 365
2670 365
2671 365
2672 365
2673 365
2674 366
2675 366
2676 366
2677 366
2678 366
2679 367
2680 367
2681 368
2682 368
2683 368
2684 368
2685 368
2686 368
2687 368
2688 368
2689 369
2690 369
2691 369
2692 369
2693 369
2694 369
2695 369
2696 369
2697 369
2698 369
2699 369
2700 370
2701 370
2702 370
2703 371
2704 371
2705 371
2706 371
2707 371
2708 371
2709 371
2710 371
2711 371
2712 372
2713 372
2714 372
2715 372
2716 373
2717 373
2718 373
2719 373
2720 373
2721 373
2722 373
2723 374
2724 374
2725 374
2726 374
2727 374
2728 374
2729 375
2730 375
2731 375
2732 376
2733 376
2734 376
2735 377
2736 377
2737 377
2738 377
2739 377
2740 378
2741 378
2742 378
2743 378
2744 378
2745 378
2746 378
2747 378
2748 378
2749 378
2750 379
2751 379
2752 379
2753 379
2754 379
2755 379
2756 379
2757 380
2758 380
2759 380
2760 381
2761 381
2762 381
2763 381
2764 381
2765 381
2766 381
2767 381
2768 381
2769 382
2770 382
2771 383
2772 383
2773 383
2774 383
2775 383
2776 383
2777 383
2778 383
2779 383
2780 384
2781 384
2782 385
2783 385
2784 385
2785 385
2786 385
2787 385
2788 386
2789 386
2790 386
2791 387
2792 387
2793 387
2794 387
2795 387
2796 387
2797 387
2798 387
2799 387
2800 387
2801 387
2802 388
2803 388
2804 388
2805 388
2806 388
2807 388
2808 388
2809 388
2810 389
2811 389
2812 389
2813 390
2814 390
2815 390
2816 390
2817 391
2818 391
2819 391
2820 392
2821 392
2822 392
2823 393
2824 393
2825 393
2826 393
2827 393
2828 393
2829 393
2830 393
2831 393
2832 393
2833 394
2834 394
2835 394
2836 394
2837 394
2838 394
2839 394
2840 394
2841 395
2842 395
2843 395
2844 395
2845 395
2846 396
2847 396
2848 396
2849 397
2850 397
2851 397
2852 397
2853 397
2854 397
2855 397
2856 397
2857 397
2858 397
2859 399
2860 399
2861 399
2862 399
2863 399
2864 399
2865 399
2866 399
2867 399
2868 399
2869 400
2870 400
2871 400
2872 400
2873 400
2874 400
2875 400
2876 400
2877 401
2878 401
2879 401
2880 401
2881 401
2882 401
2883 401
2884 402
2885 402
2886 402
2887 402
2888 402
2889 402
2890 402
2891 402
2892 402
2893 402
2894 402
2895 402
2896 402
2897 402
2898 403
2899 403
2900 403
2901 403
2902 403
2903 403
2904 403
2905 403
2906 403
2907 403
2908 403
2909 403
2910 404
2911 404
2912 404
2913 404
2914 404
2915 404
2916 405
2917 405
2918 405
2919 406
2920 406
2921 406
2922 406
2923 407
2924 407
2925 407
2926 407
2927 407
2928 407
2929 408
2930 408
2931 408
2932 408
2933 408
2934 409
2935 409
2936 409
2937 409
2938 409
2939 410
2940 410
2941 410
2942 410
2943 410
2944 410
2945 410
2946 410
2947 410
2948 411
2949 411
2950 411
2951 412
2952 412
2953 412
2954 412
2955 412
2956 412
2957 412
2958 412
2959 412
2960 412
2961 412
2962 413
2963 413
2964 413
2965 413
2966 413
2967 413
2968 413
2969 413
2970 414
2971 414
2972 414
2973 414
2974 414
2975 414
2976 414
2977 414
2978 414
2979 414
2980 414
2981 414
2982 415
2983 415
2984 415
2985 415
2986 415
2987 415
2988 415
2989 415
2990 415
2991 415
2992 416
2993 416
2994 416
2995 416
2996 417
2997 417
2998 417
2999 417
3000 417
3001 417
3002 417
3003 417
3004 417
3005 417
3006 418
3007 418
3008 418
3009 418
3010 418
3011 418
3012 419
3013 419
3014 420
3015 420
3016 421
3017 421
3018 421
3019 421
3020 421
3021 421
3022 422
3023 422
3024 422
3025 422
3026 422
3027 422
3028 423
3029 423
3030 423
3031 424
3032 424
3033 424
3034 424
3035 424
3036 424
3037 424
3038 425
3039 425
3040 426
3041 426
3042 426
3043 426
3044 426
3045 426
3046 426
3047 426
3048 426
3049 426
3050 427
3051 427
3052 427
3053 427
3054 427
3055 427
3056 427
3057 427
3058 427
3059 428
3060 428
3061 428
3062 428
3063 428
3064 428
3065 428
3066 428
3067 428
3068 429
3069 429
3070 429
3071 429
3072 429
3073 430
3074 431
3075 431
3076 431
3077 431
3078 431
3079 431
3080 431
3081 431
3082 431
3083 431
3084 432
3085 432
3086 433
3087 434
3088 434
3089 434
3090 434
3091 435
3092 435
3093 435
3094 435
3095 435
3096 435
3097 436
3098 436
3099 436
3100 436
3101 436
3102 436
3103 436
3104 436
3105 437
3106 437
3107 437
3108 437
3109 438
3110 438
3111 439
3112 439
3113 439
3114 439
3115 439
3116 439
3117 439
3118 440
3119 440
3120 440
3121 440
3122 440
3123 440
3124 440
3125 440
3126 440
3127 441
3128 441
3129 441
3130 441
3131 441
3132 442
3133 442
3134 442
3135 442
3136 442
3137 442
3138 443
3139 443
3140 443
3141 443
3142 443
3143 443
3144 444
3145 444
3146 444
3147 444
3148 445
3149 446
3150 446
3151 446
3152 446
3153 446
3154 446
3155 446
3156 446
3157 446
3158 446
3159 446
3160 447
3161 448
3162 448
3163 448
3164 448
3165 448
3166 449
3167 449
3168 450
3169 450
3170 451
3171 451
3172 451
3173 451
3174 451
3175 451
3176 451
3177 451
3178 452
3179 452
3180 452
3181 452
3182 453
3183 453
3184 453
3185 453
3186 453
3187 454
3188 454
3189 455
3190 455
3191 455
3192 455
3193 455
3194 455
3195 455
3196 455
3197 455
3198 456
3199 456
3200 456
3201 456
3202 456
3203 456
3204 456
3205 456
3206 456
3207 457
3208 457
3209 457
3210 457
3211 457
3212 457
3213 457
3214 457
3215 457
3216 458
3217 458
3218 458
3219 458
3220 458
3221 458
3222 459
3223 459
3224 459
3225 459
3226 459
3227 459
3228 460
3229 460
3230 460
3231 460
3232 461
3233 461
3234 461
3235 461
3236 461
3237 461
3238 461
3239 461
3240 461
3241 462
3242 462
3243 462
3244 462
3245 462
3246 462
3247 462
3248 463
3249 463
3250 463
3251 464
3252 464
3253 464
3254 464
3255 464
3256 465
3257 465
3258 465
3259 465
3260 465
3261 466
3262 466
3263 466
3264 466
3265 466
3266 466
3267 467
3268 467
3269 467
3270 467
3271 467
3272 467
3273 467
3274 467
3275 468
3276 468
3277 468
3278 468
3279 468
3280 468
3281 468
3282 468
3283 468
3284 468
3285 468
3286 468
3287 469
3288 469
3289 469
3290 469
3291 469
3292 469
3293 469
3294 470
3295 470
3296 470
3297 470
3298 470
3299 470
3300 470
3301 470
3302 471
3303 471
3304 471
3305 471
3306 471
3307 471
3308 471
3309 471
3310 472
3311 472
3312 472
3313 472
3314 472
3315 472
3316 472
3317 473
3318 473
3319 473
3320 473
3321 473
3322 473
3323 473
3324 473
3325 473
3326 473
3327 473
3328 474
3329 474
3330 474
3331 474
3332 474
3333 475
3334 475
3335 475
3336 475
3337 475
3338 475
3339 476
3340 476
3341 476
3342 476
3343 476
3344 477
3345 477
3346 477
3347 477
3348 477
3349 477
3350 477
3351 478
3352 478
3353 479
3354 479
3355 479
3356 479
3357 480
3358 480
3359 480
3360 480
3361 480
3362 480
3363 480
3364 480
3365 480
3366 481
3367 481
3368 481
3369 481
3370 481
3371 481
3372 481
3373 481
3374 481
3375 481
3376 481
3377 481
3378 481
3379 481
3380 481
3381 481
3382 482
3383 482
3384 482
3385 483
3386 483
3387 483
3388 483
3389 483
3390 484
3391 484
3392 484
3393 484
3394 484
3395 485
3396 485
3397 485
3398 485
3399 485
3400 485
3401 486
3402 486
3403 486
3404 486
3405 486
3406 486
3407 486
3408 487
3409 487
3410 487
3411 487
3412 487
3413 487
3414 487
3415 487
3416 488
3417 488
3418 488
3419 488
3420 488
3421 488
3422 489
3423 489
3424 489
3425 489
3426 489
3427 489
3428 490
3429 490
3430 490
3431 490
3432 490
3433 490
3434 490
3435 490
3436 490
3437 491
3438 491
3439 491
3440 491
3441 491
3442 491
3443 491
3444 491
3445 491
3446 492
3447 492
3448 492
3449 492
3450 492
3451 493
3452 493
3453 493
3454 493
3455 493
3456 493
3457 493
3458 494
3459 494
3460 494
3461 494
3462 494
3463 494
3464 495
3465 495
3466 495
3467 495
3468 495
3469 496
3470 496
3471 497
3472 497
3473 497
3474 498
3475 498
3476 498
3477 498
3478 498
3479 498
3480 499
3481 499
3482 499
3483 499
3484 499
3485 500
3486 500
3487 500
3488 500
3489 500
3490 500
3491 500
3492 500
3493 500
3494 500
3495 500
3496 500
3497 501
3498 501
3499 501
3500 501
3501 501
3502 501
3503 501
3504 501
3505 501
3506 502
3507 502
3508 502
3509 502
3510 502
3511 502
3512 503
3513 503
3514 503
3515 503
3516 503
3517 503
3518 504
3519 504
3520 504
3521 504
3522 504
3523 504
3524 504
3525 504
3526 504
3527 504
3528 505
3529 505
3530 505
3531 505
3532 505
3533 505
3534 505
3535 506
3536 506
3537 506
3538 506
3539 506
3540 506
3541 506
3542 506
3543 506
3544 506
3545 507
3546 507
3547 507
3548 507
3549 507
3550 507
3551 508
3552 508
3553 508
3554 508
3555 508
3556 508
3557 509
3558 509
3559 509
3560 510
3561 510
3562 510
3563 510
3564 511
3565 511
3566 511
3567 511
3568 511
3569 511
3570 511
3571 511
3572 511
3573 511
3574 511
3575 512
3576 512
3577 512
3578 512
3579 513
3580 513
3581 513
3582 514
3583 514
3584 514
3585 514
3586 514
3587 514
3588 514
3589 515
3590 515
3591 515
3592 515
3593 515
3594 515
3595 516
3596 516
3597 516
3598 516
3599 516
3600 516
3601 516
3602 516
3603 516
3604 516
3605 516
3606 517
3607 517
3608 517
3609 517
3610 517
3611 517
3612 517
3613 517
3614 517
3615 517
3616 518
3617 518
3618 518
3619 518
3620 518
3621 518
3622 518
3623 519
3624 519
3625 519
3626 519
3627 519
3628 519
3629 520
3630 520
3631 520
3632 520
3633 520
3634 520
3635 520
3636 520
3637 521
3638 521
3639 521
3640 521
3641 521
3642 521
3643 521
3644 521
3645 521
3646 522
3647 522
3648 522
3649 522
3650 522
3651 522
3652 522
3653 523
3654 523
3655 523
3656 523
3657 523
3658 523
3659 524
3660 524
3661 524
3662 524
3663 524
3664 524
3665 524
3666 524
3667 524
3668 524
3669 524
3670 525
3671 525
3672 525
3673 525
3674 525
3675 525
3676 525
3677 525
3678 525
3679 525
3680 525
3681 526
3682 526
3683 526
3684 526
3685 526
3686 526
3687 526
3688 526
3689 526
3690 526
3691 526
3692 526
3693 526
3694 527
3695 527
3696 527
3697 527
3698 527
3699 527
3700 527
3701 527
3702 527
3703 527
3704 527
3705 528
3706 528
3707 528
3708 528
3709 528
3710 528
3711 528
3712 528
3713 528
3714 528
3715 528
3716 528
3717 529
3718 529
3719 529
3720 529
3721 529
3722 529
3723 529
3724 530
3725 530
3726 530
3727 530
3728 531
3729 531
3730 531
3731 531
3732 531
3733 532
3734 533
3735 533
3736 533
3737 533
3738 533
3739 533
3740 533
3741 533
3742 534
3743 534
3744 534
3745 534
3746 534
3747 534
3748 534
3749 534
3750 534
3751 534
3752 534
3753 534
3754 534
3755 534
3756 534
3757 534
3758 534
3759 535
3760 535
3761 535
3762 535
3763 536
3764 536
3765 536
3766 536
3767 537
3768 537
3769 537
3770 538
3771 538
3772 538
3773 538
3774 538
3775 538
3776 538
3777 539
3778 539
3779 539
3780 539
3781 539
3782 539
3783 539
3784 539
3785 539
3786 539
3787 540
3788 540
3789 540
3790 540
3791 540
3792 540
3793 541
3794 541
3795 541
3796 542
3797 542
3798 542
3799 542
3800 544
3801 544
3802 544
3803 544
3804 544
3805 544
3806 544
3807 545
3808 545
3809 545
3810 545
3811 545
3812 546
3813 546
3814 546
3815 546
3816 547
3817 547
3818 547
3819 547
3820 547
3821 547
3822 547
3823 548
3824 548
3825 548
3826 548
3827 548
3828 549
3829 549
3830 549
3831 549
3832 550
3833 550
3834 550
3835 550
3836 550
3837 550
3838 550
3839 551
3840 551
3841 551
3842 551
3843 552
3844 552
3845 552
3846 552
3847 552
3848 552
3849 552
3850 552
3851 553
3852 553
3853 553
3854 553
3855 553
3856 553
3857 553
3858 553
3859 553
3860 553
3861 553
3862 554
3863 554
3864 554
3865 554
3866 554
3867 554
3868 554
3869 554
3870 554
3871 554
3872 554
3873 554
3874 555
3875 555
3876 555
3877 555
3878 555
3879 555
3880 555
3881 555
3882 556
3883 556
3884 556
3885 556
3886 557
3887 557
3888 557
3889 557
3890 557
3891 558
3892 558
3893 558
3894 558
3895 558
3896 559
3897 559
3898 559
3899 559
3900 559
3901 559
3902 559
3903 559
3904 559
3905 559
3906 559
3907 559
3908 559
3909 559
3910 560
3911 560
3912 560
3913 560
3914 561
3915 561
3916 561
3917 561
3918 561
3919 561
3920 562
3921 562
3922 562
3923 562
3924 562
3925 562
3926 562
3927 562
3928 562
3929 563
3930 563
3931 564
3932 564
3933 564
3934 564
3935 564
3936 564
3937 564
3938 564
3939 564
3940 564
3941 564
3942 564
3943 565
3944 565
3945 565
3946 565
3947 565
3948 565
3949 566
3950 566
3951 566
3952 566
3953 566
3954 566
3955 567
3956 567
3957 567
3958 567
3959 567
3960 567
3961 567
3962 568
3963 568
3964 568
3965 568
3966 568
3967 568
3968 568
3969 569
3970 569
3971 569
3972 569
3973 569
3974 569
3975 569
3976 569
3977 569
3978 569
3979 570
3980 570
3981 570
3982 570
3983 570
3984 570
3985 570
3986 570
3987 571
3988 571
3989 571
3990 571
3991 571
3992 571
3993 571
3994 572
3995 572
3996 572
3997 572
3998 572
3999 573
4000 573
4001 573
4002 573
4003 573
4004 574
4005 574
4006 574
4007 574
4008 574
4009 574
4010 574
4011 574
4012 574
4013 574
4014 574
4015 574
4016 575
4017 575
4018 575
4019 575
4020 575
4021 576
4022 576
4023 576
4024 576
4025 576
4026 577
4027 577
4028 577
4029 577
4030 578
4031 578
4032 578
4033 578
4034 578
4035 579
4036 579
4037 579
4038 579
4039 579
4040 579
4041 579
4042 579
4043 579
4044 579
4045 579
4046 579
4047 580
4048 580
4049 580
4050 580
4051 580
4052 580
4053 580
4054 581
4055 581
4056 581
4057 581
4058 581
4059 581
4060 581
4061 581
4062 581
4063 581
4064 581
4065 581
4066 582
4067 582
4068 582
4069 582
4070 582
4071 582
4072 583
4073 583
4074 584
4075 584
4076 584
4077 584
4078 584
4079 584
4080 584
4081 584
4082 584
4083 584
4084 585
4085 585
4086 585
4087 585
4088 585
4089 585
4090 585
4091 585
4092 585
4093 585
4094 586
4095 586
4096 586
4097 586
4098 586
4099 586
4100 586
4101 586
4102 586
4103 586
4104 587
4105 587
4106 587
4107 587
4108 587
4109 587
4110 588
4111 588
4112 588
4113 588
4114 588
4115 588
4116 588
4117 588
4118 589
4119 589
4120 589
4121 589
4122 589
4123 589
4124 589
4125 589
4126 589
4127 589
4128 589
4129 589
4130 589
4131 590
4132 590
4133 590
4134 590
4135 590
4136 591
4137 591
4138 591
4139 591
4140 591
4141 591
4142 592
4143 592
4144 592
4145 592
4146 592
4147 592
4148 592
4149 592
4150 593
4151 593
4152 593
4153 593
4154 593
4155 593
4156 593
4157 593
4158 594
4159 594
4160 594
4161 594
4162 594
4163 594
4164 594
4165 594
4166 594
4167 594
4168 594
4169 594
4170 595
4171 595
4172 595
4173 595
4174 596
4175 596
4176 596
4177 596
4178 596
4179 597
4180 597
4181 597
4182 597
4183 597
4184 597
4185 597
4186 597
4187 598
4188 598
4189 598
4190 598
4191 598
4192 598
4193 598
4194 598
4195 598
4196 598
4197 599
4198 599
4199 599
4200 599
4201 599
4202 599
4203 599
4204 600
4205 600
4206 600
4207 600
4208 600
4209 601
4210 601
4211 601
4212 601
4213 601
4214 602
4215 602
4216 602
4217 602
4218 602
4219 603
4220 603
4221 603
4222 603
4223 603
4224 603
4225 604
4226 604
4227 604
4228 604
4229 604
4230 604
4231 605
4232 605
4233 605
4234 605
4235 605
4236 605
4237 605
4238 605
4239 605
4240 605
4241 605
4242 605
4243 605
4244 605
4245 605
4246 606
4247 606
4248 606
4249 606
4250 606
4251 607
4252 607
4253 607
4254 607
4255 607
4256 607
4257 607
4258 607
4259 607
4260 608
4261 608
4262 608
4263 608
4264 608
4265 609
4266 609
4267 609
4268 609
4269 609
4270 609
4271 609
4272 610
4273 610
4274 610
4275 610
4276 610
4277 611
4278 611
4279 611
4280 611
4281 611
4282 612
4283 613
4284 613
4285 613
4286 613
4287 614
4288 614
4289 614
4290 614
4291 614
4292 614
4293 614
4294 615
4295 615
4296 616
4297 616
4298 616
4299 616
4300 616
4301 616
4302 617
4303 617
4304 617
4305 617
4306 617
4307 617
4308 617
4309 617
4310 618
4311 619
4312 619
4313 619
4314 619
4315 619
4316 619
4317 619
4318 619
4319 619
4320 619
4321 619
4322 619
4323 620
4324 620
4325 620
4326 620
4327 621
4328 621
4329 621
4330 621
4331 621
4332 621
4333 622
4334 622
4335 622
4336 622
4337 622
4338 622
4339 623
4340 623
4341 623
4342 623
4343 624
4344 624
4345 624
4346 624
4347 624
4348 624
4349 624
4350 624
4351 624
4352 624
4353 625
4354 625
4355 625
4356 625
4357 625
4358 625
4359 626
4360 626
4361 626
4362 626
4363 626
4364 626
4365 627
4366 627
4367 627
4368 627
4369 627
4370 628
4371 628
4372 628
4373 628
4374 628
4375 628
4376 628
4377 629
4378 629
4379 629
4380 629
4381 629
4382 629
4383 629
4384 629
4385 629
4386 630
4387 630
4388 630
4389 630
4390 630
4391 630
4392 630
4393 630
4394 631
4395 631
4396 631
4397 631
4398 631
4399 631
4400 631
4401 631
4402 631
4403 632
4404 632
4405 632
4406 632
4407 632
4408 632
4409 632
4410 632
4411 632
4412 633
4413 633
4414 633
4415 633
4416 633
4417 633
4418 633
4419 634
4420 634
4421 634
4422 634
4423 634
4424 634
4425 634
4426 634
4427 634
4428 634
4429 635
4430 635
4431 635
4432 635
4433 635
4434 635
4435 635
4436 636
4437 636
4438 636
4439 636
4440 636
4441 636
4442 636
4443 636
4444 637
4445 637
4446 637
4447 637
4448 637
4449 637
4450 637
4451 637
4452 637
4453 637
4454 638
4455 638
4456 638
4457 638
4458 638
4459 639
4460 639
4461 639
4462 639
4463 639
4464 639
4465 639
4466 639
4467 640
4468 640
4469 640
4470 640
4471 641
4472 642
4473 642
4474 642
4475 642
4476 642
4477 642
4478 642
4479 642
4480 642
4481 642
4482 642
4483 643
4484 643
4485 643
4486 643
4487 644
4488 644
4489 644
4490 644
4491 644
4492 644
4493 644
4494 644
4495 644
4496 645
4497 645
4498 645
4499 645
4500 645
4501 645
4502 645
4503 646
4504 646
4505 646
4506 647
4507 647
4508 647
4509 647
4510 647
4511 647
4512 648
4513 648
4514 648
4515 648
4516 648
4517 648
4518 649
4519 649
4520 649
4521 649
4522 649
4523 649
4524 650
4525 650
4526 650
4527 650
4528 651
4529 651
4530 651
4531 651
4532 651
4533 651
4534 651
4535 652
4536 652
4537 652
4538 652
4539 652
4540 652
4541 652
4542 653
4543 653
4544 653
4545 653
4546 653
4547 653
4548 654
4549 654
4550 654
4551 654
4552 654
4553 654
4554 654
4555 654
4556 654
4557 655
4558 655
4559 655
4560 656
4561 656
4562 656
4563 656
4564 656
4565 656
4566 656
4567 657
4568 657
4569 657
4570 658
4571 658
4572 658
4573 658
4574 659
4575 659
4576 659
4577 659
4578 659
4579 659
4580 659
4581 659
4582 659
4583 660
4584 660
4585 660
4586 660
4587 660
4588 661
4589 661
4590 661
4591 661
4592 661
4593 662
4594 662
4595 662
4596 662
4597 662
4598 662
4599 662
4600 662
4601 662
4602 663
4603 663
4604 663
4605 663
4606 663
4607 663
4608 663
4609 664
4610 664
4611 664
4612 664
4613 664
4614 664
4615 664
4616 664
4617 664
4618 664
4619 665
4620 665
4621 665
4622 665
4623 665
4624 665
4625 665
4626 665
4627 666
4628 666
4629 666
4630 666
4631 666
4632 667
4633 667
4634 667
4635 667
4636 667
4637 667
4638 667
4639 667
4640 667
4641 667
4642 667
4643 667
4644 668
4645 668
4646 668
4647 668
4648 669
4649 669
4650 669
4651 669
4652 669
4653 669
4654 669
4655 669
4656 669
4657 669
4658 669
4659 669
4660 670
4661 670
4662 670
4663 670
4664 670
4665 671
4666 671
4667 671
4668 671
4669 671
4670 671
4671 673
4672 673
4673 673
4674 674
4675 674
4676 674
4677 674
4678 674
4679 674
4680 674
4681 674
4682 674
4683 675
4684 675
4685 675
4686 675
4687 675
4688 675
4689 675
4690 675
4691 676
4692 676
4693 676
4694 676
4695 677
4696 677
4697 677
4698 677
4699 677
4700 678
4701 678
4702 678
4703 678
4704 678
4705 678
4706 678
4707 678
4708 679
4709 679
4710 679
4711 679
4712 679
4713 679
4714 679
4715 680
4716 680
4717 680
4718 680
4719 681
4720 681
4721 681
4722 681
4723 681
4724 681
4725 681
4726 681
4727 681
4728 681
4729 682
4730 682
4731 682
4732 682
4733 682
4734 682
4735 683
4736 683
4737 683
4738 683
4739 683
4740 683
4741 684
4742 684
4743 684
4744 684
4745 684
4746 684
4747 684
4748 684
4749 684
4750 684
4751 684
4752 685
4753 685
4754 685
4755 685
4756 685
4757 685
4758 685
4759 685
4760 685
4761 685
4762 686
4763 686
4764 686
4765 686
4766 686
4767 686
4768 686
4769 687
4770 687
4771 687
4772 687
4773 687
4774 687
4775 687
4776 688
4777 688
4778 688
4779 688
4780 689
4781 689
4782 689
4783 689
4784 689
4785 689
4786 689
4787 689
4788 689
4789 689
4790 689
4791 689
4792 690
4793 690
4794 690
4795 690
4796 691
4797 691
4798 691
4799 691
4800 691
4801 691
4802 692
4803 692
4804 692
4805 692
4806 693
4807 693
4808 693
4809 693
4810 693
4811 693
4812 694
4813 694
4814 694
4815 694
4816 694
4817 694
4818 694
4819 694
4820 695
4821 695
4822 695
4823 695
4824 695
4825 695
4826 695
4827 696
4828 696
4829 697
4830 697
4831 697
4832 697
4833 697
4834 697
4835 697
4836 697
4837 697
4838 698
4839 698
4840 698
4841 698
4842 698
4843 699
4844 699
4845 699
4846 699
4847 700
4848 700
4849 700
4850 700
4851 700
4852 700
4853 700
4854 701
4855 701
4856 701
4857 701
4858 702
4859 702
4860 702
4861 702
4862 702
4863 702
4864 703
4865 703
4866 703
4867 703
4868 704
4869 704
4870 704
4871 704
4872 705
4873 705
4874 705
4875 705
4876 705
4877 705
4878 705
4879 705
4880 706
4881 706
4882 706
4883 706
4884 706
4885 706
4886 707
4887 707
4888 707
4889 707
4890 707
4891 707
4892 707
4893 707
4894 708
4895 708
4896 708
4897 708
4898 708
4899 709
4900 709
4901 709
4902 709
4903 709
4904 709
4905 709
4906 709
4907 709
4908 709
4909 709
4910 709
4911 709
4912 709
4913 710
4914 710
4915 710
4916 711
4917 711
4918 711
4919 712
4920 712
4921 712
4922 712
4923 712
4924 713
4925 713
4926 713
4927 713
4928 713
4929 713
4930 713
4931 713
4932 713
4933 713
4934 713
4935 714
4936 714
4937 714
4938 714
4939 714
4940 714
4941 714
4942 714
4943 714
4944 715
4945 715
4946 715
4947 715
4948 715
4949 716
4950 716
4951 716
4952 716
4953 717
4954 717
4955 717
4956 717
4957 717
4958 717
4959 717
4960 717
4961 718
4962 718
4963 718
4964 718
4965 718
4966 718
4967 719
4968 719
4969 719
4970 719
4971 719
4972 719
4973 719
4974 719
4975 719
4976 719
4977 720
4978 720
4979 720
4980 720
4981 720
4982 721
4983 721
4984 721
4985 721
4986 722
4987 722
4988 722
4989 722
4990 722
4991 722
4992 722
4993 722
4994 723
4995 723
4996 723
4997 723
4998 723
4999 723
5000 723
5001 724
5002 724
5003 724
5004 724
5005 724
5006 724
5007 724
5008 724
5009 724
5010 724
5011 724
5012 724
5013 724
5014 724
5015 724
5016 725
5017 725
5018 725
5019 725
5020 725
5021 725
5022 725
5023 725
5024 725
5025 726
5026 726
5027 726
5028 726
5029 726
5030 726
5031 726
5032 726
5033 727
5034 727
5035 727
5036 727
5037 727
5038 727
5039 728
5040 728
5041 728
5042 728
5043 728
5044 728
5045 728
5046 729
5047 729
5048 729
5049 729
5050 729
5051 729
5052 729
5053 730
5054 730
5055 731
5056 731
5057 731
5058 731
5059 732
5060 732
5061 732
5062 733
5063 733
5064 733
5065 733
5066 733
5067 734
5068 734
5069 734
5070 734
5071 734
5072 734
5073 734
5074 734
5075 735
5076 735
5077 735
5078 735
5079 735
5080 736
5081 736
5082 736
5083 736
5084 736
5085 736
5086 736
5087 736
5088 736
5089 736
5090 736
5091 737
5092 737
5093 737
5094 737
5095 737
5096 737
5097 737
5098 737
5099 737
5100 737
5101 738
5102 738
5103 738
5104 739
5105 739
5106 739
5107 739
5108 739
5109 739
5110 739
5111 739
5112 739
5113 740
5114 740
5115 740
5116 740
5117 740
5118 741
5119 741
5120 741
5121 741
5122 741
5123 741
5124 741
5125 742
5126 742
5127 742
5128 742
5129 742
5130 742
5131 743
5132 743
5133 743
5134 743
5135 743
5136 743
5137 743
5138 743
5139 743
5140 744
5141 744
5142 744
5143 744
5144 744
5145 744
5146 744
5147 744
5148 744
5149 744
5150 744
5151 744
5152 744
5153 744
5154 744
5155 744
5156 745
5157 745
5158 745
5159 745
5160 745
5161 745
5162 745
5163 745
5164 746
5165 746
5166 746
5167 746
5168 746
5169 746
5170 746
5171 747
5172 747
5173 747
5174 747
5175 747
5176 747
5177 748
5178 748
5179 748
5180 748
5181 748
5182 748
5183 749
5184 749
5185 749
5186 749
5187 749
5188 749
5189 749
5190 749
5191 749
5192 749
5193 750
5194 750
5195 750
5196 750
5197 751
5198 751
5199 751
5200 751
5201 752
5202 752
5203 752
5204 752
5205 753
5206 753
5207 753
5208 753
5209 754
5210 754
5211 754
5212 754
5213 754
5214 754
5215 754
5216 755
5217 755
5218 755
5219 755
5220 755
5221 755
5222 756
5223 756
5224 756
5225 756
5226 756
5227 756
5228 756
5229 756
5230 756
5231 756
5232 756
5233 756
5234 756
5235 757
5236 757
5237 757
5238 757
5239 757
5240 757
5241 757
5242 758
5243 758
5244 758
5245 758
5246 759
5247 759
5248 759
5249 759
5250 759
5251 759
5252 759
5253 759
5254 759
5255 759
5256 759
5257 759
5258 759
5259 759
5260 759
5261 759
5262 759
5263 760
5264 760
5265 760
5266 760
5267 760
5268 760
5269 760
5270 760
5271 760
5272 760
5273 761
5274 761
5275 761
5276 761
5277 761
5278 761
5279 761
5280 761
5281 761
5282 762
5283 762
5284 762
5285 762
5286 762
5287 762
5288 762
5289 762
5290 762
5291 763
5292 763
5293 764
5294 764
5295 764
5296 764
5297 764
5298 764
5299 764
5300 764
5301 764
5302 765
5303 765
5304 765
5305 765
5306 765
5307 765
5308 766
5309 766
5310 766
5311 766
5312 766
5313 766
5314 766
5315 766
5316 767
5317 767
5318 767
5319 768
5320 768
5321 768
5322 768
5323 768
5324 769
5325 769
5326 769
5327 769
5328 769
5329 769
5330 769
5331 769
5332 769
5333 769
5334 769
5335 770
5336 770
5337 770
5338 770
5339 770
5340 770
5341 770
5342 770
5343 770
5344 770
5345 771
5346 771
5347 771
5348 771
5349 771
5350 771
5351 771
5352 771
5353 771
5354 772
5355 772
5356 772
5357 772
5358 772
5359 772
5360 772
5361 772
5362 773
5363 773
5364 773
5365 774
5366 774
5367 774
5368 774
5369 774
5370 774
5371 774
5372 774
5373 775
5374 775
5375 775
5376 775
5377 775
5378 775
5379 775
5380 775
5381 776
5382 776
5383 776
5384 776
5385 777
5386 777
5387 777
5388 777
5389 777
5390 777
5391 777
5392 777
5393 777
5394 778
5395 778
5396 778
5397 778
5398 778
5399 778
5400 778
5401 778
5402 778
5403 778
5404 778
5405 778
5406 778
5407 778
5408 779
5409 779
5410 779
5411 779
5412 779
5413 780
5414 780
5415 780
5416 780
5417 780
5418 780
5419 780
5420 780
5421 781
5422 781
5423 781
5424 781
5425 781
5426 781
5427 782
5428 782
5429 782
5430 782
5431 782
5432 783
5433 783
5434 783
5435 783
5436 783
5437 783
5438 783
5439 783
5440 784
5441 784
5442 784
5443 784
5444 784
5445 784
5446 784
5447 784
5448 784
5449 784
5450 784
5451 784
5452 784
5453 784
5454 784
5455 785
5456 785
5457 785
5458 785
5459 785
5460 785
5461 785
5462 785
5463 785
5464 785
5465 785
5466 786
5467 786
5468 786
5469 786
5470 786
5471 786
5472 786
5473 786
5474 786
5475 786
5476 786
5477 786
5478 786
5479 786
5480 786
5481 787
5482 787
5483 787
5484 787
5485 787
5486 787
5487 787
5488 787
5489 787
5490 788
5491 788
5492 788
5493 788
5494 789
5495 789
5496 789
5497 789
5498 790
5499 790
5500 790
5501 791
5502 791
5503 791
5504 791
5505 791
5506 791
5507 791
5508 791
5509 792
5510 792
5511 792
5512 792
5513 792
5514 793
5515 793
5516 793
5517 793
5518 793
5519 794
5520 794
5521 794
5522 794
5523 794
5524 794
5525 794
5526 794
5527 794
5528 795
5529 795
5530 796
5531 797
5532 797
5533 797
5534 798
5535 798
5536 798
5537 798
5538 799
5539 799
5540 799
5541 799
5542 799
5543 800
5544 801
5545 801
5546 801
5547 801
5548 801
5549 802
5550 802
5551 802
5552 802
5553 802
5554 802
5555 802
5556 803
5557 803
5558 803
5559 803
5560 803
5561 803
5562 803
5563 803
5564 803
5565 804
5566 804
5567 804
5568 805
5569 805
5570 805
5571 805
5572 805
5573 805
5574 805
5575 805
5576 805
5577 806
5578 806
5579 806
5580 806
5581 806
5582 806
5583 807
5584 807
5585 808
5586 808
5587 808
5588 808
5589 808
5590 808
5591 809
5592 809
5593 809
5594 809
5595 809
5596 810
5597 810
5598 811
5599 811
5600 811
5601 811
5602 812
5603 812
5604 812
5605 812
5606 812
5607 813
5608 813
5609 813
5610 813
5611 813
5612 814
5613 814
5614 814
5615 814
5616 814
5617 814
5618 814
5619 814
5620 814
5621 814
5622 814
5623 815
5624 815
5625 815
5626 815
5627 815
5628 815
5629 815
5630 815
5631 815
5632 816
5633 816
5634 816
5635 816
5636 816
5637 816
5638 816
5639 816
5640 816
5641 816
5642 817
5643 818
5644 818
5645 818
5646 818
5647 819
5648 819
5649 819
5650 819
5651 819
5652 820
5653 821
5654 821
5655 821
5656 822
5657 822
5658 822
5659 822
5660 822
5661 823
5662 823
5663 823
5664 824
5665 824
5666 825
5667 825
5668 825
5669 825
5670 826
5671 826
5672 826
5673 827
5674 827
5675 827
5676 827
5677 827
5678 827
5679 827
5680 828
5681 828
5682 828
5683 828
5684 828
5685 829
5686 829
5687 829
5688 829
5689 829
5690 829
5691 830
5692 830
5693 830
5694 830
5695 830
5696 830
5697 830
5698 831
5699 831
5700 831
5701 831
5702 831
5703 831
5704 831
5705 831
5706 831
5707 832
5708 832
5709 832
5710 832
5711 832
5712 832
5713 832
5714 833
5715 833
5716 833
5717 833
5718 833
5719 833
5720 834
5721 834
5722 834
5723 834
5724 834
5725 834
5726 834
5727 834
5728 834
5729 834
5730 835
5731 835
5732 835
5733 835
5734 835
5735 835
5736 835
5737 835
5738 835
5739 835
5740 836
5741 836
5742 836
5743 836
5744 836
5745 836
5746 837
5747 837
5748 837
5749 837
5750 837
5751 838
5752 838
5753 838
5754 839
5755 839
5756 839
5757 839
5758 839
5759 839
5760 839
5761 839
5762 839
5763 839
5764 840
5765 840
5766 840
5767 841
5768 841
5769 841
5770 841
5771 841
5772 842
5773 843
5774 843
5775 843
5776 843
5777 843
5778 843
5779 843
5780 844
5781 844
5782 844
5783 844
5784 844
5785 844
5786 844
5787 844
5788 845
5789 845
5790 845
5791 845
5792 845
5793 845
5794 845
5795 845
5796 846
5797 846
5798 846
5799 846
5800 846
5801 846
5802 846
5803 846
5804 846
5805 848
5806 848
5807 848
5808 849
5809 849
5810 849
5811 849
5812 849
5813 849
5814 849
5815 849
5816 849
5817 849
5818 849
5819 849
5820 850
5821 850
5822 850
5823 850
5824 850
5825 850
5826 850
5827 850
5828 850
5829 850
5830 850
5831 850
5832 850
5833 851
5834 851
5835 851
5836 851
5837 852
5838 852
5839 852
5840 852
5841 852
5842 852
5843 852
5844 852
5845 852
5846 853
5847 853
5848 853
5849 853
5850 854
5851 854
5852 854
5853 854
5854 854
5855 854
5856 854
5857 854
5858 854
5859 855
5860 855
5861 855
5862 855
5863 856
5864 856
5865 856
5866 856
5867 857
5868 857
5869 857
5870 857
5871 857
5872 857
5873 858
5874 858
5875 858
5876 858
5877 859
5878 859
5879 859
5880 859
5881 859
5882 859
5883 859
5884 860
5885 860
5886 860
5887 860
5888 861
5889 861
5890 861
5891 861
5892 861
5893 861
5894 862
5895 862
5896 862
5897 862
5898 862
5899 862
5900 862
5901 863
5902 863
5903 863
5904 863
5905 864
5906 864
5907 864
5908 864
5909 864
5910 864
5911 864
5912 864
5913 864
5914 865
5915 865
5916 865
5917 865
5918 865
5919 865
5920 865
5921 866
5922 866
5923 866
5924 866
5925 866
5926 867
5927 867
5928 867
5929 868
5930 868
5931 868
5932 869
5933 869
5934 869
5935 869
5936 869
5937 869
5938 869
5939 870
5940 870
5941 870
5942 870
5943 870
5944 870
5945 871
5946 871
5947 871
5948 871
5949 871
5950 872
5951 872
5952 872
5953 872
5954 872
5955 872
5956 872
5957 872
5958 873
5959 873
5960 873
5961 873
5962 873
5963 873
5964 874
5965 874
5966 874
5967 874
5968 874
5969 874
5970 874
5971 874
5972 875
5973 875
5974 875
5975 875
5976 875
5977 875
5978 875
5979 876
5980 876
5981 876
5982 876
5983 876
5984 877
5985 877
5986 877
5987 877
5988 877
5989 877
5990 877
5991 878
5992 878
5993 878
5994 878
5995 878
5996 878
5997 879
5998 879
5999 879
6000 879
6001 879
6002 879
6003 879
6004 880
6005 880
6006 880
6007 880
6008 880
6009 881
6010 881
6011 881
6012 881
6013 881
6014 881
6015 881
6016 881
6017 882
6018 882
6019 882
6020 882
6021 882
6022 883
6023 883
6024 883
6025 883
6026 883
6027 883
6028 883
6029 884
6030 884
6031 884
6032 884
6033 884
6034 884
6035 884
6036 884
6037 885
6038 885
6039 885
6040 885
6041 885
6042 886
6043 886
6044 886
6045 886
6046 886
6047 887
6048 887
6049 887
6050 887
6051 887
6052 887
6053 887
6054 887
6055 887
6056 887
6057 887
6058 888
6059 888
6060 888
6061 888
6062 888
6063 888
6064 888
6065 888
6066 889
6067 889
6068 889
6069 889
6070 889
6071 889
6072 889
6073 889
6074 889
6075 889
6076 889
6077 890
6078 890
6079 890
6080 891
6081 891
6082 891
6083 891
6084 891
6085 891
6086 891
6087 892
6088 892
6089 892
6090 892
6091 892
6092 892
6093 893
6094 893
6095 893
6096 893
6097 893
6098 894
6099 894
6100 894
6101 894
6102 894
6103 894
6104 894
6105 894
6106 894
6107 894
6108 894
6109 894
6110 894
6111 894
6112 894
6113 894
6114 894
6115 895
6116 895
6117 895
6118 895
6119 895
6120 895
6121 895
6122 895
6123 895
6124 895
6125 895
6126 895
6127 895
6128 896
6129 896
6130 896
6131 896
6132 896
6133 896
6134 896
6135 896
6136 897
6137 897
6138 897
6139 897
6140 897
6141 897
6142 897
6143 897
6144 897
6145 897
6146 898
6147 898
6148 898
6149 898
6150 899
6151 899
6152 899
6153 899
6154 899
6155 899
6156 899
6157 899
6158 899
6159 899
6160 900
6161 900
6162 900
6163 900
6164 900
6165 901
6166 901
6167 901
6168 901
6169 901
6170 901
6171 901
6172 901
6173 902
6174 902
6175 902
6176 902
6177 903
6178 903
6179 903
6180 903
6181 903
6182 903
6183 903
6184 903
6185 904
6186 904
6187 904
6188 904
6189 904
6190 904
6191 904
6192 904
6193 904
6194 904
6195 904
6196 904
6197 904
6198 904
6199 904
6200 904
6201 904
6202 905
6203 905
6204 905
6205 905
6206 905
6207 905
6208 905
6209 905
6210 905
6211 905
6212 905
6213 905
6214 906
6215 906
6216 906
6217 906
6218 906
6219 906
6220 907
6221 907
6222 907
6223 908
6224 908
6225 908
6226 908
6227 908
6228 908
6229 909
6230 909
6231 909
6232 909
6233 910
6234 910
6235 910
6236 910
6237 910
6238 910
6239 910
6240 910
6241 910
6242 911
6243 911
6244 911
6245 911
6246 911
6247 911
6248 911
6249 911
6250 911
6251 912
6252 912
6253 912
6254 912
6255 912
6256 912
6257 912
6258 912
6259 913
6260 913
6261 913
6262 913
6263 913
6264 913
6265 913
6266 913
6267 913
6268 913
6269 914
6270 914
6271 914
6272 914
6273 914
6274 914
6275 914
6276 915
6277 915
6278 915
6279 915
6280 915
6281 915
6282 915
6283 915
6284 915
6285 915
6286 915
6287 916
6288 916
6289 916
6290 916
6291 917
6292 917
6293 917
6294 917
6295 917
6296 918
6297 918
6298 918
6299 918
6300 918
6301 918
6302 918
6303 918
6304 919
6305 919
6306 919
6307 919
6308 919
6309 919
6310 919
6311 920
6312 920
6313 920
6314 920
6315 920
6316 920
6317 921
6318 921
6319 921
6320 921
6321 921
6322 921
6323 921
6324 922
6325 922
6326 922
6327 922
6328 922
6329 923
6330 923
6331 923
6332 924
6333 924
6334 925
6335 925
6336 925
6337 926
6338 926
6339 926
6340 926
6341 926
6342 926
6343 926
6344 926
6345 927
6346 927
6347 927
6348 927
6349 927
6350 927
6351 928
6352 928
6353 928
6354 928
6355 928
6356 928
6357 928
6358 929
6359 929
6360 929
6361 930
6362 930
6363 930
6364 930
6365 930
6366 930
6367 931
6368 931
6369 931
6370 931
6371 931
6372 931
6373 931
6374 931
6375 931
6376 931
6377 931
6378 932
6379 932
6380 932
6381 932
6382 932
6383 932
6384 933
6385 933
6386 933
6387 933
6388 933
6389 934
6390 934
6391 934
6392 934
6393 934
6394 934
6395 935
6396 935
6397 935
6398 935
6399 936
6400 936
6401 936
6402 936
6403 936
6404 936
6405 936
6406 936
6407 937
6408 937
6409 937
6410 937
6411 937
6412 937
6413 937
6414 937
6415 937
6416 938
6417 938
6418 938
6419 938
6420 938
6421 938
6422 938
6423 939
6424 939
6425 939
6426 939
6427 939
6428 939
6429 940
6430 940
6431 940
6432 940
6433 941
6434 941
6435 942
6436 942
6437 942
6438 942
6439 942
6440 942
6441 942
6442 942
6443 943
6444 943
6445 943
6446 944
6447 944
6448 944
6449 944
6450 944
6451 945
6452 945
6453 945
6454 945
6455 945
6456 945
6457 946
6458 946
6459 947
6460 947
6461 948
6462 948
6463 949
6464 949
6465 949
6466 949
6467 949
6468 949
6469 950
6470 950
6471 951
6472 951
6473 951
6474 951
6475 952
6476 953
6477 953
6478 953
6479 953
6480 953
6481 954
6482 954
6483 954
6484 954
6485 954
6486 954
6487 954
6488 954
6489 954
6490 954
6491 956
6492 956
6493 956
6494 956
6495 956
6496 956
6497 956
6498 957
6499 957
6500 957
6501 957
6502 957
6503 958
6504 958
6505 958
6506 958
6507 959
6508 959
6509 959
6510 960
6511 960
6512 960
6513 960
6514 960
6515 961
6516 961
6517 961
6518 962
6519 962
6520 962
6521 962
6522 962
6523 962
6524 963
6525 963
6526 963
6527 963
6528 963
6529 963
6530 963
6531 963
6532 963
6533 964
6534 964
6535 965
6536 965
6537 965
6538 965
6539 966
6540 966
6541 966
6542 967
6543 967
6544 967
6545 967
6546 967
6547 967
6548 967
6549 968
6550 968
6551 968
6552 969
6553 969
6554 969
6555 969
6556 969
6557 969
6558 970
6559 970
6560 970
6561 970
6562 971
6563 971
6564 971
6565 972
6566 972
6567 972
6568 972
6569 972
6570 972
6571 972
6572 972
6573 972
6574 972
6575 973
6576 973
6577 973
6578 973
6579 973
6580 974
6581 974
6582 974
6583 975
6584 975
6585 975
6586 975
6587 976
6588 976
6589 976
6590 976
6591 976
6592 977
6593 977
6594 978
6595 978
6596 978
6597 978
6598 978
6599 978
6600 978
6601 979
6602 979
6603 979
6604 980
6605 980
6606 980
6607 980
6608 981
6609 981
6610 981
6611 981
6612 982
6613 982
6614 982
6615 982
6616 982
6617 983
6618 983
6619 983
6620 983
6621 984
6622 984
6623 984
6624 984
6625 984
6626 985
6627 985
6628 985
6629 986
6630 986
6631 986
6632 987
6633 987
6634 987
6635 988
6636 988
6637 988
6638 988
6639 989
6640 989
6641 989
6642 990
6643 990
6644 991
6645 991
6646 991
6647 991
6648 991
6649 992
6650 992
6651 992
6652 993
6653 993
6654 993
6655 993
6656 993
6657 993
6658 993
6659 993
6660 993
6661 993
6662 994
6663 994
6664 994
6665 994
6666 995
6667 995
6668 995
6669 996
6670 996
6671 996
6672 997
6673 997
6674 997
6675 997
6676 997
6677 997
6678 998
6679 998
6680 998
6681 998
6682 998
6683 998
6684 998
6685 999
6686 999
6687 999
6688 1000
6689 1000
6690 1000
6691 1000
6692 1000
6693 1001
6694 1001
6695 1001
6696 1001
6697 1001
6698 1002
6699 1002
6700 1002
6701 1002
6702 1002
6703 1002
6704 1002
6705 1002
6706 1002
6707 1002
6708 1003
6709 1003
6710 1003
6711 1003
6712 1003
6713 1003
6714 1003
6715 1003
6716 1003
6717 1004
6718 1004
6719 1005
6720 1005
6721 1005
6722 1005
6723 1005
6724 1005
6725 1006
6726 1006
6727 1006
6728 1006
6729 1006
6730 1007
6731 1007
6732 1007
6733 1007
6734 1008
6735 1008
6736 1008
6737 1008
6738 1008
6739 1008
6740 1008
6741 1008
6742 1009
6743 1009
6744 1009
6745 1009
6746 1009
6747 1010
6748 1010
6749 1010
6750 1010
6751 1010
6752 1010
6753 1010
6754 1010
6755 1011
6756 1011
6757 1011
6758 1011
6759 1011
6760 1011
6761 1011
6762 1011
6763 1011
6764 1013
6765 1013
6766 1013
6767 1013
6768 1013
6769 1013
6770 1014
6771 1014
6772 1014
6773 1014
6774 1014
6775 1014
6776 1014
6777 1014
6778 1015
6779 1015
6780 1015
6781 1015
6782 1015
6783 1016
6784 1016
6785 1016
6786 1016
6787 1017
6788 1017
6789 1017
6790 1018
6791 1018
6792 1018
6793 1018
6794 1018
6795 1018
6796 1018
6797 1018
6798 1018
6799 1018
6800 1018
6801 1019
6802 1019
6803 1020
6804 1020
6805 1020
6806 1020
6807 1020
6808 1020
6809 1021
6810 1021
6811 1021
6812 1021
6813 1021
6814 1022
6815 1022
6816 1022
6817 1022
6818 1022
6819 1022
6820 1023
6821 1023
6822 1023
6823 1023
6824 1024
6825 1024
6826 1024
6827 1025
6828 1025
6829 1025
6830 1025
6831 1025
6832 1025
6833 1025
6834 1026
6835 1026
6836 1026
6837 1026
6838 1026
6839 1026
6840 1026
6841 1027
6842 1027
6843 1027
6844 1027
6845 1027
6846 1027
6847 1028
6848 1028
6849 1028
6850 1028
6851 1029
6852 1029
6853 1030
6854 1031
6855 1031
6856 1031
6857 1031
6858 1031
6859 1031
6860 1032
6861 1032
6862 1032
6863 1032
6864 1033
6865 1033
6866 1033
6867 1033
6868 1033
6869 1034
6870 1034
6871 1034
6872 1035
6873 1035
6874 1036
6875 1036
6876 1036
6877 1036
6878 1036
6879 1037
6880 1037
6881 1037
6882 1038
6883 1038
6884 1038
6885 1038
6886 1038
6887 1038
6888 1038
6889 1039
6890 1039
6891 1039
6892 1039
6893 1039
6894 1040
6895 1040
6896 1040
6897 1040
6898 1040
6899 1041
6900 1041
6901 1041
6902 1041
6903 1041
6904 1042
6905 1042
6906 1042
6907 1042
6908 1043
6909 1043
6910 1043
6911 1043
6912 1043
6913 1043
6914 1043
6915 1044
6916 1044
6917 1044
6918 1044
6919 1044
6920 1044
6921 1045
6922 1045
6923 1045
6924 1045
6925 1045
6926 1045
6927 1045
6928 1045
6929 1045
6930 1046
6931 1046
6932 1046
6933 1046
6934 1046
6935 1046
6936 1046
6937 1046
6938 1046
6939 1046
6940 1046
6941 1047
6942 1047
6943 1047
6944 1047
6945 1048
6946 1048
6947 1048
6948 1048
6949 1048
6950 1048
6951 1048
6952 1049
6953 1050
6954 1050
6955 1052
6956 1052
6957 1052
6958 1053
6959 1053
6960 1053
6961 1053
6962 1053
6963 1055
6964 1056
6965 1057
6966 1057
6967 1057
6968 1058
6969 1058
6970 1058
6971 1058
6972 1058
6973 1058
6974 1059
6975 1060
6976 1060
6977 1061
6978 1061
6979 1062
6980 1063
6981 1063
6982 1063
6983 1063
6984 1064
6985 1064
6986 1064
6987 1064
6988 1065
6989 1065
6990 1065
6991 1065
6992 1066
6993 1066
6994 1066
6995 1067
6996 1067
6997 1067
6998 1067
6999 1067
7000 1068
7001 1068
7002 1068
7003 1069
7004 1069
7005 1069
7006 1069
7007 1069
7008 1070
7009 1070
7010 1070
7011 1071
7012 1071
7013 1071
7014 1071
7015 1071
7016 1071
7017 1071
7018 1071
7019 1072
7020 1072
7021 1073
7022 1073
7023 1073
7024 1073
7025 1073
7026 1073
7027 1073
7028 1074
7029 1074
7030 1074
7031 1074
7032 1075
7033 1075
7034 1075
7035 1075
7036 1075
7037 1075
7038 1076
7039 1076
7040 1076
7041 1077
7042 1077
7043 1077
7044 1077
7045 1078
7046 1078
7047 1078
7048 1079
7049 1079
7050 1080
7051 1080
7052 1080
7053 1081
7054 1081
7055 1082
7056 1082
7057 1082
7058 1083
7059 1083
7060 1083
7061 1083
7062 1084
7063 1085
7064 1085
7065 1085
7066 1086
7067 1087
7068 1087
7069 1087
7070 1087
7071 1088
7072 1088
7073 1088
7074 1088
7075 1088
7076 1088
7077 1088
7078 1089
7079 1090
7080 1090
7081 1090
7082 1090
7083 1090
7084 1090
7085 1090
7086 1090
7087 1091
7088 1091
7089 1091
7090 1091
7091 1092
7092 1092
7093 1092
7094 1092
7095 1092
7096 1092
7097 1092
7098 1093
7099 1093
7100 1093
7101 1093
7102 1093
7103 1094
7104 1094
7105 1094
7106 1094
7107 1094
7108 1094
7109 1094
7110 1094
7111 1095
7112 1095
7113 1095
7114 1095
7115 1096
7116 1096
7117 1096
7118 1096
7119 1097
7120 1097
7121 1097
7122 1098
7123 1098
7124 1098
7125 1098
7126 1098
7127 1098
7128 1098
7129 1098
7130 1099
7131 1099
7132 1099
7133 1100
7134 1100
7135 1100
7136 1100
7137 1100
7138 1101
7139 1101
7140 1102
7141 1102
7142 1103
7143 1103
7144 1103
7145 1103
7146 1103
7147 1103
7148 1103
7149 1104
7150 1104
7151 1104
7152 1104
7153 1105
7154 1105
7155 1106
7156 1106
7157 1106
7158 1106
7159 1107
7160 1107
7161 1108
7162 1108
7163 1108
7164 1108
7165 1108
7166 1108
7167 1108
7168 1109
7169 1109
7170 1110
7171 1110
7172 1110
7173 1110
7174 1110
7175 1110
7176 1111
7177 1111
7178 1111
7179 1111
7180 1111
7181 1111
7182 1111
7183 1112
7184 1113
7185 1113
7186 1113
7187 1114
7188 1114
7189 1114
7190 1114
7191 1114
7192 1114
7193 1115
7194 1115
7195 1115
7196 1115
7197 1116
7198 1116
7199 1116
7200 1116
7201 1116
7202 1117
7203 1118
7204 1118
7205 1118
7206 1118
7207 1119
7208 1119
7209 1119
7210 1119
7211 1119
7212 1120
7213 1120
7214 1120
7215 1120
7216 1120
7217 1121
7218 1121
7219 1122
7220 1123
7221 1123
7222 1123
7223 1123
7224 1123
7225 1123
7226 1123
7227 1123
7228 1124
7229 1124
7230 1125
7231 1125
7232 1125
7233 1125
7234 1127
7235 1128
7236 1128
7237 1128
7238 1128
7239 1128
7240 1129
7241 1130
7242 1130
7243 1130
7244 1130
7245 1130
7246 1130
7247 1131
7248 1131
7249 1131
7250 1131
7251 1131
7252 1132
7253 1132
7254 1133
7255 1133
7256 1134
7257 1134
7258 1134
7259 1134
7260 1134
7261 1134
7262 1134
7263 1135
7264 1135
7265 1135
7266 1135
7267 1136
7268 1136
7269 1136
7270 1136
7271 1137
7272 1138
7273 1138
7274 1138
7275 1138
7276 1138
7277 1139
7278 1139
7279 1139
7280 1139
7281 1139
7282 1140
7283 1140
7284 1140
7285 1140
7286 1140
7287 1140
7288 1141
7289 1141
7290 1142
7291 1143
7292 1143
7293 1144
7294 1144
7295 1144
7296 1144
7297 1144
7298 1145
7299 1145
7300 1146
7301 1146
7302 1146
7303 1146
7304 1147
7305 1147
7306 1147
7307 1147
7308 1147
7309 1148
7310 1148
7311 1148
7312 1148
7313 1148
7314 1148
7315 1149
7316 1149
7317 1149
7318 1149
7319 1150
7320 1150
7321 1150
7322 1150
7323 1150
7324 1150
7325 1151
7326 1152
7327 1152
7328 1152
7329 1153
7330 1153
7331 1153
7332 1153
7333 1154
7334 1154
7335 1154
7336 1154
7337 1154
7338 1154
7339 1155
7340 1156
7341 1156
7342 1158
7343 1159
7344 1159
7345 1160
7346 1160
7347 1161
7348 1161
7349 1161
7350 1162
7351 1163
7352 1163
7353 1165
7354 1166
7355 1167
7356 1168
7357 1169
7358 1170
7359 1170
7360 1170
7361 1170
7362 1171
7363 1171
7364 1173
7365 1173
7366 1173
7367 1173
7368 1174
7369 1174
7370 1175
7371 1176
7372 1176
7373 1177
7374 1178
7375 1178
7376 1179
7377 1179
7378 1183
7379 1183
7380 1184
7381 1184
7382 1190
7383 1191
7384 1191
7385 1191
7386 1192
7387 1192
7388 1192
7389 1192
7390 1193
7391 1194
7392 1195
7393 1195
7394 1196
7395 1197
7396 1199
7397 1200
7398 1201
7399 1202
7400 1203
7401 1203
7402 1204
7403 1205
7404 1205
7405 1206
7406 1207
7407 1207
7408 1208
7409 1208
7410 1208
7411 1209
7412 1213
7413 1214
7414 1215
7415 1215
7416 1216
7417 1216
7418 1218
7419 1218
7420 1218
7421 1219
7422 1221
7423 1222
7424 1223
7425 1224
7426 1225
7427 1226
7428 1230
7429 1231
7430 1231
7431 1233
7432 1233
7433 1235
7434 1237
7435 1238
7436 1238
7437 1241
7438 1243
7439 1244
7440 1245
7441 1246
7442 1247
7443 1248
7444 1253
7445 1255
7446 1255
7447 1255
7448 1260
7449 1263
7450 1264
7451 1264
7452 1265
7453 1265
7454 1270
7455 1274
7456 1274
7457 1276
7458 1277
7459 1278
7460 1291
7461 1299
7462 1303
7463 1356
