0 6
1 3
2 6
3 3
4 2
5 2
6 4
7 14
8 11
9 1
10 5
11 4
12 2
13 1
14 3
15 11
16 14
17 11
18 5
19 1
20 4
21 6
22 3
23 1
24 3
25 3
26 7
27 1
28 6
29 0
30 1
31 1
32 1
33 3
34 1
35 14
36 3
37 6
38 10
39 4
40 11
41 1
42 4
43 1
44 6
45 10
46 -1
47 -1
48 8
49 -1
50 10
51 6
52 1
53 6
54 5
55 9
56 0
57 -1
58 0
59 11
60 5
61 10
62 10
63 3
64 0
65 6
66 3
67 1
68 0
69 2
70 3
71 1
72 3
73 3
74 0
75 3
76 14
77 0
78 1
79 7
80 3
81 9
82 1
83 3
84 2
85 3
86 3
87 1
88 7
89 2
90 1
91 0
92 14
93 3
94 12
95 6
96 6
97 0
98 0
99 6
100 10
101 6
102 8
103 4
104 6
105 3
106 6
107 10
108 7
109 1
110 4
111 2
112 2
113 1
114 1
115 14
116 9
117 -1
118 3
119 8
120 11
121 -1
122 3
123 3
124 2
125 6
126 1
127 2
128 6
129 3
130 10
131 1
132 1
133 4
134 5
135 6
136 2
137 6
138 1
139 4
140 8
141 6
142 2
143 6
144 4
145 1
146 1
147 6
148 6
149 9
150 2
151 4
152 6
153 3
154 7
155 4
156 10
157 3
158 1
159 -1
160 10
161 3
162 1
163 1
164 6
165 3
166 -1
167 0
168 3
169 1
170 1
171 -1
172 1
173 13
174 1
175 3
176 3
177 6
178 3
179 2
180 4
181 3
182 6
183 14
184 1
185 1
186 5
187 1
188 0
189 9
190 3
191 1
192 6
193 7
194 3
195 5
196 10
197 -1
198 6
199 6
200 7
201 6
202 10
203 4
204 8
205 3
206 3
207 3
208 5
209 6
210 3
211 3
212 -1
213 6
214 2
215 7
216 7
217 3
218 4
219 3
220 1
221 10
222 2
223 5
224 4
225 12
226 -1
227 7
228 6
229 -1
230 8
231 3
232 6
233 -1
234 10
235 6
236 10
237 4
238 7
239 8
240 1
241 6
242 3
243 3
244 -1
245 3
246 6
247 3
248 3
249 6
250 6
251 10
252 5
253 4
254 7
255 6
256 1
257 1
258 2
259 11
260 10
261 6
262 5
263 3
264 4
265 6
266 3
267 8
268 4
269 1
270 6
271 6
272 8
273 4
274 6
275 -1
276 3
277 1
278 5
279 1
280 1
281 4
282 1
283 3
284 10
285 4
286 1
287 4
288 3
289 7
290 3
291 7
292 4
293 1
294 8
295 6
296 0
297 10
298 3
299 8
300 4
301 5
302 4
303 1
304 4
305 5
306 6
307 10
308 1
309 13
310 6
311 6
312 13
313 6
314 1
315 6
316 9
317 1
318 7
319 4
320 7
321 4
322 6
323 1
324 4
325 6
326 0
327 6
328 1
329 13
330 4
331 1
332 8
333 4
334 7
335 6
336 3
337 8
338 5
339 6
340 3
341 0
342 14
343 1
344 2
345 3
346 6
347 6
348 1
349 3
350 8
351 0
352 -1
353 6
354 3
355 7
356 1
357 6
358 11
359 1
360 -1
361 2
362 3
363 9
364 0
365 10
366 7
367 4
368 11
369 6
370 3
371 -1
372 2
373 10
374 12
375 1
376 6
377 2
378 11
379 4
380 -1
381 4
382 4
383 5
384 11
385 4
386 3
387 8
388 1
389 5
390 4
391 3
392 3
393 8
394 1
395 6
396 3
397 0
398 3
399 3
400 3
401 3
402 2
403 3
404 4
405 3
406 6
407 11
408 3
409 6
410 4
411 2
412 -1
413 1
414 7
415 1
416 2
417 -1
418 8
419 3
420 3
421 7
422 8
423 2
424 3
425 2
426 6
427 2
428 11
429 -1
430 5
431 0
432 1
433 0
434 1
435 6
436 3
437 7
438 6
439 3
440 1
441 13
442 0
443 10
444 1
445 6
446 3
447 4
448 5
449 2
450 4
451 4
452 11
453 3
454 9
455 5
456 10
457 1
458 3
459 7
460 3
461 3
462 7
463 -1
464 10
465 10
466 14
467 4
468 3
469 0
470 2
471 4
472 2
473 10
474 -1
475 1
476 14
477 6
478 9
479 5
480 1
481 1
482 1
483 5
484 1
485 4
486 2
487 6
488 0
489 10
490 3
491 4
492 11
493 4
494 14
495 7
496 6
497 6
498 7
499 8
500 1
501 6
502 3
503 0
504 11
505 3
506 3
507 1
508 6
509 1
510 9
511 13
512 1
513 -1
514 2
515 4
516 4
517 6
518 6
519 -1
520 7
521 3
522 7
523 3
524 7
525 3
526 6
527 1
528 1
529 3
530 0
531 6
532 1
533 3
534 10
535 8
536 3
537 8
538 10
539 1
540 2
541 6
542 8
543 3
544 4
545 3
546 9
547 7
548 0
549 3
550 1
551 4
552 14
553 7
554 14
555 4
556 8
557 10
558 -1
559 1
560 6
561 -1
562 0
563 6
564 2
565 10
566 8
567 6
568 4
569 4
570 11
571 10
572 13
573 9
574 4
575 6
576 3
577 8
578 4
579 1
580 6
581 0
582 1
583 -1
584 3
585 4
586 7
587 1
588 0
589 8
590 11
591 3
592 11
593 10
594 4
595 10
596 -1
597 1
598 8
599 1
600 3
601 1
602 6
603 4
604 11
605 2
606 9
607 3
608 9
609 7
610 3
611 14
612 1
613 3
614 8
615 7
616 3
617 11
618 3
619 -1
620 3
621 1
622 4
623 3
624 1
625 8
626 3
627 -1
628 6
629 6
630 6
631 0
632 -1
633 4
634 6
635 14
636 6
637 2
638 0
639 4
640 2
641 6
642 3
643 1
644 1
645 4
646 6
647 1
648 3
649 10
650 5
651 4
652 1
653 6
654 10
655 -1
656 3
657 4
658 3
659 3
660 1
661 1
662 6
663 6
664 3
665 3
666 3
667 1
668 5
669 6
670 1
671 3
672 0
673 4
674 -1
675 5
676 6
677 1
678 7
679 7
680 6
681 -1
682 1
683 12
684 6
685 1
686 6
687 5
688 2
689 8
690 13
691 1
692 11
693 7
694 3
695 6
696 3
697 1
698 5
699 1
700 8
701 12
702 3
703 -1
704 3
705 1
706 3
707 6
708 8
709 5
710 7
711 10
712 6
713 8
714 9
715 -1
716 9
717 2
718 5
719 1
720 7
721 3
722 9
723 8
724 6
725 6
726 7
727 3
728 6
729 5
730 4
731 3
732 10
733 9
734 4
735 2
736 1
737 5
738 1
739 6
740 2
741 0
742 3
743 9
744 1
745 2
746 8
747 -1
748 6
749 1
750 3
751 1
752 3
753 7
754 1
755 3
756 -1
757 4
758 4
759 8
760 8
761 5
762 3
763 6
764 6
765 -1
766 4
767 5
768 6
769 6
770 0
771 10
772 11
773 -1
774 10
775 3
776 6
777 4
778 6
779 10
780 5
781 11
782 10
783 3
784 4
785 1
786 5
787 3
788 -1
789 3
790 0
791 6
792 1
793 3
794 4
795 12
796 3
797 -1
798 9
799 1
800 9
801 3
802 5
803 5
804 6
805 3
806 5
807 4
808 2
809 1
810 4
811 3
812 10
813 10
814 7
815 11
816 1
817 6
818 0
819 6
820 0
821 14
822 10
823 6
824 13
825 1
826 3
827 3
828 5
829 3
830 7
831 1
832 5
833 9
834 5
835 0
836 1
837 1
838 10
839 10
840 3
841 1
842 1
843 6
844 10
845 5
846 1
847 1
848 10
849 3
850 6
851 11
852 1
853 3
854 3
855 6
856 1
857 10
858 2
859 11
860 4
861 3
862 -1
863 -1
864 6
865 5
866 5
867 6
868 0
869 2
870 7
871 3
872 3
873 1
874 9
875 1
876 11
877 6
878 3
879 8
880 13
881 10
882 5
883 7
884 10
885 -1
886 0
887 5
888 6
889 1
890 6
891 4
892 3
893 6
894 9
895 10
896 6
897 4
898 6
899 6
900 8
901 -1
902 1
903 3
904 4
905 12
906 1
907 6
908 3
909 -1
910 6
911 5
912 1
913 2
914 5
915 3
916 2
917 1
918 10
919 6
920 14
921 1
922 3
923 2
924 3
925 10
926 3
927 0
928 4
929 4
930 9
931 13
932 3
933 3
934 6
935 8
936 1
937 6
938 4
939 9
940 -1
941 4
942 6
943 3
944 9
945 3
946 3
947 12
948 8
949 3
950 4
951 3
952 6
953 1
954 10
955 4
956 8
957 3
958 6
959 10
960 6
961 7
962 3
963 1
964 1
965 5
966 1
967 5
968 6
969 4
970 6
971 2
972 7
973 7
974 6
975 3
976 5
977 10
978 0
979 3
980 2
981 3
982 5
983 1
984 2
985 6
986 6
987 6
988 5
989 2
990 1
991 12
992 1
993 7
994 8
995 1
996 6
997 3
998 6
999 1
1000 3
1001 10
1002 1
1003 5
1004 -1
1005 4
1006 3
1007 0
1008 8
1009 6
1010 1
1011 11
1012 1
1013 1
1014 0
1015 0
1016 14
1017 3
1018 13
1019 10
1020 3
1021 5
1022 6
1023 7
1024 1
1025 2
1026 -1
1027 9
1028 1
1029 -1
1030 8
1031 4
1032 3
1033 1
1034 11
1035 3
1036 5
1037 1
1038 6
1039 3
1040 1
1041 1
1042 1
1043 4
1044 5
1045 3
1046 7
1047 -1
1048 6
1049 11
1050 10
1051 8
1052 3
1053 4
1054 4
1055 2
1056 1
1057 8
1058 4
1059 6
1060 3
1061 1
1062 4
1063 4
1064 4
1065 4
1066 2
1067 6
1068 4
1069 6
1070 6
1071 4
1072 3
1073 4
1074 1
1075 4
1076 10
1077 14
1078 -1
1079 3
1080 1
1081 6
1082 7
1083 0
1084 5
1085 6
1086 3
1087 3
1088 1
1089 3
1090 2
1091 4
1092 3
1093 3
1094 10
1095 1
1096 11
1097 2
1098 1
1099 2
1100 1
1101 1
1102 3
1103 4
1104 6
1105 3
1106 3
1107 9
1108 6
1109 0
1110 -1
1111 14
1112 6
1113 6
1114 10
1115 7
1116 -1
1117 3
1118 0
1119 10
1120 3
1121 8
1122 2
1123 9
1124 14
1125 4
1126 -1
1127 3
1128 6
1129 6
1130 1
1131 5
1132 2
1133 6
1134 5
1135 1
1136 3
1137 11
1138 4
1139 8
1140 2
1141 6
1142 5
1143 13
1144 -1
1145 10
1146 10
1147 6
1148 2
1149 4
1150 4
1151 1
1152 6
1153 1
1154 11
1155 5
1156 8
1157 3
1158 3
1159 8
1160 6
1161 3
1162 1
1163 -1
1164 1
1165 3
1166 2
1167 3
1168 4
1169 10
1170 1
1171 3
1172 6
1173 1
1174 5
1175 1
1176 8
1177 4
1178 3
1179 -1
1180 1
1181 3
1182 0
1183 6
1184 5
1185 6
1186 12
1187 1
1188 3
1189 12
1190 6
1191 3
1192 5
1193 1
1194 13
1195 6
1196 0
1197 8
1198 1
1199 3
1200 6
1201 10
1202 1
1203 6
1204 1
1205 1
1206 4
1207 11
1208 3
1209 4
1210 3
1211 3
1212 3
1213 3
1214 2
1215 6
1216 2
1217 6
1218 1
1219 9
1220 1
1221 3
1222 3
1223 5
1224 6
1225 1
1226 6
1227 3
1228 3
1229 10
1230 8
1231 6
1232 3
1233 7
1234 3
1235 -1
1236 6
1237 5
1238 2
1239 6
1240 2
1241 4
1242 10
1243 6
1244 0
1245 9
1246 3
1247 14
1248 -1
1249 -1
1250 6
1251 3
1252 7
1253 5
1254 2
1255 4
1256 8
1257 3
1258 6
1259 3
1260 3
1261 -1
1262 3
1263 7
1264 5
1265 4
1266 5
1267 14
1268 1
1269 3
1270 0
1271 3
1272 5
1273 3
1274 3
1275 2
1276 4
1277 10
1278 9
1279 7
1280 6
1281 6
1282 8
1283 -1
1284 3
1285 4
1286 14
1287 1
1288 10
1289 6
1290 6
1291 0
1292 7
1293 6
1294 1
1295 14
1296 8
1297 4
1298 3
1299 6
1300 6
1301 3
1302 10
1303 1
1304 3
1305 9
1306 7
1307 6
1308 -1
1309 -1
1310 11
1311 -1
1312 1
1313 6
1314 2
1315 2
1316 10
1317 6
1318 3
1319 11
1320 12
1321 7
1322 10
1323 1
1324 3
1325 3
1326 1
1327 0
1328 12
1329 12
1330 6
1331 1
1332 3
1333 7
1334 3
1335 4
1336 5
1337 8
1338 -1
1339 3
1340 1
1341 3
1342 6
1343 3
1344 2
1345 -1
1346 3
1347 3
1348 10
1349 0
1350 6
1351 6
1352 6
1353 3
1354 3
1355 7
1356 -1
1357 13
1358 7
1359 7
1360 6
1361 2
1362 8
1363 6
1364 6
1365 6
1366 3
1367 1
1368 7
1369 6
1370 -1
1371 3
1372 1
1373 8
1374 7
1375 1
1376 10
1377 5
1378 6
1379 3
1380 3
1381 14
1382 6
1383 0
1384 3
1385 3
1386 1
1387 1
1388 4
1389 1
1390 4
1391 11
1392 6
1393 1
1394 1
1395 6
1396 1
1397 11
1398 3
1399 11
1400 3
1401 3
1402 3
1403 4
1404 -1
1405 3
1406 10
1407 5
1408 5
1409 1
1410 6
1411 10
1412 3
1413 6
1414 3
1415 2
1416 4
1417 -1
1418 -1
1419 9
1420 3
1421 2
1422 6
1423 6
1424 2
1425 0
1426 1
1427 7
1428 3
1429 6
1430 3
1431 4
1432 1
1433 -1
1434 1
1435 7
1436 3
1437 3
1438 -1
1439 4
1440 1
1441 6
1442 7
1443 5
1444 4
1445 9
1446 6
1447 2
1448 6
1449 9
1450 1
1451 1
1452 3
1453 2
1454 3
1455 7
1456 1
1457 6
1458 10
1459 3
1460 -1
1461 3
1462 5
1463 4
1464 6
1465 3
1466 9
1467 12
1468 1
1469 1
1470 4
1471 7
1472 4
1473 0
1474 6
1475 3
1476 6
1477 7
1478 1
1479 -1
1480 6
1481 3
1482 10
1483 1
1484 4
1485 1
1486 2
1487 5
1488 4
1489 1
1490 4
1491 3
1492 5
1493 9
1494 6
1495 1
1496 4
1497 7
1498 1
1499 7
1500 6
1501 6
1502 3
1503 -1
1504 13
1505 8
1506 -1
1507 1
1508 4
1509 4
1510 5
1511 10
1512 2
1513 12
1514 4
1515 6
1516 3
1517 -1
1518 8
1519 3
1520 2
1521 6
1522 9
1523 3
1524 2
1525 3
1526 0
1527 4
1528 3
1529 6
1530 7
1531 3
1532 1
1533 13
1534 1
1535 3
1536 7
1537 6
1538 2
1539 1
1540 0
1541 6
1542 7
1543 6
1544 3
1545 1
1546 4
1547 1
1548 1
1549 2
1550 3
1551 2
1552 12
1553 10
1554 1
1555 11
1556 3
1557 6
1558 8
1559 6
1560 11
1561 4
1562 1
1563 7
1564 3
1565 6
1566 4
1567 8
1568 3
1569 5
1570 5
1571 6
1572 3
1573 3
1574 8
1575 13
1576 5
1577 7
1578 4
1579 3
1580 10
1581 10
1582 -1
1583 1
1584 4
1585 1
1586 7
1587 5
1588 7
1589 9
1590 1
1591 1
1592 4
1593 0
1594 3
1595 -1
1596 5
1597 3
1598 6
1599 6
1600 9
1601 -1
1602 6
1603 5
1604 1
1605 8
1606 1
1607 1
1608 8
1609 10
1610 3
1611 3
1612 6
1613 4
1614 8
1615 3
1616 7
1617 2
1618 3
1619 2
1620 9
1621 6
1622 10
1623 6
1624 7
1625 1
1626 1
1627 6
1628 1
1629 1
1630 0
1631 1
1632 10
1633 6
1634 4
1635 13
1636 4
1637 10
1638 4
1639 3
1640 4
1641 -1
1642 3
1643 6
1644 5
1645 3
1646 6
1647 6
1648 -1
1649 4
1650 -1
1651 1
1652 1
1653 6
1654 6
1655 4
1656 3
1657 3
1658 2
1659 12
1660 8
1661 2
1662 3
1663 4
1664 1
1665 3
1666 8
1667 3
1668 10
1669 6
1670 6
1671 12
1672 0
1673 6
1674 3
1675 1
1676 12
1677 3
1678 11
1679 10
1680 -1
1681 9
1682 4
1683 6
1684 0
1685 10
1686 1
1687 1
1688 2
1689 10
1690 1
1691 9
1692 3
1693 2
1694 1
1695 3
1696 7
1697 8
1698 1
1699 6
1700 4
1701 2
1702 11
1703 1
1704 3
1705 6
1706 1
1707 4
1708 1
1709 2
1710 10
1711 3
1712 0
1713 1
1714 1
1715 3
1716 3
1717 1
1718 3
1719 6
1720 4
1721 5
1722 3
1723 2
1724 4
1725 -1
1726 8
1727 10
1728 10
1729 10
1730 3
1731 1
1732 6
1733 6
1734 14
1735 2
1736 2
1737 1
1738 6
1739 9
1740 12
1741 1
1742 9
1743 6
1744 -1
1745 14
1746 1
1747 6
1748 2
1749 6
1750 4
1751 4
1752 1
1753 5
1754 3
1755 2
1756 7
1757 5
1758 7
1759 7
1760 3
1761 10
1762 1
1763 3
1764 5
1765 3
1766 3
1767 1
1768 1
1769 3
1770 6
1771 0
1772 1
1773 5
1774 4
1775 1
1776 3
1777 4
1778 4
1779 11
1780 6
1781 -1
1782 10
1783 3
1784 1
1785 2
1786 4
1787 -1
1788 6
1789 3
1790 1
1791 5
1792 4
1793 8
1794 6
1795 3
1796 1
1797 9
1798 2
1799 3
1800 1
1801 13
1802 10
1803 2
1804 3
1805 3
1806 6
1807 3
1808 6
1809 6
1810 3
1811 -1
1812 12
1813 6
1814 5
1815 7
1816 3
1817 6
1818 10
1819 0
1820 1
1821 1
1822 0
1823 3
1824 0
1825 1
1826 3
1827 3
1828 8
1829 13
1830 3
1831 3
1832 6
1833 3
1834 6
1835 11
1836 0
1837 2
1838 6
1839 13
1840 -1
1841 6
1842 6
1843 1
1844 3
1845 3
1846 6
1847 6
1848 3
1849 3
1850 1
1851 5
1852 9
1853 3
1854 1
1855 4
1856 6
1857 5
1858 12
1859 4
1860 3
1861 7
1862 5
1863 6
1864 1
1865 0
1866 6
1867 2
1868 2
1869 3
1870 1
1871 8
1872 6
1873 3
1874 12
1875 4
1876 3
1877 -1
1878 8
1879 11
1880 12
1881 4
1882 10
1883 6
1884 4
1885 1
1886 6
1887 4
1888 6
1889 10
1890 1
1891 3
1892 6
1893 3
1894 6
1895 6
1896 14
1897 1
1898 11
1899 1
1900 3
1901 3
1902 1
1903 4
1904 7
1905 0
1906 13
1907 4
1908 1
1909 4
1910 1
1911 5
1912 10
1913 6
1914 5
1915 1
1916 0
1917 5
1918 1
1919 3
1920 3
1921 10
1922 4
1923 3
1924 3
1925 -1
1926 5
1927 -1
1928 7
1929 9
1930 -1
1931 4
1932 5
1933 0
1934 3
1935 5
1936 13
1937 3
1938 1
1939 6
1940 1
1941 4
1942 -1
1943 7
1944 1
1945 1
1946 -1
1947 6
1948 6
1949 3
1950 7
1951 7
1952 6
1953 8
1954 1
1955 3
1956 9
1957 3
1958 5
1959 8
1960 -1
1961 0
1962 6
1963 10
1964 4
1965 3
1966 3
1967 4
1968 6
1969 3
1970 3
1971 3
1972 6
1973 6
1974 6
1975 3
1976 1
1977 6
1978 6
1979 7
1980 8
1981 12
1982 10
1983 3
1984 5
1985 3
1986 0
1987 4
1988 4
1989 4
1990 0
1991 1
1992 1
1993 10
1994 1
1995 1
1996 6
1997 6
1998 5
1999 6
2000 0
2001 13
2002 3
2003 11
2004 7
2005 2
2006 3
2007 2
2008 8
2009 3
2010 1
2011 10
2012 1
2013 1
2014 3
2015 3
2016 3
2017 7
2018 1
2019 3
2020 10
2021 2
2022 6
2023 13
2024 6
2025 2
2026 1
2027 4
2028 10
2029 2
2030 4
2031 7
2032 3
2033 5
2034 3
2035 6
2036 3
2037 1
2038 10
2039 6
2040 1
2041 3
2042 3
2043 1
2044 7
2045 1
2046 -1
2047 1
2048 1
2049 8
2050 -1
2051 10
2052 1
2053 4
2054 3
2055 2
2056 12
2057 -1
2058 1
2059 6
2060 -1
2061 1
2062 4
2063 3
2064 3
2065 3
2066 6
2067 1
2068 14
2069 2
2070 6
2071 7
2072 3
2073 3
2074 1
2075 3
2076 3
2077 10
2078 6
2079 13
2080 2
2081 1
2082 1
2083 10
2084 0
2085 3
2086 3
2087 -1
2088 1
2089 3
2090 8
2091 3
2092 6
2093 6
2094 1
2095 1
2096 8
2097 7
2098 4
2099 6
2100 4
2101 0
2102 11
2103 11
2104 5
2105 6
2106 3
2107 4
2108 4
2109 1
2110 6
2111 4
2112 12
2113 1
2114 13
2115 7
2116 4
2117 6
2118 11
2119 13
2120 6
2121 3
2122 3
2123 5
2124 3
2125 9
2126 1
2127 3
2128 1
2129 10
2130 9
2131 6
2132 0
2133 10
2134 2
2135 3
2136 -1
2137 2
2138 3
2139 5
2140 1
2141 4
2142 3
2143 0
2144 0
2145 10
2146 2
2147 4
2148 -1
2149 6
2150 3
2151 4
2152 6
2153 1
2154 -1
2155 2
2156 4
2157 3
2158 6
2159 9
2160 1
2161 -1
2162 7
2163 5
2164 9
2165 1
2166 3
2167 3
2168 14
2169 3
2170 7
2171 3
2172 10
2173 3
2174 11
2175 3
2176 3
2177 6
2178 6
2179 7
2180 1
2181 1
2182 6
2183 9
2184 1
2185 10
2186 5
2187 6
2188 6
2189 4
2190 7
2191 5
2192 6
2193 10
2194 2
2195 7
2196 2
2197 13
2198 1
2199 2
2200 11
2201 1
2202 7
2203 6
2204 9
2205 1
2206 2
2207 1
2208 5
2209 0
2210 1
2211 8
2212 4
2213 4
2214 6
2215 0
2216 6
2217 1
2218 10
2219 6
2220 4
2221 1
2222 6
2223 1
2224 6
2225 11
2226 5
2227 1
2228 4
2229 7
2230 3
2231 3
2232 9
2233 0
2234 6
2235 10
2236 13
2237 10
2238 11
2239 9
2240 10
2241 0
2242 -1
2243 0
2244 10
2245 3
2246 4
2247 7
2248 5
2249 1
2250 2
2251 6
2252 -1
2253 11
2254 6
2255 0
2256 -1
2257 8
2258 7
2259 8
2260 12
2261 3
2262 1
2263 3
2264 7
2265 1
2266 9
2267 -1
2268 6
2269 4
2270 6
2271 -1
2272 5
2273 3
2274 10
2275 1
2276 10
2277 1
2278 -1
2279 6
2280 3
2281 10
2282 3
2283 3
2284 6
2285 4
2286 6
2287 3
2288 3
2289 6
2290 10
2291 0
2292 4
2293 1
2294 4
2295 6
2296 6
2297 5
2298 8
2299 6
2300 6
2301 6
2302 6
2303 6
2304 9
2305 -1
2306 3
2307 10
2308 5
2309 6
2310 10
2311 1
2312 3
2313 5
2314 3
2315 3
2316 8
2317 6
2318 1
2319 -1
2320 10
2321 10
2322 1
2323 3
2324 13
2325 1
2326 7
2327 -1
2328 0
2329 7
2330 5
2331 3
2332 6
2333 4
2334 11
2335 3
2336 10
2337 1
2338 6
2339 3
2340 1
2341 7
2342 -1
2343 6
2344 3
2345 1
2346 3
2347 7
2348 3
2349 0
2350 13
2351 7
2352 8
2353 1
2354 4
2355 4
2356 3
2357 0
2358 2
2359 13
2360 1
2361 9
2362 6
2363 3
2364 7
2365 3
2366 10
2367 6
2368 1
2369 1
2370 1
2371 6
2372 -1
2373 1
2374 0
2375 1
2376 7
2377 6
2378 3
2379 10
2380 2
2381 1
2382 7
2383 9
2384 8
2385 3
2386 8
2387 14
2388 1
2389 3
2390 3
2391 3
2392 6
2393 0
2394 0
2395 1
2396 6
2397 -1
2398 0
2399 0
2400 5
2401 6
2402 1
2403 8
2404 6
2405 7
2406 3
2407 2
2408 4
2409 8
2410 2
2411 1
2412 5
2413 3
2414 6
2415 -1
2416 3
2417 6
2418 2
2419 8
2420 8
2421 1
2422 -1
2423 6
2424 6
2425 11
2426 3
2427 -1
2428 11
2429 6
2430 8
2431 6
2432 4
2433 9
2434 6
2435 8
2436 6
2437 3
2438 10
2439 1
2440 6
2441 0
2442 2
2443 10
2444 1
2445 9
2446 -1
2447 -1
2448 3
2449 4
2450 3
2451 5
2452 14
2453 2
2454 14
2455 1
2456 1
2457 0
2458 10
2459 2
2460 0
2461 5
2462 6
2463 1
2464 1
2465 6
2466 0
2467 6
2468 3
2469 1
2470 10
2471 6
2472 1
2473 3
2474 8
2475 10
2476 11
2477 3
2478 8
2479 0
2480 6
2481 1
2482 3
2483 1
2484 6
2485 0
2486 7
2487 7
2488 3
2489 10
2490 3
2491 10
2492 7
2493 3
2494 9
2495 6
2496 6
2497 9
2498 0
2499 12
2500 5
2501 4
2502 7
2503 9
2504 1
2505 6
2506 10
2507 11
2508 3
2509 3
2510 3
2511 5
2512 10
2513 4
2514 1
2515 2
2516 3
2517 3
2518 3
2519 1
2520 6
2521 11
2522 7
2523 -1
2524 5
2525 4
2526 3
2527 -1
2528 3
2529 3
2530 5
2531 6
2532 3
2533 8
2534 1
2535 4
2536 1
2537 -1
2538 8
2539 0
2540 7
2541 1
2542 5
2543 10
2544 6
2545 6
2546 6
2547 4
2548 5
2549 10
2550 4
2551 0
2552 6
2553 1
2554 6
2555 5
2556 3
2557 4
2558 9
2559 2
2560 6
2561 5
2562 6
2563 4
2564 3
2565 7
2566 3
2567 1
2568 3
2569 7
2570 7
2571 9
2572 9
2573 0
2574 1
2575 7
2576 1
2577 0
2578 8
2579 4
2580 3
2581 7
2582 1
2583 4
2584 6
2585 9
2586 3
2587 8
2588 0
2589 8
2590 4
2591 11
2592 2
2593 13
2594 6
2595 5
2596 13
2597 6
2598 5
2599 4
2600 11
2601 3
2602 12
2603 1
2604 1
2605 3
2606 5
2607 1
2608 6
2609 6
2610 10
2611 1
2612 4
2613 -1
2614 10
2615 4
2616 8
2617 10
2618 1
2619 3
2620 13
2621 1
2622 8
2623 6
2624 10
2625 2
2626 4
2627 8
2628 7
2629 1
2630 3
2631 5
2632 1
2633 2
2634 3
2635 -1
2636 5
2637 13
2638 0
2639 6
2640 6
2641 1
2642 1
2643 6
2644 7
2645 3
2646 3
2647 6
2648 3
2649 1
2650 4
2651 2
2652 0
2653 6
2654 0
2655 1
2656 0
2657 9
2658 11
2659 3
2660 7
2661 6
2662 4
2663 5
2664 10
2665 8
2666 12
2667 6
2668 7
2669 10
2670 6
2671 6
2672 -1
2673 -1
2674 6
2675 6
2676 4
2677 1
2678 8
2679 0
2680 4
2681 0
2682 2
2683 10
2684 5
2685 0
2686 1
2687 -1
2688 4
2689 5
2690 11
2691 6
2692 -1
2693 8
2694 -1
2695 10
2696 6
2697 7
2698 6
2699 1
2700 1
2701 3
2702 -1
2703 5
2704 -1
2705 6
2706 6
2707 7
2708 6
2709 7
2710 4
2711 10
2712 13
2713 6
2714 1
2715 3
2716 6
2717 3
2718 1
2719 7
2720 3
2721 3
2722 6
2723 1
2724 7
2725 5
2726 4
2727 9
2728 4
2729 3
2730 10
2731 6
2732 9
2733 1
2734 3
2735 4
2736 8
2737 4
2738 -1
2739 1
2740 4
2741 10
2742 0
2743 10
2744 8
2745 11
2746 -1
2747 1
2748 6
2749 2
2750 6
2751 1
2752 -1
2753 1
2754 1
2755 2
2756 6
2757 8
2758 3
2759 1
2760 1
2761 3
2762 -1
2763 6
2764 3
2765 10
2766 6
2767 6
2768 4
2769 3
2770 3
2771 1
2772 7
2773 6
2774 0
2775 3
2776 4
2777 3
2778 14
2779 7
2780 1
2781 1
2782 0
2783 1
2784 5
2785 1
2786 6
2787 1
2788 6
2789 10
2790 3
2791 -1
2792 2
2793 1
2794 10
2795 7
2796 2
2797 13
2798 1
2799 10
2800 3
2801 7
2802 -1
2803 4
2804 6
2805 14
2806 7
2807 0
2808 3
2809 7
2810 -1
2811 3
2812 4
2813 2
2814 6
2815 6
2816 -1
2817 1
2818 1
2819 6
2820 -1
2821 3
2822 3
2823 0
2824 10
2825 5
2826 3
2827 3
2828 3
2829 -1
2830 6
2831 6
2832 6
2833 1
2834 4
2835 5
2836 6
2837 1
2838 7
2839 11
2840 6
2841 3
2842 1
2843 1
2844 10
2845 9
2846 6
2847 -1
2848 4
2849 6
2850 1
2851 6
2852 8
2853 1
2854 7
2855 3
2856 10
2857 10
2858 2
2859 0
2860 -1
2861 9
2862 14
2863 6
2864 9
2865 -1
2866 1
2867 3
2868 1
2869 1
2870 6
2871 3
2872 9
2873 1
2874 3
2875 1
2876 1
2877 3
2878 3
2879 6
2880 6
2881 4
2882 1
2883 6
2884 6
2885 5
2886 6
2887 3
2888 4
2889 4
2890 9
2891 14
2892 -1
2893 4
2894 6
2895 6
2896 6
2897 4
2898 -1
2899 -1
2900 6
2901 7
2902 6
2903 6
2904 3
2905 11
2906 10
2907 12
2908 3
2909 6
2910 7
2911 6
2912 4
2913 3
2914 0
2915 1
2916 12
2917 3
2918 6
2919 7
2920 6
2921 6
2922 9
2923 10
2924 3
2925 3
2926 1
2927 1
2928 4
2929 6
2930 5
2931 1
2932 6
2933 3
2934 4
2935 4
2936 1
2937 2
2938 2
2939 3
2940 3
2941 6
2942 6
2943 4
2944 5
2945 1
2946 1
2947 4
2948 9
2949 3
2950 2
2951 10
2952 1
2953 1
2954 10
2955 3
2956 -1
2957 4
2958 1
2959 6
2960 2
2961 14
2962 0
2963 6
2964 11
2965 7
2966 1
2967 3
2968 1
2969 10
2970 5
2971 4
2972 6
2973 10
2974 0
2975 5
2976 11
2977 6
2978 1
2979 3
2980 9
2981 10
2982 -1
2983 6
2984 9
2985 4
2986 6
2987 6
2988 1
2989 6
2990 -1
2991 1
2992 8
2993 4
2994 3
2995 1
2996 6
2997 3
2998 1
2999 10
3000 -1
3001 4
3002 3
3003 9
3004 8
3005 6
3006 2
3007 4
3008 1
3009 5
3010 6
3011 3
3012 -1
3013 10
3014 7
3015 1
3016 1
3017 3
3018 7
3019 4
3020 5
3021 4
3022 3
3023 4
3024 6
3025 9
3026 1
3027 1
3028 10
3029 3
3030 1
3031 7
3032 1
3033 4
3034 10
3035 1
3036 4
3037 3
3038 11
3039 6
3040 3
3041 3
3042 3
3043 4
3044 4
3045 0
3046 3
3047 2
3048 1
3049 3
3050 8
3051 10
3052 3
3053 1
3054 6
3055 3
3056 3
3057 6
3058 7
3059 1
3060 -1
3061 0
3062 2
3063 4
3064 2
3065 1
3066 3
3067 5
3068 4
3069 6
3070 6
3071 -1
3072 6
3073 2
3074 3
3075 4
3076 11
3077 9
3079 6
3080 9
3081 5
3082 3
3083 3
3084 4
3085 2
3086 10
3087 6
3088 10
3089 1
3090 14
3091 3
3092 2
3093 1
3094 11
3095 4
3096 11
3097 3
3098 6
3099 0
3100 3
3101 1
3102 0
3103 6
3104 3
3105 4
3106 3
3107 3
3108 3
3109 9
3110 0
3111 3
3112 5
3113 7
3114 6
3115 1
3116 4
3117 1
3118 11
3119 10
3120 13
3121 3
3122 6
3123 4
3124 3
3125 11
3126 6
3127 1
3128 3
3129 3
3130 8
3131 3
3132 7
3133 1
3134 -1
3135 -1
3136 1
3137 4
3138 7
3139 1
3140 10
3141 0
3142 7
3143 1
3144 2
3145 6
3146 2
3147 11
3148 6
3149 1
3150 0
3151 11
3152 6
3153 4
3154 10
3155 1
3156 1
3157 8
3158 1
3159 1
3160 9
3161 6
3162 6
3163 3
3164 3
3165 6
3166 12
3167 4
3168 0
3169 4
3170 6
3171 7
3172 3
3173 4
3174 6
3175 1
3176 5
3177 8
3178 6
3179 4
3180 3
3181 2
3182 5
3183 3
3184 5
3185 4
3186 3
3187 8
3188 11
3189 3
3190 11
3191 0
3192 6
3193 11
3194 0
3195 -1
3196 8
3197 5
3198 6
3199 6
3200 8
3201 0
3202 3
3203 10
3204 13
3205 6
3206 2
3207 6
3208 7
3209 3
3210 -1
3211 3
3212 6
3213 6
3214 4
3215 1
3216 1
3217 2
3218 6
3219 1
3220 1
3221 3
3222 1
3223 3
3224 3
3225 1
3226 10
3227 6
3228 1
3229 1
3230 6
3231 3
3232 4
3233 -1
3234 8
3235 11
3236 6
3237 6
3238 3
3239 10
3240 9
3241 4
3242 4
3243 1
3244 9
3245 2
3246 2
3247 3
3248 9
3249 6
3250 11
3251 3
3252 8
3253 3
3254 5
3255 -1
3256 7
3257 13
3258 10
3259 6
3260 0
3261 6
3262 3
3263 7
3264 6
3265 10
3266 1
3267 2
3268 8
3269 6
3270 -1
3271 -1
3272 6
3273 6
3274 8
3275 3
3276 7
3277 5
3278 4
3279 10
3280 1
3281 0
3282 -1
3283 6
3284 2
3285 3
3286 4
3287 3
3288 8
3289 1
3290 6
3291 1
3292 12
3293 -1
3294 0
3295 0
3296 1
3297 6
3298 1
3299 10
3300 7
3301 1
3302 0
3303 3
3304 4
3305 6
3306 7
3307 7
3308 6
3309 6
3310 1
3311 1
3312 3
3313 6
3314 0
3315 10
3316 6
3317 4
3318 2
3319 0
3320 3
3321 0
3322 0
3323 10
3324 -1
3325 1
3326 6
3327 1
3328 4
3329 0
3330 6
3331 1
3332 10
3333 6
3334 10
3335 2
3336 4
3337 9
3338 -1
3339 -1
3340 10
3341 12
3342 9
3343 -1
3344 -1
3345 -1
3346 4
3347 9
3348 10
3349 10
3350 0
3351 6
3352 4
3353 5
3354 5
3355 2
3356 3
3357 11
3358 3
3359 -1
3360 4
3361 6
3362 1
3363 1
3364 3
3365 0
3366 1
3367 1
3368 3
3369 1
3370 1
3371 6
3372 1
3373 9
3374 4
3375 4
3376 3
3377 6
3378 6
3379 3
3380 1
3381 4
3382 4
3383 8
3384 1
3385 3
3386 7
3387 1
3388 10
3389 10
3390 3
3391 1
3392 2
3393 6
3394 3
3395 9
3396 8
3397 3
3398 3
3399 6
3400 10
3401 3
3402 -1
3403 1
3404 1
3405 6
3406 -1
3407 1
3408 6
3409 2
3410 7
3411 -1
3412 -1
3413 3
3414 1
3415 3
3416 -1
3417 0
3418 -1
3419 0
3420 3
3421 3
3422 3
3423 8
3424 0
3425 6
3426 8
3427 6
3428 7
3429 6
3430 4
3431 10
3432 10
3433 3
3434 6
3435 4
3436 3
3437 4
3438 4
3439 6
3440 3
3441 3
3442 0
3443 -1
3444 4
3445 2
3446 1
3447 12
3448 1
3449 1
3450 1
3451 7
3452 1
3453 11
3454 6
3455 6
3456 -1
3457 6
3458 5
3459 1
3460 6
3461 7
3462 3
3463 14
3464 7
3465 6
3466 1
3467 6
3468 6
3469 7
3470 6
3471 10
3472 5
3473 3
3474 7
3475 2
3476 1
3477 3
3478 11
3479 3
3480 3
3481 0
3482 4
3483 3
3484 1
3485 3
3486 1
3487 3
3488 10
3489 -1
3490 6
3491 3
3492 0
3493 3
3494 13
3495 1
3496 6
3497 9
3498 10
3499 6
3500 4
3501 1
3502 0
3503 -1
3504 1
3505 6
3506 14
3507 5
3508 10
3509 6
3510 3
3511 6
3512 3
3513 -1
3514 3
3515 1
3516 6
3517 2
3518 3
3519 1
3520 5
3521 10
3522 3
3523 10
3524 3
3525 12
3526 3
3527 10
3528 3
3529 1
3530 7
3531 4
3532 3
3533 9
3534 3
3535 1
3536 11
3537 2
3538 3
3539 11
3540 8
3541 2
3542 12
3543 8
3544 3
3545 10
3546 2
3547 4
3548 1
3549 9
3550 -1
3551 10
3552 6
3553 5
3554 6
3555 1
3556 1
3557 2
3558 1
3559 4
3560 6
3561 3
3562 3
3563 8
3564 10
3565 0
3566 12
3567 3
3568 8
3569 6
3570 3
3571 1
3572 0
3573 0
3574 -1
3575 10
3576 6
3577 -1
3578 1
3579 7
3580 2
3581 6
3582 7
3583 3
3584 1
3585 1
3586 4
3587 -1
3588 -1
3589 5
3590 0
3591 0
3592 6
3593 6
3594 4
3595 9
3596 -1
3597 3
3598 7
3599 10
3600 3
3601 4
3602 3
3603 6
3604 0
3605 4
3606 -1
3607 3
3608 6
3609 -1
3610 4
3611 2
3612 -1
3613 -1
3614 2
3615 6
3616 2
3617 6
3618 7
3619 8
3620 7
3621 6
3622 0
3623 -1
3624 7
3625 6
3626 5
3627 3
3628 0
3629 3
3630 4
3631 1
3632 2
3633 2
3634 7
3635 9
3636 10
3637 -1
3638 3
3639 6
3640 6
3641 3
3642 -1
3643 10
3644 1
3645 1
3646 2
3647 2
3648 8
3649 -1
3650 5
3651 6
3652 6
3653 7
3654 -1
3655 3
3656 1
3657 6
3658 3
3659 13
3660 9
3661 10
3662 14
3663 7
3664 3
3665 5
3666 3
3667 8
3668 5
3669 3
3670 4
3671 1
3672 8
3673 1
3674 1
3675 4
3676 1
3677 0
3678 2
3679 4
3680 7
3681 2
3682 1
3683 -1
3684 9
3685 7
3686 1
3687 9
3688 -1
3689 3
3690 6
3691 1
3692 10
3693 5
3694 6
3695 3
3696 3
3697 7
3698 3
3699 10
3700 7
3701 6
3702 -1
3703 1
3704 1
3705 6
3706 -1
3707 6
3708 13
3709 12
3710 0
3711 8
3712 4
3713 6
3714 4
3715 5
3716 -1
3717 0
3718 -1
3719 5
3720 8
3721 3
3722 9
3723 1
3724 1
3725 10
3726 3
3727 7
3728 8
3729 1
3730 6
3731 5
3732 3
3733 1
3734 8
3735 -1
3736 3
3737 6
3738 6
3739 6
3740 5
3741 4
3742 9
3743 11
3744 4
3745 6
3746 6
3747 6
3748 8
3749 5
3750 6
3751 12
3752 9
3753 4
3754 0
3755 10
3756 3
3757 1
3758 3
3759 0
3760 9
3761 3
3762 3
3763 3
3764 4
3765 1
3766 8
3767 1
3768 7
3769 4
3770 6
3771 4
3772 6
3773 1
3774 6
3775 4
3776 6
3777 9
3778 6
3779 5
3780 3
3781 3
3782 6
3783 14
3784 10
3785 4
3786 3
3787 2
3788 -1
3789 -1
3790 3
3791 4
3792 9
3793 2
3794 3
3795 1
3796 6
3797 8
3798 3
3799 12
3800 3
3801 3
3802 8
3803 4
3804 1
3805 0
3806 -1
3807 3
3808 10
3809 14
3810 4
3811 5
3812 1
3813 4
3814 2
3815 3
3816 6
3817 10
3818 10
3819 5
3820 4
3821 12
3822 3
3823 1
3824 8
3825 3
3826 7
3827 12
3828 6
3829 3
3830 -1
3831 6
3832 6
3833 3
3834 1
3835 1
3836 2
3837 6
3838 4
3839 2
3840 4
3841 1
3842 6
3843 3
3844 0
3845 3
3846 5
3847 3
3848 8
3849 6
3850 6
3851 1
3852 6
3853 1
3854 2
3855 -1
3856 11
3857 3
3858 3
3859 11
3860 1
3861 5
3862 6
3863 9
3864 7
3865 6
3866 1
3867 0
3868 5
3869 3
3870 6
3871 6
3872 1
3873 4
3874 0
3875 5
3876 3
3877 4
3878 10
3879 3
3880 6
3881 10
3882 11
3883 12
3884 10
3885 6
3886 3
3887 3
3888 14
3889 6
3890 8
3891 11
3892 3
3893 0
3894 3
3895 6
3896 -1
3897 4
3898 7
3899 1
3900 7
3901 2
3902 6
3903 6
3904 4
3905 9
3906 9
3907 6
3908 3
3909 0
3910 6
3911 6
3912 3
3913 4
3914 10
3915 4
3916 3
3917 7
3918 4
3919 7
3920 13
3921 4
3922 1
3923 0
3924 1
3925 8
3926 0
3927 3
3928 6
3929 -1
3930 3
3931 3
3932 1
3933 3
3934 7
3935 10
3936 10
3937 11
3938 5
3939 6
3940 3
3941 1
3942 0
3943 3
3944 10
3945 1
3946 8
3947 1
3948 1
3949 6
3950 7
3951 3
3952 3
3953 5
3954 6
3955 10
3956 0
3957 5
3958 9
3959 9
3960 7
3961 3
3962 -1
3963 1
3964 8
3965 4
3966 -1
3967 6
3968 1
3969 -1
3970 4
3971 2
3972 1
3973 3
3974 1
3975 3
3976 2
3977 1
3978 10
3979 0
3980 3
3981 3
3982 1
3983 8
3984 1
3985 2
3986 1
3987 1
3988 2
3989 2
3990 3
3991 6
3992 0
3993 4
3994 -1
3995 5
3996 3
3997 6
3998 8
3999 10
4000 6
4001 1
4002 2
4003 4
4004 2
4005 1
4006 1
4007 1
4008 2
4009 1
4010 -1
4011 6
4012 4
4013 3
4014 1
4015 6
4016 3
4017 1
4018 11
4019 11
4020 3
4021 1
4022 4
4023 12
4024 1
4025 7
4026 6
4027 3
4028 7
4029 10
4030 6
4031 5
4032 10
4033 3
4034 10
4035 8
4036 -1
4037 -1
4038 14
4039 6
4040 1
4041 2
4042 4
4043 2
4044 3
4045 3
4046 10
4047 -1
4048 10
4049 4
4050 3
4051 -1
4052 6
4053 7
4054 6
4055 10
4056 0
4057 2
4058 3
4059 4
4060 3
4061 6
4062 5
4063 3
4064 3
4065 1
4066 4
4067 7
4068 2
4069 11
4070 6
4071 -1
4072 3
4073 5
4074 10
4075 0
4076 11
4077 3
4078 -1
4079 1
4080 9
4081 1
4082 11
4083 6
4084 3
4085 3
4086 1
4087 1
4088 3
4089 4
4090 3
4091 7
4092 3
4093 4
4094 6
4095 1
4096 6
4097 4
4098 9
4099 -1
4100 7
4101 6
4102 7
4103 6
4104 4
4105 3
4106 10
4107 0
4108 7
4109 6
4110 3
4111 8
4112 3
4113 6
4114 8
4115 13
4116 4
4117 1
4118 4
4119 4
4120 4
4121 3
4122 6
4123 0
4124 6
4125 6
4126 6
4127 3
4128 3
4129 4
4130 3
4131 1
4132 6
4133 -1
4134 1
4135 10
4136 7
4137 4
4138 5
4139 2
4140 5
4141 8
4142 7
4143 6
4144 10
4145 10
4146 -1
4147 1
4148 1
4149 5
4150 8
4151 6
4152 5
4153 -1
4154 1
4155 3
4156 0
4157 0
4158 8
4159 3
4160 6
4161 5
4162 1
4163 5
4164 10
4165 6
4166 2
4167 6
4168 -1
4169 6
4170 8
4171 11
4172 3
4173 4
4174 6
4175 3
4176 6
4177 3
4178 1
4179 2
4180 1
4181 6
4182 10
4183 7
4184 6
4185 1
4186 3
4187 0
4188 1
4189 4
4190 -1
4191 3
4192 3
4193 5
4194 6
4195 5
4196 3
4197 4
4198 4
4199 10
4200 1
4201 6
4202 6
4203 5
4204 3
4205 -1
4206 10
4207 2
4208 1
4209 6
4210 1
4211 3
4212 4
4213 10
4214 2
4215 4
4216 11
4217 3
4218 3
4219 -1
4220 7
4221 6
4222 3
4223 5
4224 3
4225 3
4226 3
4227 5
4228 1
4229 -1
4230 10
4231 1
4232 6
4233 3
4234 4
4235 1
4236 6
4237 2
4238 -1
4239 4
4240 3
4241 8
4242 10
4243 7
4244 1
4245 4
4246 3
4247 7
4248 3
4249 7
4250 3
4251 4
4252 6
4253 -1
4254 4
4255 4
4256 3
4257 3
4258 3
4259 -1
4260 6
4261 12
4262 6
4263 1
4264 6
4265 2
4266 6
4267 1
4268 1
4269 3
4270 8
4271 -1
4272 3
4273 4
4274 3
4275 4
4276 3
4277 7
4278 6
4279 6
4280 2
4281 3
4282 6
4283 3
4284 6
4285 0
4286 10
4287 6
4288 6
4289 1
4290 4
4291 2
4292 1
4293 6
4294 8
4295 4
4296 6
4297 6
4298 1
4299 12
4300 0
4301 10
4302 10
4303 6
4304 10
4305 10
4306 6
4307 6
4308 5
4309 3
4310 0
4311 10
4312 3
4313 2
4314 1
4315 4
4316 11
4317 7
4318 11
4319 3
4320 9
4321 4
4322 12
4323 4
4324 7
4325 4
4326 4
4327 3
4328 6
4329 5
4330 1
4331 4
4332 3
4333 7
4334 2
4335 6
4336 6
4337 6
4338 6
4339 1
4340 7
4341 -1
4342 6
4343 1
4344 10
4345 11
4346 4
4347 6
4348 3
4349 3
4350 13
4351 10
4352 7
4353 1
4354 6
4355 3
4356 2
4357 1
4358 11
4359 6
4360 1
4361 6
4362 10
4363 -1
4364 11
4365 3
4366 -1
4367 9
4368 -1
4369 6
4370 7
4371 4
4372 3
4373 -1
4374 13
4375 5
4376 -1
4377 2
4378 1
4379 3
4380 4
4381 7
4382 10
4383 4
4384 7
4385 4
4386 -1
4387 3
4388 12
4389 1
4390 3
4391 4
4392 3
4393 -1
4394 2
4395 3
4396 10
4397 11
4398 6
4399 1
4400 1
4401 3
4402 1
4403 3
4404 4
4405 6
4406 7
4407 2
4408 12
4409 9
4410 2
4411 10
4412 6
4413 3
4414 1
4415 10
4416 5
4417 5
4418 6
4419 10
4420 5
4421 3
4422 3
4423 5
4424 6
4425 1
4426 1
4427 6
4428 3
4429 2
4430 6
4431 3
4432 5
4433 3
4434 0
4435 6
4436 6
4437 1
4438 7
4439 4
4440 6
4441 6
4442 1
4443 1
4444 3
4445 8
4446 2
4447 0
4448 3
4449 4
4450 6
4451 11
4452 6
4453 1
4454 11
4455 7
4456 -1
4457 4
4458 11
4459 1
4460 -1
4461 10
4462 6
4463 -1
4464 6
4465 0
4466 3
4467 1
4468 3
4469 0
4470 1
4471 6
4472 6
4473 3
4474 8
4475 -1
4476 1
4477 1
4478 4
4479 1
4480 7
4481 4
4482 12
4483 1
4484 8
4485 6
4486 3
4487 6
4488 8
4489 6
4490 13
4491 0
4492 4
4493 6
4494 3
4495 6
4496 0
4497 0
4498 5
4499 3
4500 1
4501 7
4502 1
4503 -1
4504 4
4505 5
4506 3
4507 4
4508 0
4509 4
4510 5
4511 -1
4512 3
4513 6
4514 5
4515 7
4516 6
4517 2
4518 -1
4519 2
4520 3
4521 -1
4522 6
4523 6
4524 1
4525 0
4526 4
4527 8
4528 6
4529 2
4530 0
4531 1
4532 6
4533 3
4534 3
4535 11
4536 4
4537 4
4538 4
4539 7
4540 3
4541 3
4542 0
4543 0
4544 6
4545 9
4546 1
4547 3
4548 1
4549 2
4550 6
4551 0
4552 -1
4553 4
4554 7
4555 1
4556 3
4557 4
4558 1
4559 11
4560 5
4561 7
4562 6
4563 1
4564 2
4565 3
4566 6
4567 3
4568 1
4569 1
4570 4
4571 1
4572 7
4573 6
4574 3
4575 6
4576 5
4577 6
4578 9
4579 0
4580 11
4581 7
4582 1
4583 3
4584 3
4585 6
4586 3
4587 6
4588 2
4589 3
4590 3
4591 4
4592 8
4593 1
4594 7
4595 6
4596 -1
4597 3
4598 10
4599 3
4600 6
4601 4
4602 1
4603 -1
4604 4
4605 5
4606 4
4607 0
4608 6
4609 3
4610 11
4611 2
4612 4
4613 10
4614 4
4615 3
4616 13
4617 12
4618 11
4619 6
4620 3
4621 1
4622 3
4623 7
4624 1
4625 9
4626 3
4627 4
4628 14
4629 6
4630 -1
4631 0
4632 3
4633 10
4634 4
4635 10
4636 3
4637 1
4638 11
4639 6
4640 11
4641 8
4642 1
4643 -1
4644 0
4645 6
4646 0
4647 1
4648 4
4649 9
4650 1
4651 5
4652 3
4653 3
4654 4
4655 4
4656 2
4657 14
4658 4
4659 6
4660 -1
4661 6
4662 7
4663 0
4664 1
4665 4
4666 9
4667 1
4668 3
4669 3
4670 4
4671 10
4672 1
4673 3
4674 6
4675 2
4676 0
4677 1
4678 0
4679 3
4680 1
4681 3
4682 -1
4683 1
4684 3
4685 10
4686 7
4687 1
4688 -1
4689 1
4690 8
4691 11
4692 6
4693 6
4694 5
4695 -1
4696 1
4697 4
4698 6
4699 7
4700 1
4701 10
4702 6
4703 0
4704 6
4705 6
4706 4
4707 3
4708 -1
4709 14
4710 6
4711 0
4712 4
4713 6
4714 3
4715 1
4716 8
4717 7
4718 10
4719 5
4720 5
4721 4
4722 6
4723 7
4724 4
4725 3
4726 3
4727 8
4728 4
4729 -1
4730 6
4731 4
4732 1
4733 -1
4734 1
4735 6
4736 4
4737 2
4738 6
4739 1
4740 0
4741 6
4742 5
4743 6
4744 3
4745 12
4746 6
4747 14
4748 0
4749 0
4750 -1
4751 10
4752 10
4753 -1
4754 3
4755 1
4756 1
4757 10
4758 -1
4759 9
4760 12
4761 3
4762 6
4763 -1
4764 8
4765 3
4766 3
4767 13
4768 3
4769 6
4770 5
4771 6
4772 3
4773 3
4774 -1
4775 4
4776 6
4777 10
4778 3
4779 3
4780 0
4781 2
4782 6
4783 4
4784 8
4785 6
4786 6
4787 -1
4788 6
4789 1
4790 3
4791 8
4792 13
4793 0
4794 0
4795 3
4796 6
4797 7
4798 3
4799 3
4800 0
4801 4
4802 3
4803 1
4804 8
4805 8
4806 1
4807 1
4808 0
4809 6
4810 1
4811 1
4812 1
4813 3
4814 6
4815 3
4816 4
4817 6
4818 2
4819 6
4820 6
4821 6
4822 4
4823 4
4824 1
4825 7
4826 3
4827 1
4828 4
4829 6
4830 7
4831 12
4832 3
4833 1
4834 1
4835 6
4836 3
4837 8
4838 6
4839 9
4840 -1
4841 6
4842 4
4843 12
4844 6
4845 0
4846 3
4847 2
4848 6
4849 4
4850 3
4851 8
4852 10
4853 6
4854 6
4855 6
4856 3
4857 4
4858 13
4859 1
4860 8
4861 3
4862 10
4863 4
4864 4
4865 -1
4866 9
4867 9
4868 4
4869 6
4870 1
4871 11
4872 10
4873 3
4874 1
4875 10
4876 9
4877 -1
4878 0
4879 6
4880 9
4881 2
4882 -1
4883 10
4884 6
4885 11
4886 0
4887 1
4888 1
4889 3
4890 -1
4891 1
4892 8
4893 3
4894 -1
4895 1
4896 10
4897 6
4898 6
4899 6
4900 1
4901 3
4902 6
4903 7
4904 4
4905 1
4906 1
4907 10
4908 3
4909 8
4910 14
4911 4
4912 7
4913 7
4914 7
4915 6
4916 12
4917 3
4918 2
4919 1
4920 11
4921 9
4922 2
4923 6
4924 4
4925 1
4926 3
4927 10
4928 0
4929 7
4930 6
4931 6
4932 1
4933 10
4934 2
4935 10
4936 2
4937 3
4938 6
4939 3
4940 6
4941 7
4942 3
4943 3
4944 3
4945 4
4946 1
4947 2
4948 2
4949 5
4950 0
4951 13
4952 5
4953 4
4954 3
4955 -1
4956 9
4957 6
4958 3
4959 3
4960 3
4961 1
4962 3
4963 -1
4964 -1
4965 0
4966 1
4967 11
4968 3
4969 6
4970 4
4971 11
4972 4
4973 4
4974 2
4975 3
4976 3
4977 3
4978 4
4979 3
4980 12
4981 6
4982 3
4983 3
4984 6
4985 10
4986 3
4987 3
4988 1
4989 6
4990 8
4991 0
4992 3
4993 3
4994 -1
4995 1
4996 9
4997 1
4998 12
4999 4
5000 3
5001 1
5002 8
5003 6
5004 2
5005 1
5006 1
5007 1
5008 6
5009 7
5010 4
5011 10
5012 6
5013 1
5014 13
5015 1
5016 14
5017 6
5018 10
5019 1
5020 1
5021 6
5022 6
5023 1
5024 11
5025 3
5026 1
5027 5
5028 12
5029 1
5030 6
5031 3
5032 6
5033 4
5034 6
5035 3
5036 4
5037 6
5038 6
5039 3
5040 8
5041 11
5042 3
5043 3
5044 -1
5045 6
5046 1
5047 0
5048 1
5049 1
5050 3
5051 -1
5052 10
5053 2
5054 6
5055 1
5056 3
5057 3
5058 1
5059 1
5060 10
5061 6
5062 1
5063 3
5064 10
5065 6
5066 8
5067 1
5068 3
5069 5
5070 6
5071 1
5072 1
5073 5
5074 6
5075 9
5076 5
5077 9
5078 4
5079 9
5080 0
5081 12
5082 7
5083 -1
5084 7
5085 3
5086 6
5087 11
5088 10
5089 0
5090 12
5091 11
5092 2
5093 -1
5094 4
5095 0
5096 1
5097 6
5098 1
5099 2
5100 -1
5101 5
5102 3
5103 1
5104 0
5105 2
5106 6
5107 4
5108 4
5109 4
5110 7
5111 6
5112 5
5113 4
5114 6
5115 3
5116 6
5117 1
5118 7
5119 3
5120 3
5121 1
5122 3
5123 -1
5124 8
5125 6
5126 3
5127 10
5128 4
5129 3
5130 6
5131 1
5132 4
5133 13
5134 1
5135 1
5136 7
5137 6
5138 5
5139 10
5140 12
5141 6
5142 3
5143 4
5144 0
5145 4
5146 4
5147 4
5148 7
5149 4
5150 6
5151 3
5152 10
5153 9
5154 6
5155 1
5156 6
5157 12
5158 10
5159 10
5160 3
5161 -1
5162 3
5163 8
5164 10
5165 7
5166 3
5167 4
5168 8
5169 -1
5170 7
5171 3
5172 6
5173 10
5174 1
5175 8
5176 3
5177 6
5178 4
5179 6
5180 6
5181 1
5182 10
5183 13
5184 10
5185 6
5186 3
5187 6
5188 1
5189 1
5190 5
5191 -1
5192 1
5193 -1
5194 6
5195 0
5196 2
5197 9
5198 -1
5199 6
5200 6
5201 4
5202 7
5203 3
5204 6
5205 8
5206 10
5207 1
5208 11
5209 3
5210 8
5211 3
5212 6
5213 8
5214 3
5215 1
5216 2
5217 4
5218 5
5219 3
5220 4
5221 4
5222 6
5223 -1
5224 9
5225 6
5226 1
5227 6
5228 6
5229 1
5230 14
5231 3
5232 6
5233 7
5234 3
5235 3
5236 6
5237 8
5238 5
5239 4
5240 3
5241 6
5242 10
5243 3
5244 1
5245 3
5246 -1
5247 6
5248 1
5249 4
5250 14
5251 3
5252 6
5253 1
5254 3
5255 1
5256 4
5257 0
5258 2
5259 -1
5260 2
5261 9
5262 -1
5263 8
5264 -1
5265 1
5266 7
5267 6
5268 -1
5269 1
5270 4
5271 14
5272 3
5273 6
5274 3
5275 4
5276 6
5277 2
5278 6
5279 8
5280 3
5281 4
5282 3
5283 9
5284 4
5285 -1
5286 5
5287 4
5288 7
5289 3
5290 3
5291 9
5292 5
5293 1
5294 -1
5295 0
5296 3
5297 6
5298 6
5299 3
5300 1
5301 6
5302 6
5303 11
5304 3
5305 12
5306 2
5307 4
5308 14
5309 6
5310 4
5311 5
5312 0
5313 2
5314 6
5315 3
5316 6
5317 3
5318 6
5319 1
5320 4
5321 -1
5322 6
5323 5
5324 9
5325 13
5326 3
5327 10
5328 10
5329 10
5330 1
5331 1
5332 -1
5333 5
5334 -1
5335 6
5336 8
5337 3
5338 2
5339 3
5340 -1
5341 6
5342 1
5343 7
5344 3
5345 3
5346 6
5347 6
5348 10
5349 8
5350 8
5351 7
5352 4
5353 -1
5354 3
5355 2
5356 8
5357 5
5358 6
5359 13
5360 1
5361 1
5362 4
5363 3
5364 3
5365 6
5366 3
5367 1
5368 4
5369 14
5370 4
5371 -1
5372 6
5373 9
5374 4
5375 7
5376 3
5377 3
5378 6
5379 6
5380 0
5381 1
5382 6
5383 12
5384 4
5385 6
5386 3
5387 3
5388 4
5389 1
5390 4
5391 9
5392 6
5393 6
5394 11
5395 4
5396 3
5397 0
5398 1
5399 1
5400 -1
5401 3
5402 3
5403 -1
5404 -1
5405 6
5406 14
5407 2
5408 3
5409 1
5410 1
5411 6
5412 9
5413 1
5414 6
5415 4
5416 1
5417 6
5418 9
5419 3
5420 8
5421 5
5422 8
5423 1
5424 7
5425 6
5426 12
5427 4
5428 7
5429 7
5430 -1
5431 3
5432 3
5433 6
5434 6
5435 10
5436 0
5437 6
5438 3
5439 10
5440 3
5441 3
5442 3
5443 7
5444 -1
5445 9
5446 3
5447 4
5448 -1
5449 1
5450 1
5451 14
5452 3
5453 10
5454 3
5455 2
5456 6
5457 7
5458 6
5459 2
5460 2
5461 3
5462 10
5463 -1
5464 3
5465 4
5466 4
5467 2
5468 3
5469 3
5470 2
5471 10
5472 1
5473 1
5474 6
5475 3
5476 0
5477 -1
5478 1
5479 3
5480 6
5481 1
5482 3
5483 2
5484 2
5485 7
5486 1
5487 3
5488 3
5489 8
5490 4
5491 4
5492 10
5493 10
5494 7
5495 8
5496 1
5497 2
5498 -1
5499 1
5500 3
5501 6
5502 1
5503 1
5504 6
5505 8
5506 6
5507 6
5508 1
5509 0
5510 3
5511 -1
5512 1
5513 1
5514 7
5515 3
5516 0
5517 8
5518 10
5519 6
5520 9
5521 4
5522 6
5523 10
5524 10
5525 0
5526 2
5527 3
5528 8
5529 1
5530 7
5531 3
5532 3
5533 7
5534 -1
5535 4
5536 3
5537 3
5538 -1
5539 3
5540 8
5541 3
5542 3
5543 13
5544 3
5545 8
5546 1
5547 -1
5548 1
5549 3
5550 6
5551 9
5552 5
5553 0
5554 7
5555 13
5556 4
5557 1
5558 6
5559 8
5560 4
5561 4
5562 4
5563 1
5564 1
5565 3
5566 4
5567 8
5568 1
5569 9
5570 3
5571 2
5572 6
5573 2
5574 1
5575 11
5576 5
5577 1
5578 -1
5579 1
5580 -1
5581 -1
5582 6
5583 6
5584 4
5585 0
5586 6
5587 0
5588 3
5589 7
5590 6
5591 3
5592 6
5593 0
5594 3
5595 6
5596 9
5597 7
5598 3
5599 0
5600 1
5601 0
5602 6
5603 6
5604 3
5605 3
5606 1
5607 13
5608 4
5609 1
5610 9
5611 10
5612 3
5613 1
5614 6
5615 1
5616 3
5617 4
5618 4
5619 0
5620 3
5621 2
5622 3
5623 7
5624 6
5625 8
5626 3
5627 6
5628 3
5629 4
5630 7
5631 0
5632 5
5633 11
5634 3
5635 6
5636 7
5637 5
5638 -1
5639 12
5640 3
5641 4
5642 1
5643 1
5644 0
5645 4
5646 6
5647 2
5648 7
5649 -1
5650 5
5651 6
5652 1
5653 1
5654 4
5655 9
5656 -1
5657 3
5658 1
5659 6
5660 10
5661 0
5662 2
5663 2
5664 1
5665 7
5666 4
5667 4
5668 3
5669 8
5670 6
5671 5
5672 10
5673 11
5674 7
5675 7
5676 6
5677 6
5678 3
5679 6
5680 1
5681 6
5682 7
5683 3
5684 2
5685 7
5686 14
5687 4
5688 6
5689 -1
5690 4
5691 6
5692 3
5693 13
5694 1
5695 10
5696 6
5697 3
5698 13
5699 4
5700 1
5701 4
5702 3
5703 3
5704 7
5705 6
5706 0
5707 3
5708 9
5709 4
5710 4
5711 4
5712 6
5713 3
5714 11
5715 1
5716 11
5717 10
5718 1
5719 1
5720 1
5721 2
5722 6
5723 3
5724 -1
5725 -1
5726 7
5727 -1
5728 2
5729 6
5730 5
5731 6
5732 4
5733 7
5734 3
5735 11
5736 5
5737 12
5738 10
5739 6
5740 7
5741 6
5742 1
5743 0
5744 6
5745 0
5746 4
5747 4
5748 3
5749 1
5750 12
5751 3
5752 4
5753 4
5754 -1
5755 10
5756 9
5757 6
5758 1
5759 3
5760 6
5761 7
5762 3
5763 8
5764 10
5765 0
5766 3
5767 9
5768 10
5769 6
5770 6
5771 6
5772 3
5773 3
5774 3
5775 10
5776 5
5777 6
5778 1
5779 4
5780 6
5781 3
5782 1
5783 1
5784 1
5785 10
5786 4
5787 3
5788 4
5789 7
5790 3
5791 6
5792 1
5793 6
5794 1
5795 5
5796 6
5797 1
5798 11
5799 5
5800 13
5801 3
5802 11
5803 2
5804 1
5805 3
5806 8
5807 6
5808 5
5809 9
5810 4
5811 3
5812 6
5813 1
5814 -1
5815 -1
5816 3
5817 12
5818 5
5819 10
5820 10
5821 2
5822 6
5823 13
5824 6
5825 3
5826 1
5827 5
5828 4
5829 -1
5830 8
5831 6
5832 14
5833 7
5834 4
5835 1
5836 7
5837 9
5838 1
5839 4
5840 9
5841 3
5842 1
5843 13
5844 1
5845 3
5846 5
5847 9
5848 7
5849 11
5850 1
5851 0
5852 14
5853 3
5854 6
5855 4
5856 2
5857 6
5858 1
5859 8
5860 10
5861 4
5862 2
5863 1
5864 6
5865 5
5866 6
5867 2
5868 -1
5869 2
5870 2
5871 4
5872 1
5873 10
5874 2
5875 3
5876 -1
5877 1
5878 1
5879 10
5880 6
5881 2
5882 4
5883 0
5884 12
5885 1
5886 1
5887 2
5888 13
5889 10
5890 3
5891 3
5892 6
5893 -1
5894 10
5895 3
5896 6
5897 6
5898 9
5899 6
5900 1
5901 4
5902 -1
5903 -1
5904 3
5905 10
5906 3
5907 6
5908 6
5909 -1
5910 6
5911 3
5912 6
5913 1
5914 3
5915 9
5916 -1
5917 6
5918 6
5919 3
5920 3
5921 4
5922 6
5923 8
5924 7
5925 5
5926 6
5927 4
5928 3
5929 10
5930 1
5931 6
5932 1
5933 1
5934 6
5935 5
5936 1
5937 6
5938 6
5939 -1
5940 -1
5941 2
5942 -1
5943 6
5944 6
5945 2
5946 9
5947 4
5948 2
5949 1
5950 1
5951 5
5952 1
5953 6
5954 11
5955 6
5956 8
5957 6
5958 10
5959 6
5960 5
5961 8
5962 5
5963 3
5964 6
5965 1
5966 3
5967 -1
5968 5
5969 0
5970 4
5971 6
5972 3
5973 3
5974 1
5975 6
5976 1
5977 -1
5978 11
5979 6
5980 3
5981 5
5982 3
5983 0
5984 3
5985 1
5986 14
5987 2
5988 3
5989 0
5990 7
5991 0
5992 4
5993 6
5994 0
5995 -1
5996 2
5997 14
5998 3
5999 1
6000 7
6001 5
6002 11
6003 2
6004 3
6005 3
6006 1
6007 3
6008 7
6009 1
6010 3
6011 1
6012 1
6013 7
6014 10
6015 1
6016 7
6017 3
6018 8
6019 4
6020 3
6021 6
6022 6
6023 8
6024 9
6025 6
6026 3
6027 -1
6028 -1
6029 5
6030 2
6031 6
6032 12
6033 -1
6034 6
6035 6
6036 6
6037 1
6038 5
6039 2
6040 4
6041 2
6042 4
6043 4
6044 7
6045 3
6046 -1
6047 10
6048 7
6049 10
6050 11
6051 7
6052 7
6053 2
6054 7
6055 10
6056 6
6057 1
6058 6
6059 0
6060 -1
6061 1
6062 11
6063 1
6064 3
6065 -1
6066 8
6067 8
6068 4
6069 4
6070 10
6071 0
6072 3
6073 6
6074 13
6075 1
6076 6
6077 1
6078 2
6079 3
6080 2
6081 0
6082 3
6083 5
6084 3
6085 4
6086 6
6087 1
6088 3
6089 4
6090 10
6091 3
6092 0
6093 6
6094 -1
6095 1
6096 1
6097 7
6098 4
6099 1
6100 6
6101 -1
6102 3
6103 7
6104 9
6105 2
6106 1
6107 4
6108 14
6109 2
6110 2
6111 6
6112 6
6113 6
6114 13
6115 1
6116 8
6117 1
6118 1
6119 2
6120 2
6121 -1
6122 1
6123 9
6124 1
6125 6
6126 4
6127 4
6128 7
6129 4
6130 -1
6131 7
6132 10
6133 4
6134 5
6135 1
6136 6
6137 6
6138 6
6139 4
6140 0
6141 3
6142 4
6143 4
6144 6
6145 -1
6146 1
6147 10
6148 6
6149 3
6150 1
6151 6
6152 8
6153 11
6154 2
6155 0
6156 6
6157 4
6158 0
6159 -1
6160 5
6161 6
6162 10
6163 2
6164 4
6165 4
6166 12
6167 8
6168 -1
6169 3
6170 8
6171 2
6172 11
6173 3
6174 3
6175 1
6176 6
6177 4
6178 4
6179 6
6180 6
6181 5
6182 6
6183 1
6184 4
6185 3
6186 6
6187 11
6188 -1
6189 3
6190 1
6191 2
6192 6
6193 10
6194 6
6195 1
6196 3
6197 4
6198 10
6199 4
6200 3
6201 3
6202 6
6203 6
6204 3
6205 6
6206 1
6207 4
6208 7
6209 6
6210 7
6211 11
6212 1
6213 11
6214 1
6215 2
6216 10
6217 7
6218 6
6219 5
6220 0
6221 4
6222 9
6223 6
6224 2
6225 -1
6226 7
6227 6
6228 10
6229 1
6230 4
6231 13
6232 1
6233 13
6234 6
6235 1
6236 2
6237 0
6238 1
6239 4
6240 6
6241 1
6242 6
6243 2
6244 7
6245 6
6246 2
6247 -1
6248 1
6249 6
6250 3
6251 6
6252 2
6253 1
6254 10
6255 -1
6256 1
6257 3
6258 4
6259 6
6260 0
6261 1
6262 11
6263 6
6264 3
6265 5
6266 0
6267 4
6268 3
6269 4
6270 10
6271 11
6272 3
6273 3
6274 4
6275 6
6276 1
6277 5
6278 6
6279 11
6280 10
6281 -1
6282 0
6283 4
6284 -1
6285 3
6286 6
6287 -1
6288 1
6289 5
6290 11
6291 1
6292 8
6293 6
6294 3
6295 1
6296 5
6297 2
6298 1
6299 9
6300 3
6301 10
6302 8
6303 1
6304 6
6305 8
6306 4
6307 6
6308 10
6309 6
6310 0
6311 13
6312 0
6313 5
6314 0
6315 0
6316 6
6317 6
6318 10
6319 -1
6320 4
6321 0
6322 3
6323 10
6324 3
6325 8
6326 6
6327 -1
6328 -1
6329 5
6330 1
6331 14
6332 -1
6333 6
6334 14
6335 6
6336 0
6337 10
6338 10
6339 7
6340 3
6341 4
6342 4
6343 6
6344 5
6345 1
6346 -1
6347 6
6348 1
6349 2
6350 4
6351 4
6352 9
6353 6
6354 8
6355 1
6356 6
6357 7
6358 3
6359 7
6360 -1
6361 2
6362 4
6363 0
6364 1
6365 3
6366 6
6367 3
6368 7
6369 0
6370 5
6371 3
6372 6
6373 3
6374 3
6375 3
6376 0
6377 1
6378 10
6379 3
6380 7
6381 11
6382 -1
6383 14
6384 4
6385 1
6386 3
6387 -1
6388 6
6389 3
6390 6
6391 1
6392 0
6393 3
6394 3
6395 1
6396 -1
6397 6
6398 6
6399 6
6400 3
6401 1
6402 2
6403 6
6404 -1
6405 3
6406 4
6407 5
6408 1
6409 8
6410 -1
6411 1
6412 12
6413 9
6414 5
6415 6
6416 3
6417 3
6418 4
6419 10
6420 -1
6421 6
6422 10
6423 10
6424 2
6425 3
6426 5
6427 8
6428 1
6429 7
6430 2
6431 6
6432 11
6433 1
6434 4
6435 9
6436 13
6437 5
6438 14
6439 6
6440 8
6441 9
6442 7
6443 -1
6444 6
6445 6
6446 4
6447 3
6448 3
6449 9
6450 9
6451 6
6452 -1
6453 -1
6454 0
6455 4
6456 6
6457 4
6458 10
6459 3
6460 2
6461 6
6462 -1
6463 3
6464 5
6465 4
6466 3
6467 2
6468 6
6469 1
6470 1
6471 3
6472 0
6473 1
6474 6
6475 0
6476 6
6477 7
6478 6
6479 6
6480 1
6481 8
6482 6
6483 4
6484 3
6485 3
6486 0
6487 6
6488 1
6489 1
6490 2
6491 1
6492 2
6493 7
6494 4
6495 10
6496 0
6497 10
6498 1
6499 4
6500 3
6501 3
6502 5
6503 0
6504 12
6505 6
6506 14
6507 3
6508 7
6509 1
6510 6
6511 6
6512 1
6513 2
6514 6
6515 1
6516 4
6517 2
6518 1
6519 3
6520 4
6521 6
6522 2
6523 -1
6524 7
6525 3
6526 3
6527 6
6528 -1
6529 12
6530 1
6531 4
6532 3
6533 4
6534 3
6535 4
6536 4
6537 6
6538 1
6539 1
6540 3
6541 6
6542 3
6543 0
6544 1
6545 3
6546 6
6547 3
6548 11
6549 6
6550 10
6551 3
6552 1
6553 6
6554 4
6555 3
6556 1
6557 8
6558 1
6559 3
6560 8
6561 3
6562 4
6563 10
6564 10
6565 5
6566 10
6567 3
6568 11
6569 1
6570 8
6571 1
6572 1
6573 3
6574 3
6575 1
6576 4
6577 5
6578 -1
6579 13
6580 12
6581 -1
6582 4
6583 6
6584 3
6585 6
6586 3
6587 0
6588 8
6589 3
6590 0
6591 3
6592 3
6593 7
6594 3
6595 4
6596 4
6597 3
6598 3
6599 7
6600 6
6601 1
6602 1
6603 1
6604 3
6605 6
6606 11
6607 1
6608 3
6609 6
6610 -1
6611 6
6612 3
6613 6
6614 6
6615 1
6616 6
6617 3
6618 6
6619 -1
6620 10
6621 3
6622 4
6623 -1
6624 5
6625 -1
6626 10
6627 6
6628 3
6629 2
6630 6
6631 4
6632 10
6633 -1
6634 4
6635 4
6636 1
6637 1
6638 0
6639 6
6640 3
6641 4
6642 4
6643 7
6644 3
6645 1
6646 3
6647 6
6648 6
6649 9
6650 6
6651 6
6652 10
6653 3
6654 1
6655 11
6656 12
6657 2
6658 6
6659 2
6660 4
6661 1
6662 -1
6663 3
6664 7
6665 5
6666 10
6667 1
6668 3
6669 6
6670 3
6671 3
6672 5
6673 6
6674 2
6675 0
6676 6
6677 0
6678 3
6679 12
6680 8
6681 7
6682 6
6683 1
6684 12
6685 3
6686 4
6687 6
6688 6
6689 1
6690 5
6691 5
6692 3
6693 10
6694 10
6695 10
6696 4
6697 6
6698 6
6699 9
6700 7
6701 2
6702 3
6703 3
6704 -1
6705 4
6706 11
6707 7
6708 11
6709 1
6710 2
6711 1
6712 6
6713 1
6714 6
6715 11
6716 4
6717 3
6718 1
6719 6
6720 1
6721 10
6722 7
6723 6
6724 1
6725 1
6726 5
6727 4
6728 2
6729 0
6730 3
6731 6
6732 3
6733 8
6734 10
6735 2
6736 3
6737 3
6738 4
6739 3
6740 0
6741 3
6742 6
6743 3
6744 7
6745 7
6746 1
6747 3
6748 5
6749 9
6750 0
6751 6
6752 7
6753 5
6754 10
6755 8
6756 1
6757 1
6758 9
6759 3
6760 3
6761 2
6762 6
6763 4
6764 13
6765 4
6766 6
6767 8
6768 3
6769 3
6770 4
6771 6
6772 12
6773 1
6774 3
6775 3
6776 8
6777 1
6778 0
6779 4
6780 5
6781 3
6782 6
6783 9
6784 3
6785 6
6786 2
6787 10
6788 12
6789 3
6790 5
6791 3
6792 5
6793 10
6794 6
6795 7
6796 3
6797 6
6798 2
6799 8
6800 7
6801 9
6802 3
6803 3
6804 3
6805 2
6806 10
6807 -1
6808 10
6809 10
6810 3
6811 3
6812 1
6813 5
6814 6
6815 1
6816 10
6817 3
6818 4
6819 -1
6820 8
6821 5
6822 4
6823 3
6824 0
6825 5
6826 8
6827 1
6828 3
6829 14
6830 2
6831 1
6832 10
6833 11
6834 6
6835 5
6836 6
6837 8
6838 4
6839 1
6840 12
6841 6
6842 10
6843 8
6844 8
6845 4
6846 3
6847 5
6848 1
6849 6
6850 6
6851 3
6852 8
6853 2
6854 2
6855 -1
6856 10
6857 4
6858 6
6859 6
6860 0
6861 0
6862 6
6863 6
6864 5
6865 7
6866 10
6867 3
6868 6
6869 4
6870 -1
