0 6
1 0
2 3
3 5
4 2
5 6
6 5
7 2
8 2
9 1
10 6
11 0
12 -1
13 1
14 1
15 4
16 5
17 3
18 0
19 3
20 3
21 1
22 5
23 5
24 6
25 0
26 6
27 6
28 3
29 1
30 5
31 -1
32 6
33 -1
34 4
35 5
36 1
37 3
38 1
39 0
40 3
41 5
42 3
43 1
44 5
45 -1
46 3
47 5
48 6
49 1
50 5
51 4
52 6
53 3
54 4
55 0
56 6
57 1
58 1
59 5
60 2
61 5
62 5
63 5
64 6
65 5
66 5
67 0
68 1
69 6
70 1
71 5
72 6
73 1
74 -1
75 3
76 4
77 1
78 1
79 5
80 3
81 0
82 6
83 5
84 5
85 5
86 6
87 6
88 5
89 0
90 1
91 1
92 1
93 6
94 1
95 5
96 6
97 2
98 3
99 6
100 1
101 0
102 2
103 1
104 3
105 1
106 -1
107 1
108 3
109 1
110 6
111 5
112 3
113 2
114 5
115 1
116 1
117 -1
118 6
119 2
120 -1
121 6
122 5
123 2
124 5
125 6
126 1
127 6
128 5
129 6
130 0
131 0
132 5
133 3
134 5
135 6
136 3
137 0
138 5
139 4
140 2
141 6
142 6
143 0
144 2
145 3
146 1
147 3
148 6
149 5
150 3
151 5
152 5
153 5
154 6
155 1
156 5
157 5
158 4
159 6
160 5
161 6
162 6
163 1
164 1
165 1
166 1
167 0
168 6
169 6
170 6
171 5
172 -1
173 3
174 5
175 4
176 5
177 0
178 5
179 1
180 -1
181 0
182 5
183 1
184 1
185 3
186 5
187 6
188 6
189 0
190 3
191 1
192 1
193 1
194 1
195 1
196 3
197 6
198 5
199 1
200 2
201 5
202 6
203 3
204 5
205 1
206 1
207 1
208 0
209 3
210 5
211 6
212 4
213 5
214 6
215 0
216 5
217 5
218 2
219 5
220 6
221 1
222 6
223 6
224 1
225 1
226 1
227 3
228 3
229 6
230 5
231 6
232 5
233 1
234 2
235 0
236 6
237 1
238 6
239 1
240 -1
241 1
242 6
243 6
244 0
245 6
246 1
247 1
248 2
249 2
250 5
251 6
252 5
253 6
254 3
255 6
256 0
257 1
258 5
259 -1
260 6
261 1
262 0
263 4
264 3
265 5
266 6
267 5
268 5
269 6
270 6
271 2
272 1
273 6
274 3
275 6
276 3
277 5
278 1
279 0
280 1
281 3
282 1
283 2
284 5
285 1
286 1
287 -1
288 3
289 0
290 1
291 5
292 1
293 2
294 6
295 2
296 5
297 1
298 0
299 6
300 2
301 1
302 1
303 5
304 1
305 -1
306 1
307 6
308 6
309 3
310 2
311 6
312 5
313 -1
314 3
315 1
316 2
317 5
318 6
319 5
320 5
321 6
322 1
323 2
324 5
325 2
326 5
327 1
328 3
329 6
330 5
331 1
332 2
333 0
334 3
335 6
336 6
337 6
338 5
339 1
340 3
341 4
342 6
343 5
344 6
345 0
346 5
347 6
348 2
349 0
350 1
351 0
352 0
353 5
354 4
355 6
356 3
357 -1
358 4
359 5
360 1
361 2
362 6
363 6
364 1
365 5
366 3
367 5
368 2
369 6
370 1
371 6
372 1
373 6
374 0
375 5
376 4
377 6
378 1
379 1
380 3
381 5
382 3
383 1
384 5
385 1
386 0
387 -1
388 5
389 2
390 6
391 5
392 5
393 1
394 5
395 5
396 5
397 1
398 0
399 6
400 2
401 2
402 5
403 2
404 5
405 6
406 2
407 5
408 5
409 5
410 3
411 2
412 6
413 5
414 1
415 5
416 3
417 0
418 3
419 6
420 6
421 5
422 0
423 3
424 3
425 1
426 3
427 0
428 6
429 5
430 2
431 1
432 6
433 1
434 0
435 6
436 1
437 2
438 -1
439 2
440 1
441 -1
442 6
443 6
444 3
445 6
446 1
447 1
448 5
449 0
450 1
451 2
452 2
453 5
454 3
455 1
456 0
457 5
458 6
459 6
460 0
461 3
462 4
463 1
464 5
465 6
466 1
467 6
468 5
469 2
470 1
471 2
472 1
473 3
474 0
475 1
476 3
477 5
478 1
479 3
480 0
481 0
482 1
483 -1
484 0
485 3
486 0
487 0
488 -1
489 1
490 6
491 6
492 2
493 5
494 1
495 0
496 1
497 6
498 5
499 1
500 1
501 5
502 6
503 2
504 6
505 6
506 1
507 1
508 0
509 3
510 2
511 0
512 1
513 1
514 6
515 2
516 6
517 6
518 2
519 1
520 6
521 5
522 3
523 6
524 5
525 1
526 5
527 6
528 4
529 1
530 1
531 6
532 1
533 1
534 -1
535 3
536 2
537 3
538 6
539 2
540 4
541 6
542 1
543 2
544 6
545 6
546 1
547 2
548 3
549 5
550 3
551 6
552 -1
553 5
554 2
555 4
556 5
557 6
558 3
559 1
560 6
561 6
562 1
563 6
564 2
565 6
566 -1
567 6
568 1
569 6
570 5
571 0
572 5
573 3
574 5
575 6
576 1
577 -1
578 0
579 6
580 5
581 4
582 6
583 1
584 6
585 2
586 1
587 1
588 2
589 6
590 1
591 6
592 5
593 5
594 -1
595 6
596 5
597 2
598 6
599 5
600 0
601 6
602 6
603 6
604 1
605 1
606 -1
607 -1
608 6
609 2
610 -1
611 5
612 3
613 6
614 2
615 2
616 1
617 1
618 5
619 1
620 6
621 3
622 3
623 0
624 5
625 6
626 2
627 1
628 1
629 3
630 1
631 -1
632 5
633 1
634 6
635 0
636 2
637 1
638 1
639 6
640 0
641 1
642 1
643 0
644 -1
645 5
646 6
647 6
648 3
649 3
650 4
651 -1
652 2
653 -1
654 3
655 1
656 -1
657 0
658 4
659 0
660 0
661 1
662 3
663 6
664 5
665 5
666 1
667 0
668 0
669 -1
670 2
671 4
672 4
673 6
674 0
675 -1
676 0
677 3
678 -1
679 5
680 -1
681 1
682 3
683 5
684 6
685 6
686 6
687 2
688 5
689 3
690 6
691 6
692 1
693 3
694 0
695 2
696 6
697 6
698 6
699 2
700 -1
701 6
702 5
703 1
704 0
705 5
706 2
707 2
708 2
709 5
710 1
711 3
712 3
713 3
714 3
715 6
716 5
717 5
718 3
719 5
720 0
721 6
722 3
723 5
724 0
725 4
726 5
727 5
728 2
729 6
730 4
731 3
732 4
733 5
734 2
735 2
736 0
737 1
738 6
739 4
740 6
741 6
742 3
743 6
744 6
745 5
746 3
747 3
748 -1
749 0
750 5
751 3
752 4
753 3
754 6
755 3
756 1
757 2
758 6
759 6
760 4
761 1
762 6
763 1
764 0
765 1
766 5
767 1
768 5
769 5
770 1
771 6
772 0
773 0
774 5
775 2
776 5
777 2
778 1
779 5
780 5
781 0
782 6
783 0
784 6
785 -1
786 4
787 2
788 2
789 1
790 5
791 -1
792 1
793 3
794 6
795 3
796 6
797 6
798 5
799 1
800 6
801 1
802 6
803 1
804 5
805 0
806 5
807 2
808 6
809 5
810 6
811 3
812 3
813 5
814 1
815 1
816 6
817 5
818 1
819 6
820 0
821 6
822 5
823 4
824 3
825 1
826 0
827 2
828 1
829 -1
830 0
831 1
832 5
833 5
834 0
835 5
836 5
837 5
838 5
839 0
840 2
841 5
842 5
843 2
844 1
845 6
846 2
847 6
848 5
849 1
850 3
851 6
852 0
853 0
854 2
855 0
856 0
857 2
858 5
859 6
860 4
861 5
862 3
863 5
864 0
865 5
866 3
867 1
868 5
869 1
870 5
871 2
872 3
873 2
874 6
875 3
876 4
877 -1
878 4
879 5
880 5
881 0
882 2
883 1
884 1
885 0
886 1
887 6
888 5
889 3
890 6
891 5
892 1
893 1
894 5
895 -1
896 1
897 5
898 5
899 4
900 5
901 0
902 1
903 5
904 1
905 6
906 5
907 1
908 1
909 1
910 6
911 6
912 4
913 0
914 5
915 6
916 6
917 3
918 2
919 1
920 5
921 1
922 -1
923 3
924 1
925 6
926 0
927 -1
928 1
929 5
930 1
931 1
932 -1
933 5
934 5
935 6
936 3
937 5
938 1
939 1
940 2
941 4
942 4
943 6
944 2
945 4
946 3
947 2
948 3
949 5
950 5
951 4
952 3
953 5
954 6
955 0
956 6
957 0
958 5
959 5
960 6
961 3
962 6
963 5
964 1
965 6
966 0
967 2
968 1
969 2
970 1
971 0
972 6
973 4
974 5
975 1
976 0
977 3
978 6
979 -1
980 1
981 0
982 5
983 6
984 5
985 1
986 6
987 5
988 2
989 3
990 2
991 2
992 2
993 6
994 6
995 0
996 5
997 5
998 1
999 2
1000 1
1001 6
1002 2
1003 -1
1004 5
1005 1
1006 0
1007 5
1008 6
1009 2
1010 3
1011 2
1012 -1
1013 3
1014 3
1015 2
1016 6
1017 1
1018 3
1019 5
1020 5
1021 6
1022 4
1023 6
1024 2
1025 2
1026 6
1027 1
1028 1
1029 1
1030 3
1031 5
1032 6
1033 6
1034 1
1035 4
1036 2
1037 1
1038 0
1039 5
1040 2
1041 1
1042 1
1043 -1
1044 1
1045 6
1046 -1
1047 4
1048 5
1049 4
1050 1
1051 2
1052 6
1053 6
1054 6
1055 3
1056 1
1057 1
1058 3
1059 5
1060 5
1061 5
1062 5
1063 0
1064 4
1065 1
1066 0
1067 1
1068 6
1069 1
1070 1
1071 5
1072 5
1073 5
1074 1
1075 5
1076 1
1077 0
1078 6
1079 0
1080 1
1081 5
1082 5
1083 1
1084 5
1085 0
1086 2
1087 5
1088 4
1089 5
1090 0
1091 6
1092 1
1093 0
1094 5
1095 4
1096 1
1097 1
1098 4
1099 5
1100 6
1101 1
1102 3
1103 3
1104 1
1105 5
1106 5
1107 3
1108 5
1109 3
1110 5
1111 1
1112 2
1113 0
1114 -1
1115 5
1116 1
1117 6
1118 6
1119 6
1120 3
1121 0
1122 6
1123 3
1124 3
1125 6
1126 5
1127 5
1128 1
1129 5
1130 -1
1131 6
1132 3
1133 0
1134 2
1135 5
1136 2
1137 5
1138 1
1139 5
1140 6
1141 0
1142 5
1143 1
1144 3
1145 5
1146 1
1147 1
1148 4
1149 5
1150 1
1151 1
1152 6
1153 1
1154 1
1155 3
1156 4
1157 5
1158 1
1159 6
1160 1
1161 5
1162 5
1163 5
1164 1
1165 1
1166 -1
1167 5
1168 1
1169 0
1170 0
1171 5
1172 4
1173 0
1174 -1
1175 5
1176 2
1177 5
1178 5
1179 6
1180 1
1181 1
1182 3
1183 3
1184 5
1185 5
1186 1
1187 5
1188 5
1189 1
1190 1
1191 0
1192 6
1193 5
1194 6
1195 2
1196 4
1197 6
1198 3
1199 6
1200 1
1201 1
1202 6
1203 1
1204 1
1205 1
1206 3
1207 5
1208 1
1209 2
1210 2
1211 5
1212 0
1213 3
1214 2
1215 5
1216 -1
1217 0
1218 4
1219 5
1220 3
1221 6
1222 6
1223 3
1224 3
1225 5
1226 5
1227 6
1228 1
1229 2
1230 6
1231 1
1232 6
1233 6
1234 1
1235 -1
1236 3
1237 2
1238 6
1239 3
1240 6
1241 2
1242 5
1243 2
1244 6
1245 3
1246 1
1247 5
1248 2
1249 5
1250 2
1251 0
1252 3
1253 3
1254 6
1255 1
1256 1
1257 5
1258 4
1259 2
1260 6
1261 6
1262 6
1263 6
1264 5
1265 1
1266 5
1267 6
1268 1
1269 2
1270 5
1271 5
1272 5
1273 1
1274 0
1275 1
1276 3
1277 5
1278 0
1279 1
1280 2
1281 6
1282 3
1283 1
1284 5
1285 5
1286 2
1287 6
1288 6
1289 -1
1290 6
1291 2
1292 6
1293 0
1294 5
1295 6
1296 1
1297 6
1298 6
1299 3
1300 -1
1301 6
1302 2
1303 6
1304 1
1305 1
1306 5
1307 3
1308 0
1309 3
1310 6
1311 5
1312 6
1313 0
1314 2
1315 6
1316 6
1317 1
1318 5
1319 1
1320 1
1321 5
1322 1
1323 1
1324 4
1325 3
1326 6
1327 1
1328 2
1329 1
1330 -1
1331 3
1332 3
1333 2
1334 0
1335 3
1336 6
1337 6
1338 5
1339 1
1340 1
1341 3
1342 5
1343 1
1344 2
1345 3
1346 1
1347 0
1348 1
1349 0
1350 1
1351 6
1352 0
1353 4
1354 1
1355 3
1356 5
1357 6
1358 4
1359 2
1360 5
1361 3
1362 1
1363 1
1364 5
1365 0
1366 4
1367 3
1368 0
1369 0
1370 5
1371 5
1372 6
1373 3
1374 5
1375 5
1376 6
1377 1
1378 1
1379 5
1380 0
1381 6
1382 5
1383 4
1384 5
1385 1
1386 6
1387 2
1388 1
1389 5
1390 6
1391 2
1392 6
1393 5
1394 2
1395 2
1396 6
1397 6
1398 2
1399 5
1400 3
1401 2
1402 5
1403 5
1404 6
1405 0
1406 5
1407 5
1408 5
1409 6
1410 5
1411 5
1412 1
1413 6
1414 3
1415 6
1416 1
1417 0
1418 5
1419 3
1420 6
1421 5
1422 1
1423 3
1424 5
1425 6
1426 3
1427 5
1428 0
1429 5
1430 6
1431 3
1432 2
1433 2
1434 6
1435 3
1436 -1
1437 5
1438 5
1439 6
1440 0
1441 6
1442 0
1443 6
1444 2
1445 0
1446 6
1447 3
1448 3
1449 0
1450 1
1451 1
1452 1
1453 5
1454 1
1455 3
1456 5
1457 5
1458 6
1459 6
1460 1
1461 3
1462 5
1463 6
1464 3
1465 1
1466 5
1467 0
1468 3
1469 3
1470 6
1471 5
1472 5
1473 1
1474 0
1475 0
1476 1
1477 5
1478 1
1479 5
1480 4
1481 1
1482 1
1483 2
1484 4
1485 4
1486 0
1487 5
1488 6
1489 1
1490 6
1491 6
1492 3
1493 4
1494 6
1495 5
1496 6
1497 4
1498 1
1499 6
1500 5
1501 3
1502 6
1503 5
1504 6
1505 6
1506 0
1507 3
1508 5
1509 0
1510 1
1511 5
1512 3
1513 5
1514 6
1515 5
1516 2
1517 3
1518 5
1519 5
1520 6
1521 2
1522 6
1523 6
1524 1
1525 6
1526 3
1527 5
1528 6
1529 1
1530 0
1531 5
1532 -1
1533 5
1534 6
1535 3
1536 4
1537 5
1538 1
1539 6
1540 5
1541 5
1542 3
1543 6
1544 5
1545 6
1546 6
1547 3
1548 1
1549 1
1550 5
1551 6
1552 3
1553 1
1554 5
1555 1
1556 3
1557 -1
1558 5
1559 5
1560 3
1561 5
1562 0
1563 1
1564 5
1565 3
1566 3
1567 5
1568 6
1569 5
1570 4
1571 5
1572 0
1573 6
1574 6
1575 -1
1576 6
1577 3
1578 0
1579 2
1580 1
1581 6
1582 6
1583 5
1584 5
1585 1
1586 5
1587 5
1588 1
1589 1
1590 1
1591 5
1592 5
1593 5
1594 1
1595 5
1596 5
1597 -1
1598 5
1599 1
1600 1
1601 3
1602 3
1603 1
1604 6
1605 3
1606 2
1607 1
1608 5
1609 2
1610 3
1611 3
1612 6
1613 4
1614 4
1615 5
1616 1
1617 -1
1618 2
1619 5
1620 0
1621 6
1622 0
1623 5
1624 5
1625 0
1626 2
1627 5
1628 2
1629 3
1630 3
1631 2
1632 6
1633 5
1634 0
1635 6
1636 4
1637 6
1638 -1
1639 5
1640 5
1641 3
1642 1
1643 4
1644 0
1645 5
1646 -1
1647 5
1648 5
1649 6
1650 0
1651 6
1652 3
1653 1
1654 5
1655 1
1656 1
1657 1
1658 0
1659 1
1660 1
1661 6
1662 1
1663 5
1664 0
1665 1
1666 3
1667 -1
1668 5
1669 0
1670 0
1671 0
1672 1
1673 3
1674 6
1675 0
1676 1
1677 1
1678 4
1679 0
1680 6
1681 0
1682 5
1683 3
1684 1
1685 1
1686 1
1687 -1
1688 3
1689 1
1690 0
1691 4
1692 1
1693 3
1694 1
1695 1
1696 -1
1697 5
1698 0
1699 6
1700 3
1701 1
1702 2
1703 3
1704 3
1705 4
1706 -1
1707 6
1708 -1
1709 -1
1710 6
1711 6
1712 5
1713 5
1714 6
1715 0
1716 1
1717 2
1718 3
1719 6
1720 5
1721 1
1722 1
1723 5
1724 1
1725 2
1726 6
1727 5
1728 5
1729 6
1730 3
1731 6
1732 6
1733 1
1734 0
1735 5
1736 5
1737 1
1738 5
1739 -1
1740 0
1741 5
1742 5
1743 2
1744 5
1745 6
1746 -1
1747 6
1748 1
1749 1
1750 4
1751 -1
1752 1
1753 6
1754 2
1755 1
1756 1
1757 3
1758 5
1759 0
1760 4
1761 2
1762 4
1763 0
1764 1
1765 6
1766 6
1767 5
1768 6
1769 1
1770 -1
1771 5
1772 5
1773 6
1774 6
1775 0
1776 2
1777 6
1778 6
1779 3
1780 3
1781 3
1782 0
1783 6
1784 1
1785 0
1786 6
1787 -1
1788 6
1789 1
1790 3
1791 1
1792 4
1793 2
1794 -1
1795 6
1796 5
1797 -1
1798 5
1799 2
1800 1
1801 6
1802 1
1803 6
1804 1
1805 6
1806 5
1807 3
1808 4
1809 6
1810 3
1811 -1
1812 0
1813 3
1814 4
1815 5
1816 1
1817 -1
1818 2
1819 3
1820 2
1821 5
1822 -1
1823 0
1824 3
1825 1
1826 0
1827 -1
1828 6
1829 2
1830 3
1831 1
1832 5
1833 5
1834 -1
1835 5
1836 6
1837 3
1838 1
1839 5
1840 1
1841 5
1842 3
1843 1
1844 6
1845 6
1846 4
1847 6
1848 5
1849 3
1850 -1
1851 5
1852 1
1853 6
1854 5
1855 6
1856 5
1857 6
1858 6
1859 5
1860 0
1861 4
1862 1
1863 1
1864 6
1865 2
1866 6
1867 6
1868 0
1869 2
1870 0
1871 0
1872 4
1873 1
1874 6
1875 2
1876 6
1877 3
1878 3
1879 0
1880 1
1881 2
1882 1
1883 0
1884 2
1885 3
1886 4
1887 1
1888 1
1889 5
1890 6
1891 6
1892 0
1893 5
1894 0
1895 1
1896 6
1897 5
1898 5
1899 5
1900 3
1901 5
1902 5
1903 1
1904 3
1905 1
1906 3
1907 6
1908 5
1909 -1
1910 3
1911 6
1912 6
1913 5
1914 3
1915 0
1916 1
1917 1
1918 -1
1919 1
1920 5
1921 5
1922 5
1923 5
1924 6
1925 1
1926 1
1927 3
1928 6
1929 -1
1930 1
1931 6
1932 1
1933 6
1934 -1
1935 1
1936 1
1937 0
1938 5
1939 6
1940 1
1941 1
1942 5
1943 2
1944 6
1945 3
1946 -1
1947 3
1948 5
1949 3
1950 6
1951 4
1952 2
1953 6
1954 1
1955 1
1956 6
1957 0
1958 5
1959 6
1960 1
1961 6
1962 1
1963 3
1964 5
1965 6
1966 1
1967 5
1968 0
1969 2
1970 0
1971 2
1972 1
1973 2
1974 5
1975 -1
1976 6
1977 6
1978 -1
1979 5
1980 1
1981 4
1982 3
1983 -1
1984 1
1985 6
1986 5
1987 2
1988 0
1989 3
1990 5
1991 2
1992 5
1993 6
1994 0
1995 2
1996 1
1997 6
1998 1
1999 6
2000 5
2001 6
2002 1
2003 -1
2004 1
2005 6
2006 6
2007 2
2008 1
2009 -1
2010 0
2011 0
2012 3
2013 0
2014 5
2015 1
2016 0
2017 1
2018 5
2019 2
2020 5
2021 6
2022 1
2023 6
2024 0
2025 1
2026 5
2027 1
2028 4
2029 1
2030 3
2031 3
2032 6
2033 2
2034 2
2035 6
2036 6
2037 5
2038 5
2039 4
2040 5
2041 5
2042 6
2043 5
2044 0
2045 1
2046 6
2047 5
2048 6
2049 0
2050 1
2051 5
2052 -1
2053 3
2054 1
2055 5
2056 -1
2057 6
2058 5
2059 3
2060 1
2061 1
2062 1
2063 -1
2064 5
2065 4
2066 6
2067 1
2068 6
2069 6
2070 1
2071 6
2072 1
2073 4
2074 1
2075 5
2076 0
2077 1
2078 3
2079 5
2080 6
2081 1
2082 6
2083 0
2084 5
2085 6
2086 1
2087 1
2088 1
2089 6
2090 5
2091 5
2092 0
2093 0
2094 6
2095 6
2096 3
2097 1
2098 5
2099 6
2100 5
2101 6
2102 3
2103 -1
2104 1
2105 6
2106 5
2107 3
2108 6
2109 2
2110 5
2111 6
2112 2
2113 1
2114 1
2115 1
2116 3
2117 1
2118 3
2119 5
2120 5
2121 6
2122 0
2123 6
2124 0
2125 6
2126 4
2127 1
2128 3
2129 0
2130 4
2131 -1
2132 0
2133 5
2134 6
2135 1
2136 1
2137 3
2138 5
2139 -1
2140 6
2141 3
2142 1
2143 6
2144 2
2145 5
2146 5
2147 5
2148 1
2149 6
2150 2
2151 2
2152 3
2153 -1
2154 3
2155 5
2156 3
2157 5
2158 6
2159 6
2160 -1
2161 0
2162 4
2163 1
2164 6
2165 -1
2166 6
2167 0
2168 5
2169 0
2170 6
2171 5
2172 1
2173 -1
2174 5
2175 3
2176 6
2177 6
2178 6
2179 5
2180 4
2181 1
2182 2
2183 2
2184 1
2185 6
2186 3
2187 5
2188 3
2189 1
2190 5
2191 5
2192 0
2193 6
2194 1
2195 -1
2196 5
2197 2
2198 5
2199 1
2200 0
2201 6
2202 2
2203 4
2204 5
2205 2
2206 5
2207 6
2208 3
2209 5
2210 0
2211 5
2212 5
2213 5
2214 0
2215 6
2216 5
2217 5
2218 6
2219 1
2220 6
2221 3
2222 4
2223 5
2224 1
2225 3
2226 5
2227 6
2228 5
2229 0
2230 1
2231 5
2232 2
2233 3
2234 5
2235 0
2236 1
2237 5
2238 6
2239 6
2240 5
2241 6
2242 5
2243 0
2244 5
2245 3
2246 4
2247 1
2248 1
2249 3
2250 5
2251 1
2252 6
2253 1
2254 6
2255 3
2256 1
2257 6
2258 6
2259 1
2260 1
2261 1
2262 2
2263 3
2264 1
2265 5
2266 1
2267 1
2268 6
2269 5
2270 5
2271 0
2272 4
2273 1
2274 2
2275 0
2276 5
2277 6
2278 5
2279 3
2280 0
2281 6
2282 6
2283 1
2284 4
2285 1
2286 0
2287 6
2288 6
2289 5
2290 1
2291 6
2292 6
2293 6
2294 1
2295 6
2296 3
2297 4
2298 0
2299 1
2300 4
2301 3
2302 4
2303 0
2304 2
2305 6
2306 1
2307 5
2308 0
2309 -1
2310 3
2311 3
2312 5
2313 3
2314 2
2315 6
2316 6
2317 -1
2318 2
2319 1
2320 0
2321 1
2322 1
2323 0
2324 3
2325 -1
2326 2
2327 1
2328 5
2329 1
2330 2
2331 4
2332 1
2333 5
2334 6
2335 1
2336 5
2337 3
2338 3
2339 -1
2340 5
2341 1
2342 5
2343 0
2344 4
2345 0
2346 5
2347 4
2348 3
2349 6
2350 2
2351 2
2352 6
2353 1
2354 3
2355 1
2356 2
2357 4
2358 2
2359 3
2360 6
2361 6
2362 5
2363 6
2364 2
2365 3
2366 1
2367 1
2368 1
2369 6
2370 1
2371 -1
2372 5
2373 1
2374 -1
2375 0
2376 0
2377 5
2378 3
2379 6
2380 5
2381 5
2382 6
2383 6
2384 6
2385 3
2386 3
2387 6
2388 -1
2389 0
2390 1
2391 0
2392 0
2393 0
2394 3
2395 1
2396 6
2397 6
2398 4
2399 -1
2400 5
2401 4
2402 2
2403 5
2404 1
2405 3
2406 4
2407 1
2408 3
2409 1
2410 4
2411 3
2412 0
2413 -1
2414 3
2415 6
2416 0
2417 0
2418 5
2419 5
2420 5
2421 1
2422 3
2423 6
2424 0
2425 5
2426 5
2427 1
2428 2
2429 2
2430 6
2431 5
2432 3
2433 5
2434 2
2435 3
2436 2
2437 3
2438 -1
2439 5
2440 3
2441 2
2442 6
2443 6
2444 1
2445 2
2446 1
2447 0
2448 6
2449 5
2450 5
2451 2
2452 1
2453 6
2454 6
2455 -1
2456 0
2457 5
2458 0
2459 5
2460 1
2461 -1
2462 3
2463 1
2464 6
2465 5
2466 2
2467 1
2468 5
2469 5
2470 6
2471 3
2472 6
2473 5
2474 0
2475 5
2476 5
2477 3
2478 5
2479 5
2480 -1
2481 1
2482 1
2483 5
2484 2
2485 6
2486 4
2487 6
2488 5
2489 5
2490 5
2491 6
2492 5
2493 6
2494 5
2495 -1
2496 5
2497 2
2498 3
2499 5
2500 3
2501 1
2502 2
2503 1
2504 3
2505 5
2506 2
2507 5
2508 0
2509 3
2510 3
2511 2
2512 5
2513 0
2514 1
2515 6
2516 5
2517 0
2518 4
2519 5
2520 1
2521 3
2522 1
2523 5
2524 5
2525 1
2526 5
2527 5
2528 1
2529 -1
2530 5
2531 6
2532 5
2533 6
2534 5
2535 5
2536 5
2537 3
2538 1
2539 3
2540 5
2541 5
2542 4
2543 3
2544 0
2545 6
2546 -1
2547 3
2548 5
2549 0
2550 6
2551 0
2552 6
2553 6
2554 6
2555 6
2556 5
2557 3
2558 5
2559 1
2560 6
2561 -1
2562 2
2563 3
2564 5
2565 1
2566 3
2567 0
2568 3
2569 3
2570 1
2571 2
2572 1
2573 2
2574 6
2575 -1
2576 6
2577 0
2578 5
2579 6
2580 6
2581 3
2582 6
2583 5
2584 2
2585 6
2586 6
2587 6
2588 0
2589 3
2590 1
2591 6
2592 1
2593 3
2594 1
2595 5
2596 3
2597 4
2598 0
2599 6
2600 3
2601 1
2602 1
2603 1
2604 1
2605 3
2606 5
2607 3
2608 -1
2609 3
2610 2
2611 3
2612 1
2613 5
2614 5
2615 6
2616 6
2617 1
2618 6
2619 6
2620 1
2621 6
2622 1
2623 0
2624 6
2625 2
2626 1
2627 1
2628 1
2629 1
2630 5
2631 6
2632 3
2633 5
2634 3
2635 6
2636 3
2637 6
2638 -1
2639 6
2640 3
2641 5
2642 3
2643 5
2644 3
2645 0
2646 6
2647 6
2648 6
2649 1
2650 6
2651 6
2652 3
2653 5
2654 1
2655 6
2656 -1
2657 5
2658 5
2659 1
2660 -1
2661 -1
2662 6
2663 3
2664 3
2665 6
2666 1
2667 5
2668 1
2669 3
2670 1
2671 1
2672 0
2673 1
2674 5
2675 3
2676 5
2677 5
2678 6
2679 0
2680 0
2681 0
2682 3
2683 3
2684 1
2685 5
2686 5
2687 -1
2688 2
2689 5
2690 1
2691 -1
2692 0
2693 5
2694 1
2695 0
2696 2
2697 5
2698 3
2699 -1
2700 6
2701 -1
2702 2
2703 5
2704 1
2705 -1
2706 3
2707 5
2708 0
2709 1
2710 0
2711 3
2712 2
2713 2
2714 4
2715 6
2716 6
2717 5
2718 6
2719 3
2720 -1
2721 3
2722 6
2723 0
2724 1
2725 2
2726 5
2727 5
2728 3
2729 6
2730 5
2731 6
2732 0
2733 0
2734 3
2735 5
2736 5
2737 0
2738 1
2739 2
2740 -1
2741 -1
2742 5
2743 1
2744 3
2745 0
2746 1
2747 2
2748 1
2749 5
2750 6
2751 0
2752 3
2753 2
2754 5
2755 1
2756 5
2757 6
2758 3
2759 6
2760 3
2761 4
2762 2
2763 3
2764 5
2765 6
2766 5
2767 0
2768 0
2769 1
2770 3
2771 6
2772 4
2773 0
2774 1
2775 5
2776 5
2777 5
2778 5
2779 1
2780 6
2781 5
2782 2
2783 1
2784 3
2785 1
2786 4
2787 1
2788 3
2789 1
2790 2
2791 0
2792 3
2793 2
2794 1
2795 2
2796 2
2797 1
2798 0
2799 -1
2800 6
2801 5
2802 5
2803 6
2804 5
2805 1
2806 3
2807 1
2808 6
2809 0
2810 1
2811 4
2812 1
2813 1
2814 6
2815 3
2816 6
2817 1
2818 0
2819 1
2820 4
2821 4
2822 6
2823 0
2824 -1
2825 6
2826 1
2827 5
2828 5
2829 3
2830 5
2831 6
2832 3
2833 6
2834 2
2835 5
2836 5
2837 5
2838 1
2839 1
2840 5
2841 3
2842 4
2843 0
2844 3
2845 6
2846 3
2847 5
2848 0
2849 6
2850 1
2851 3
2852 5
2853 1
2854 5
2855 5
2856 2
2857 5
2858 5
2859 0
2860 3
2861 1
2862 2
2863 6
2864 6
2865 1
2866 0
2867 5
2868 3
2869 3
2870 6
2871 1
2872 6
2873 6
2874 3
2875 1
2876 3
2877 1
2878 5
2879 3
2880 5
2881 0
2882 4
2883 5
2884 3
2885 0
2886 5
2887 5
2888 2
2889 1
2890 1
2891 1
2892 2
2893 2
2894 3
2895 2
2896 5
2897 6
2898 1
2899 3
2900 3
2901 0
2902 2
2903 1
2904 -1
2905 1
2906 4
2907 5
2908 3
2909 -1
2910 6
2911 2
2912 0
2913 6
2914 5
2915 6
2916 6
2917 1
2918 0
2919 2
2920 2
2921 3
2922 3
2923 1
2924 1
2925 2
2926 3
2927 3
2928 3
2929 5
2930 5
2931 6
2932 0
2933 1
2934 5
2935 3
2936 0
2937 3
2938 4
2939 4
2940 5
2941 1
2942 3
2943 2
2944 2
2945 1
2946 1
2947 6
2948 1
2949 2
2950 3
2951 5
2952 2
2953 6
2954 5
2955 3
2956 6
2957 1
2958 1
2959 3
2960 6
2961 -1
2962 1
2963 1
2964 2
2965 -1
2966 5
2967 1
2968 6
2969 -1
2970 5
2971 0
2972 5
2973 5
2974 2
2975 2
2976 6
2977 6
2978 5
2979 5
2980 3
2981 5
2982 1
2983 3
2984 5
2985 5
2986 0
2987 1
2988 1
2989 1
2990 1
2991 -1
2992 5
2993 6
2994 5
2995 3
2996 1
2997 -1
2998 5
2999 6
3000 1
3001 0
3002 4
3003 5
3004 -1
3005 1
3006 1
3007 3
3008 4
3009 3
3010 4
3011 6
3012 6
3013 5
3014 5
3015 1
3016 6
3017 5
3018 1
3019 1
3020 5
3021 3
3022 6
3023 6
3024 6
3025 0
3026 5
3027 6
3028 5
3029 5
3030 4
3031 6
3032 0
3033 6
3034 1
3035 0
3036 5
3037 5
3038 0
3039 1
3040 6
3041 5
3042 5
3043 4
3044 2
3045 6
3046 4
3047 6
3048 2
3049 1
3050 5
3051 4
3052 5
3053 2
3054 6
3055 5
3056 -1
3057 0
3058 5
3059 1
3060 6
3061 6
3062 2
3063 -1
3064 5
3065 1
3066 2
3067 1
3068 1
3069 5
3070 6
3071 1
3072 3
3073 3
3074 4
3075 6
3076 5
3077 6
3078 6
3079 2
3080 2
3081 1
3082 6
3083 6
3084 2
3085 -1
3086 5
3087 5
3088 5
3089 3
3090 1
3091 3
3092 1
3093 6
3094 1
3095 3
3096 5
3097 0
3098 5
3099 4
3100 1
3101 1
3102 5
3103 2
3104 6
3105 3
3106 6
3107 1
3108 6
3109 5
3110 5
3111 6
3112 5
3113 -1
3114 3
3115 5
3116 3
3117 2
3118 5
3119 -1
3120 6
3121 6
3122 5
3123 2
3124 4
3125 5
3126 3
3127 5
3128 1
3129 5
3130 5
3131 6
3132 6
3133 6
3134 3
3135 5
3136 6
3137 3
3138 1
3139 1
3140 2
3141 2
3142 5
3143 6
3144 6
3145 5
3146 5
3147 1
3148 1
3149 3
3150 3
3151 6
3152 0
3153 0
3154 4
3155 0
3156 4
3157 6
3158 -1
3159 0
3160 6
3161 1
3162 5
3163 5
3164 -1
3165 5
3166 6
3167 2
3168 3
3169 2
3170 6
3171 3
3172 5
3173 3
3174 1
3175 2
3176 5
3177 2
3178 3
3179 5
3180 5
3181 0
3182 3
3183 1
3184 2
3185 6
3186 -1
3187 5
3188 1
3189 6
3190 0
3191 1
3192 5
3193 3
3194 1
3195 1
3196 -1
3197 6
3198 5
3199 6
3200 2
3201 6
3202 5
3203 3
3204 1
3205 1
3206 2
3207 5
3208 3
3209 5
3210 1
3211 6
3212 2
3213 6
3214 1
3215 3
3216 1
3217 1
3218 1
3219 5
3220 6
3221 1
3222 6
3223 6
3224 0
3225 6
3226 5
3227 5
3228 0
3229 5
3230 1
3231 1
3232 3
3233 1
3234 5
3235 5
3236 1
3237 0
3238 0
3239 3
3240 5
3241 5
3242 0
3243 2
3244 2
3245 1
3246 5
3247 2
3248 5
3249 1
3250 1
3251 3
3252 1
3253 5
3254 2
3255 1
3256 5
3257 3
3258 0
3259 1
3260 1
3261 5
3262 1
3263 5
3264 5
3265 0
3266 3
3267 1
3268 5
3269 5
3270 5
3271 1
3272 3
3273 6
3274 1
3275 3
3276 4
3277 3
3278 6
3279 2
3280 1
3281 4
3282 3
3283 6
3284 0
3285 5
3286 6
3287 6
3288 0
3289 0
3290 3
3291 1
3292 6
3293 6
3294 6
3295 3
3296 6
3297 5
3298 3
3299 1
3300 5
3301 6
3302 2
3303 6
3304 6
3305 5
3306 3
3307 5
3308 3
3309 6
3310 1
3311 5
3312 3
3313 1
3314 2
3315 1
3316 5
3317 3
3318 2
3319 5
3320 6
3321 3
3322 5
3323 3
3324 2
3325 0
3326 1
3327 3
3328 6
3329 5
3330 6
3331 2
3332 5
3333 6
3334 3
3335 1
3336 0
3337 6
3338 6
3339 3
3340 -1
3341 5
3342 1
3343 6
3344 3
3345 1
3346 5
3347 4
3348 1
3349 2
3350 5
3351 6
3352 3
3353 2
3354 -1
3355 -1
3356 6
3357 2
3358 3
3359 6
3360 4
3361 0
3362 3
3363 0
3364 6
3365 6
3366 3
3367 0
3368 6
3369 1
3370 -1
3371 2
3372 0
3373 4
3374 5
3375 2
3376 6
3377 2
3378 6
3379 6
3380 6
3381 1
3382 5
3383 6
3384 5
3385 4
3386 5
3387 6
3388 5
3389 5
3390 5
3391 6
3392 1
3393 5
3394 6
3395 2
3396 6
3397 4
3398 3
3399 0
3400 3
3401 3
3402 3
3403 4
3404 6
3405 0
3406 1
3407 6
3408 1
3409 1
3410 0
3411 6
3412 5
3413 6
3414 3
3415 1
3416 2
3417 4
3418 0
3419 6
3420 3
3421 3
3422 1
3423 5
3424 3
3425 5
3426 3
3427 5
3428 6
3429 5
3430 5
3431 6
3432 6
3433 3
3434 1
3435 1
3436 5
3437 3
3438 6
3439 1
3440 6
3441 1
3442 3
3443 3
3444 3
3445 3
3446 5
3447 1
3448 3
3449 1
3450 1
3451 6
3452 1
3453 6
3454 5
3455 3
3456 1
3457 2
3458 6
3459 1
3460 1
3461 6
3462 4
3463 1
3464 1
3465 5
3466 5
3467 2
3468 3
3469 6
3470 6
3471 1
3472 1
3473 6
3474 6
3475 3
3476 1
3477 6
3478 1
3479 5
3480 1
3481 5
3482 6
3483 -1
3484 6
3485 1
3486 6
3487 3
3488 3
3489 0
3490 6
3491 2
3492 6
3493 2
3494 2
3495 6
3496 6
3497 6
3498 1
3499 6
3500 4
3501 6
3502 -1
3503 0
3504 0
3505 4
3506 1
3507 5
3508 3
3509 6
3510 -1
3511 1
3512 1
3513 6
3514 1
3515 1
3516 1
3517 6
3518 5
3519 6
3520 1
3521 1
3522 1
3523 2
3524 3
3525 3
3526 1
3527 -1
3528 1
3529 5
3530 6
3531 5
3532 1
3533 6
3534 5
3535 2
3536 5
3537 5
3538 5
3539 6
3540 6
3541 3
3542 5
3543 5
3544 6
3545 5
3546 3
3547 1
3548 0
3549 2
3550 6
3551 5
3552 5
3553 4
3554 0
3555 5
3556 6
3557 5
3558 1
3559 6
3560 6
3561 6
3562 2
3563 3
3564 6
3565 1
3566 6
3567 1
3568 5
3569 1
3570 1
3571 5
3572 6
3573 6
3574 6
3575 1
3576 6
3577 3
3578 6
3579 3
3580 1
3581 1
3582 3
3583 6
3584 3
3585 3
3586 6
3587 3
3588 2
3589 6
3590 1
3591 3
3592 5
3593 6
3594 3
3595 3
3596 5
3597 1
3598 3
3599 5
3600 -1
3601 3
3602 6
3603 5
3604 1
3605 -1
3606 5
3607 4
3608 6
3609 2
3610 3
3611 3
3612 3
3613 3
3614 1
3615 0
3616 0
3617 -1
3618 6
3619 2
3620 1
3621 5
3622 5
3623 1
3624 0
3625 3
3626 3
3627 4
3628 1
3629 2
3630 2
3631 6
3632 6
3633 0
3634 3
3635 2
3636 6
3637 6
3638 2
3639 1
3640 1
3641 6
3642 5
3643 3
3644 6
3645 5
3646 1
3647 3
3648 3
3649 3
3650 6
3651 5
3652 2
3653 6
3654 1
3655 2
3656 4
3657 6
3658 1
3659 1
3660 5
3661 2
3662 1
3663 6
3664 6
3665 1
3666 -1
3667 6
3668 5
3669 1
3670 0
3671 1
3672 5
3673 6
3674 6
3675 0
3676 6
3677 5
3678 6
3679 3
3680 -1
3681 0
3682 6
3683 3
3684 -1
3685 5
3686 5
3687 0
3688 6
3689 2
3690 0
3691 2
3692 3
3693 1
3694 1
3695 1
3696 1
3697 5
3698 3
3699 5
3700 1
3701 6
3702 3
3703 6
3704 4
3705 5
3706 5
3707 3
3708 5
3709 5
3710 1
3711 3
3712 1
3713 0
3714 6
3715 0
3716 6
3717 2
3718 3
3719 6
3720 1
3721 5
3722 1
3723 1
3724 1
3725 5
3726 2
3727 3
3728 1
3729 -1
3730 1
3731 6
3732 5
3733 3
3734 5
3735 5
3736 1
3737 1
3738 4
3739 1
3740 2
3741 0
3742 -1
3743 3
3744 2
3745 0
3746 5
3747 1
3748 6
3749 0
3750 3
3751 2
3752 6
3753 5
3754 6
3755 4
3756 6
3757 5
3758 2
3759 6
3760 2
3761 5
3762 5
3763 6
3764 4
3765 0
3766 2
3767 1
3768 6
3769 1
3770 6
3771 1
3772 5
3773 5
3774 3
3775 -1
3776 5
3777 3
3778 1
3779 5
3780 5
3781 6
3782 1
3783 1
3784 0
3785 6
3786 -1
3787 6
3788 2
3789 3
3790 5
3791 1
3792 0
3793 2
3794 0
3795 3
3796 3
3797 6
3798 5
3799 6
3800 3
3801 3
3802 1
3803 1
3804 2
3805 2
3806 1
3807 5
3808 2
3809 5
3810 3
3811 3
3812 1
3813 2
3814 1
3815 1
3816 3
3817 6
3818 0
3819 6
3820 5
3821 3
3822 -1
3823 6
3824 1
3825 1
3826 3
3827 -1
3828 0
3829 6
3830 6
3831 0
3832 1
3833 3
3834 3
3835 1
3836 -1
3837 1
3838 6
3839 5
3840 5
3841 6
3842 1
3843 1
3844 6
3845 1
3846 3
3847 5
3848 2
3849 2
3850 5
3851 5
3852 3
3853 0
3854 5
3855 6
3856 5
3857 2
3858 6
3859 1
3860 3
3861 3
3862 1
3863 1
3864 6
3865 0
3866 4
3867 4
3868 6
3869 5
3870 6
3871 5
3872 6
3873 4
3874 3
3875 6
3876 0
3877 3
3878 6
3879 6
3880 3
3881 1
3882 6
3883 1
3884 3
3885 6
3886 0
3887 4
3888 3
3889 5
3890 1
3891 0
3892 1
3893 1
3894 3
3895 2
3896 2
3897 0
3898 1
3899 0
3900 2
3901 6
3902 1
3903 5
3904 5
3905 1
3906 5
3907 3
3908 4
3909 5
3910 6
3911 3
3912 4
3913 4
3914 -1
3915 1
3916 3
3917 2
3918 6
3919 -1
3920 1
3921 5
3922 3
3923 5
3924 5
3925 1
3926 2
3927 6
3928 0
3929 2
3930 1
3931 1
3932 6
3933 3
3934 5
3935 1
3936 3
3937 1
3938 4
3939 6
3940 5
3941 3
3942 6
3943 5
3944 3
3945 1
3946 4
3947 2
3948 0
3949 3
3950 1
3951 2
3952 -1
3953 1
3954 1
3955 2
3956 5
3957 3
3958 2
3959 0
3960 3
3961 2
3962 2
3963 0
3964 2
3965 5
3966 1
3967 4
3968 1
3969 1
3970 1
3971 3
3972 0
3973 -1
3974 0
3975 2
3976 -1
3977 3
3978 6
3979 3
3980 5
3981 2
3982 -1
3983 0
3984 3
3985 1
3986 5
3987 3
3988 1
3989 6
3990 6
3991 5
3992 1
3993 0
3994 6
3995 6
3996 -1
3997 6
3998 5
3999 1
4000 1
4001 6
4002 6
4003 1
4004 -1
4005 6
4006 5
4007 6
4008 3
4009 6
4010 4
4011 1
4012 5
4013 2
4014 2
4015 6
4016 1
4017 3
4018 6
4019 5
4020 3
4021 5
4022 4
4023 0
4024 1
4025 4
4026 6
4027 6
4028 6
4029 6
4030 6
4031 6
4032 5
4033 6
4034 5
4035 3
4036 5
4037 1
4038 6
4039 5
4040 5
4041 0
4042 -1
4043 3
4044 5
4045 1
4046 1
4047 6
4048 5
4049 2
4050 1
4051 6
4052 1
4053 6
4054 6
4055 5
4056 6
4057 1
4058 4
4059 6
4060 3
4061 1
4062 4
4063 1
4064 2
4065 6
4066 6
4067 6
4068 5
4069 6
4070 1
4071 6
4072 0
4073 5
4074 5
4075 5
4076 6
4077 0
4078 4
4079 5
4080 2
4081 6
4082 5
4083 1
4084 3
4085 -1
4086 6
4087 0
4088 5
4089 6
4090 5
4091 -1
4092 1
4093 5
4094 5
4095 5
4096 6
4097 6
4098 6
4099 1
4100 2
4101 3
4102 5
4103 5
4104 1
4105 6
4106 0
4107 6
4108 6
4109 0
4110 6
4111 2
4112 5
4113 5
4114 4
4115 3
4116 1
4117 5
4118 0
4119 1
4120 -1
4121 1
4122 6
4123 1
4124 2
4125 6
4126 -1
4127 1
4128 5
4129 1
4130 3
4131 -1
4132 1
4133 6
4134 5
4135 3
4136 2
4137 6
4138 6
4139 3
4140 0
4141 6
4142 6
4143 1
4144 6
4145 3
4146 1
4147 1
4148 2
4149 0
4150 2
4151 1
4152 2
4153 3
4154 0
4155 6
4156 6
4157 1
4158 5
4159 1
4160 1
4161 2
4162 6
4163 1
4164 1
4165 6
4166 3
4167 6
4168 5
4169 6
4170 0
4171 3
4172 6
4173 5
4174 1
4175 1
4176 5
4177 5
4178 6
4179 6
4180 5
4181 1
4182 0
4183 4
4184 6
4185 1
4186 6
4187 6
4188 6
4189 5
4190 0
4191 3
4192 1
4193 0
4194 1
4195 2
4196 -1
4197 5
4198 -1
4199 -1
4200 4
4201 5
4202 1
4203 5
4204 1
4205 1
4206 0
4207 5
4208 1
4209 0
4210 1
4211 1
4212 6
4213 2
4214 -1
4215 0
4216 -1
4217 4
4218 0
4219 6
4220 3
4221 3
4222 6
4223 6
4224 6
4225 1
4226 0
4227 5
4228 4
4229 6
4230 5
4231 1
4232 2
4233 2
4234 6
4235 5
4236 4
4237 1
4238 0
4239 5
4240 1
4241 6
4242 6
4243 5
4244 0
4245 -1
4246 5
4247 5
4248 6
4249 6
4250 6
4251 6
4252 6
4253 1
4254 5
4255 6
4256 3
4257 2
4258 3
4259 5
4260 0
4261 1
4262 6
4263 3
4264 1
4265 6
4266 1
4267 -1
4268 0
4269 2
4270 3
4271 4
4272 5
4273 5
4274 6
4275 5
4276 5
4277 0
4278 1
4279 3
4280 5
4281 -1
4282 5
4283 2
4284 2
4285 6
4286 3
4287 1
4288 5
4289 1
4290 3
4291 6
4292 5
4293 5
4294 1
4295 1
4296 2
4297 1
4298 1
4299 6
4300 5
4301 6
4302 5
4303 3
4304 6
4305 -1
4306 1
4307 6
4308 2
4309 1
4310 1
4311 6
4312 6
4313 -1
4314 0
4315 6
4316 3
4317 4
4318 0
4319 1
4320 1
4321 1
4322 -1
4323 -1
4324 0
4325 1
4326 5
4327 5
4328 6
4329 5
4330 2
4331 0
4332 6
4333 2
4334 5
4335 1
4336 1
4337 1
4338 1
4339 0
4340 1
4341 1
4342 4
4343 2
4344 1
4345 6
4346 3
4347 0
4348 5
4349 -1
4350 6
4351 0
4352 2
4353 5
4354 1
4355 6
4356 6
4357 3
4358 5
4359 2
4360 6
4361 6
4362 1
4363 5
4364 1
4365 0
4366 0
4367 2
4368 5
4369 2
4370 6
4371 6
4372 6
4373 5
4374 5
4375 2
4376 6
4377 4
4378 6
4379 6
4380 6
4381 5
4382 1
4383 2
4384 2
4385 2
4386 2
4387 1
4388 6
4389 0
4390 6
4391 1
4392 -1
4393 6
4394 6
4395 6
4396 2
4397 1
4398 3
4399 3
4400 -1
4401 1
4402 5
4403 6
4404 1
4405 6
4406 3
4407 6
4408 1
4409 2
4410 3
4411 5
4412 2
4413 2
4414 5
4415 6
4416 3
4417 1
4418 1
4419 1
4420 3
4421 6
4422 4
4423 6
4424 2
4425 6
4426 6
4427 6
4428 0
4429 5
4430 6
4431 2
4432 6
4433 5
4434 1
4435 3
4436 6
4437 6
4438 4
4439 2
4440 1
4441 5
4442 1
4443 6
4444 3
4445 6
4446 5
4447 3
4448 1
4449 5
4450 5
4451 6
4452 5
4453 3
4454 5
4455 3
4456 1
4457 6
4458 2
4459 6
4460 6
4461 0
4462 6
4463 1
4464 3
4465 5
4466 1
4467 6
4468 2
4469 5
4470 3
4471 6
4472 5
4473 5
4474 1
4475 5
4476 5
4477 6
4478 1
4479 1
4480 1
4481 1
4482 2
4483 0
4484 5
4485 6
4486 1
4487 1
4488 -1
4489 3
4490 3
4491 -1
4492 4
4493 6
4494 -1
4495 3
4496 1
4497 3
4498 6
4499 1
4500 5
4501 5
4502 3
4503 6
4504 2
4505 5
4506 3
4507 5
4508 0
4509 1
4510 6
4511 -1
4512 3
4513 5
4514 6
4515 5
4516 5
4517 1
4518 3
4519 6
4520 3
4521 0
4522 6
4523 4
4524 1
4525 6
4526 1
4527 5
4528 1
4529 6
4530 0
4531 1
4532 3
4533 1
4534 1
4535 5
4536 1
4537 2
4538 3
4539 2
4540 3
4541 4
4542 0
4543 3
4544 1
4545 5
4546 1
4547 6
4548 -1
4549 3
4550 5
4551 6
4552 1
4553 6
4554 1
4555 6
4556 1
4557 5
4558 2
4559 5
4560 6
4561 4
4562 3
4563 6
4564 6
4565 0
4566 1
4567 1
4568 6
4569 5
4570 1
4571 5
4572 5
4573 1
4574 1
4575 6
4576 5
4577 6
4578 3
4579 0
4580 2
4581 5
4582 1
4583 6
4584 1
4585 2
4586 5
4587 2
4588 1
4589 5
4590 6
4591 0
4592 1
4593 2
4594 2
4595 -1
4596 3
4597 3
4598 6
4599 1
4600 5
4601 5
4602 0
4603 3
4604 1
4605 2
4606 3
4607 2
4608 2
4609 3
4610 -1
4611 6
4612 1
4613 6
4614 6
4615 6
4616 0
4617 1
4618 1
4619 5
4620 0
4621 5
4622 1
4623 5
4624 0
4625 3
4626 5
4627 -1
4628 5
4629 3
4630 0
4631 1
4632 5
4633 6
4634 0
4635 1
4636 1
4637 5
4638 6
4639 5
4640 1
4641 6
4642 4
4643 6
4644 5
4645 1
4646 6
4647 1
4648 5
4649 5
4650 3
4651 5
4652 0
4653 5
4654 4
4655 5
4656 6
4657 6
4658 1
4659 -1
4660 0
4661 6
4662 3
4663 0
4664 6
4665 1
4666 6
4667 2
4668 2
4669 6
4670 5
4671 0
4672 5
4673 0
4674 1
4675 5
4676 5
4677 3
4678 6
4679 5
4680 -1
4681 2
4682 1
4683 1
4684 2
4685 5
4686 1
4687 1
4688 6
4689 2
4690 0
4691 5
4692 6
4693 -1
4694 -1
4695 2
4696 1
4697 5
4698 6
4699 6
4700 5
4701 5
4702 1
4703 6
4704 -1
4705 0
4706 3
4707 5
4708 3
4709 0
4710 1
4711 2
4712 4
4713 5
4714 4
4715 2
4716 5
4717 3
4718 6
4719 -1
4720 0
4721 3
4722 5
4723 3
4724 6
4725 5
4726 6
4727 3
4728 6
4729 0
4730 1
4731 5
4732 1
4733 6
4734 1
4735 0
4736 5
4737 4
4738 6
4739 3
4740 1
4741 3
4742 5
4743 3
4744 5
4745 5
4746 6
4747 5
4748 5
4749 1
4750 3
4751 1
4752 6
4753 6
4754 0
4755 1
4756 6
4757 6
4758 6
4759 5
4760 2
4761 -1
4762 5
4763 1
4764 5
4765 6
4766 5
4767 5
4768 5
4769 0
4770 6
4771 5
4772 5
4773 1
4774 6
4775 5
4776 2
4777 0
4778 1
4779 1
4780 2
4781 6
4782 6
4783 1
4784 5
4785 5
4786 1
4787 2
4788 2
4789 5
4790 5
4791 5
4792 5
4793 5
4794 6
4795 3
4796 1
4797 -1
4798 -1
4799 -1
4800 5
4801 3
4802 1
4803 3
4804 6
4805 3
4806 2
4807 6
4808 6
4809 6
4810 6
4811 6
4812 6
4813 5
4814 3
4815 6
4816 5
4817 6
4818 3
4819 6
4820 5
4821 1
4822 2
4823 6
4824 5
4825 5
4826 1
4827 1
4828 2
4829 2
4830 -1
4831 3
4832 3
4833 0
4834 5
4835 5
4836 0
4837 1
4838 0
4839 0
4840 5
4841 6
4842 3
4843 1
4844 6
4845 6
4846 1
4847 3
4848 6
4849 1
4850 -1
4851 5
4852 0
4853 5
4854 5
4855 3
4856 6
4857 6
4858 1
4859 2
4860 5
4861 1
4862 3
4863 6
4864 1
4865 3
4866 0
4867 5
4868 1
4869 4
4870 0
4871 6
4872 4
4873 3
4874 6
4875 6
4876 6
4877 5
4878 2
4879 3
4880 5
4881 6
4882 1
4883 1
4884 -1
4885 5
4886 5
4887 0
4888 0
4889 1
4890 5
4891 4
4892 6
4893 -1
4894 6
4895 6
4896 6
4897 5
4898 -1
4899 3
4900 5
4901 0
4902 5
4903 3
4904 1
4905 0
4906 6
4907 0
4908 3
4909 5
4910 1
4911 6
4912 3
4913 3
4914 1
4915 3
4916 6
4917 6
4918 3
4919 0
4920 3
4921 1
4922 5
4923 -1
4924 1
4925 1
4926 6
4927 6
4928 5
4929 6
4930 5
4931 5
4932 -1
4933 5
4934 6
4935 6
4936 1
4937 5
4938 0
4939 6
4940 6
4941 3
4942 1
4943 6
4944 -1
4945 5
4946 3
4947 6
4948 1
4949 2
4950 2
4951 0
4952 3
4953 5
4954 1
4955 6
4956 1
4957 5
4958 6
4959 6
4960 2
4961 1
4962 3
4963 6
4964 6
4965 6
4966 1
4967 5
4968 -1
4969 5
4970 6
4971 0
4972 3
4973 1
4974 2
4975 3
4976 3
4977 3
4978 6
4979 3
4980 2
4981 5
4982 5
4983 1
4984 0
4985 3
4986 6
4987 5
4988 6
4989 3
4990 3
4991 6
4992 6
4993 5
4994 0
4995 6
4996 4
4997 5
4998 4
4999 6
5000 2
5001 6
5002 6
5003 6
5004 2
5005 3
5006 5
5007 6
5008 6
5009 -1
5010 1
5011 5
5012 3
5013 5
5014 6
5015 3
5016 -1
5017 -1
5018 3
5019 6
5020 0
5021 1
5022 2
5023 6
5024 5
5025 5
5026 3
5027 3
5028 6
5029 6
5030 6
5031 2
5032 3
5033 6
5034 0
5035 5
5036 3
5037 6
5038 5
5039 6
5040 1
5041 5
5042 1
5043 6
5044 5
5045 3
5046 1
5047 6
5048 6
5049 1
5050 3
5051 1
5052 0
5053 1
5054 -1
5055 5
5056 3
5057 2
5058 1
5059 2
5060 3
5061 0
5062 5
5063 0
5064 6
5065 3
5066 1
5067 1
5068 6
5069 1
5070 0
5071 3
5072 2
5073 3
5074 0
5075 6
5076 1
5077 6
5078 0
5079 5
5080 3
5081 5
5082 3
5083 1
5084 6
5085 1
5086 3
5087 3
5088 6
5089 1
5090 6
5091 1
5092 6
5093 3
5094 0
5095 3
5096 5
5097 5
5098 1
5099 3
5100 1
5101 5
5102 6
5103 1
5104 5
5105 1
5106 3
5107 6
5108 2
5109 5
5110 5
5111 4
5112 3
5113 3
5114 1
5115 0
5116 3
5117 5
5118 0
5119 6
5120 1
5121 -1
5122 3
5123 1
5124 1
5125 6
5126 6
5127 6
5128 6
5129 6
5130 5
5131 6
5132 1
5133 0
5134 0
5135 1
5136 6
5137 1
5138 6
5139 3
5140 -1
5141 3
5142 6
5143 5
5144 6
5145 1
5146 5
5147 1
5148 5
5149 5
5150 5
5151 2
5152 -1
5153 3
5154 3
5155 -1
5156 3
5157 4
5158 1
5159 1
5160 3
5161 1
5162 6
5163 1
5164 3
5165 6
5166 6
5167 5
5168 5
5169 6
5170 3
5171 5
5172 6
5173 1
5174 5
5175 3
5176 1
5177 6
5178 4
5179 6
5180 1
5181 5
5182 0
5183 5
5184 2
5185 5
5186 3
5187 6
5188 5
5189 0
5190 6
5191 4
5192 6
5193 0
5194 0
5195 4
5196 2
5197 0
5198 6
5199 -1
5200 2
5201 1
5202 6
5203 5
5204 4
5205 6
5206 2
5207 0
5208 0
5209 1
5210 3
5211 5
5212 5
5213 2
5214 0
5215 0
5216 5
5217 5
5218 3
5219 6
5220 1
5221 1
5222 5
5223 1
5224 3
5225 5
5226 2
5227 2
5228 2
5229 3
5230 2
5231 0
5232 3
5233 2
5234 5
5235 1
5236 1
5237 6
5238 4
5239 3
5240 5
5241 3
5242 5
5243 5
5244 1
5245 6
5246 0
5247 2
5248 1
5249 4
5250 0
5251 0
5252 3
5253 3
5254 2
5255 0
5256 5
5257 1
5258 1
5259 6
5260 5
5261 5
5262 5
5263 3
5264 5
5265 6
5266 5
5267 3
5268 5
5269 4
5270 6
5271 5
5272 5
5273 6
5274 5
5275 1
5276 2
5277 0
5278 6
5279 4
5280 1
5281 6
5282 6
5283 4
5284 3
5285 1
5286 0
5287 2
5288 -1
5289 2
5290 1
5291 5
5292 1
5293 5
5294 6
5295 6
5296 6
5297 1
5298 1
5299 1
5300 5
5301 3
5302 1
5303 1
5304 3
5305 4
5306 6
5307 5
5308 2
5309 5
5310 3
5311 -1
5312 2
5313 2
5314 1
5315 3
5316 1
5317 6
5318 1
5319 6
5320 0
5321 3
5322 0
5323 1
5324 2
5325 1
5326 5
5327 3
5328 0
5329 6
5330 1
5331 6
5332 6
5333 1
5334 3
5335 0
5336 -1
5337 2
5338 4
5339 1
5340 5
5341 2
5342 6
5343 1
5344 6
5345 6
5346 3
5347 6
5348 5
5349 1
5350 0
5351 6
5352 1
5353 1
5354 6
5355 5
5356 1
5357 1
5358 5
5359 3
5360 3
5361 1
5362 0
5363 2
5364 3
5365 5
5366 3
5367 5
5368 0
5369 0
5370 6
5371 5
5372 1
5373 6
5374 1
5375 2
5376 0
5377 6
5378 5
5379 6
5380 1
5381 4
5382 5
5383 1
5384 1
5385 4
5386 5
5387 5
5388 -1
5389 1
5390 3
5391 1
5392 3
5393 3
5394 5
5395 1
5396 2
5397 5
5398 3
5399 3
5400 3
5401 1
5402 6
5403 1
5404 6
5405 3
5406 0
5407 0
5408 0
5409 4
5410 5
5411 0
5412 6
5413 -1
5414 4
5415 3
5416 5
5417 1
5418 6
5419 6
5420 5
5421 2
5422 6
5423 2
5424 5
5425 1
5426 5
5427 5
5428 3
5429 6
5430 5
5431 1
5432 -1
5433 3
5434 0
5435 0
5436 -1
5437 1
5438 4
5439 5
5440 1
5441 1
5442 4
5443 0
5444 5
5445 6
5446 5
5447 2
5448 1
5449 0
5450 1
5451 4
5452 6
5453 1
5454 6
5455 3
5456 4
5457 6
5458 2
5459 2
5460 1
5461 4
5462 3
5463 5
5464 2
5465 1
5466 0
5467 3
5468 3
5469 6
5470 5
5471 -1
5472 6
5473 0
5474 6
5475 0
5476 3
5477 1
5478 6
5479 5
5480 6
5481 6
5482 6
5483 6
5484 -1
5485 5
5486 3
5487 6
5488 3
5489 4
5490 6
5491 5
5492 3
5493 3
5494 3
5495 1
5496 3
5497 5
5498 5
5499 2
5500 -1
5501 2
5502 5
5503 1
5504 -1
5505 0
5506 2
5507 2
5508 5
5509 1
5510 1
5511 1
5512 1
5513 5
5514 3
5515 6
5516 1
5517 0
5518 3
5519 0
5520 6
5521 2
5522 1
5523 4
5524 5
5525 2
5526 3
5527 1
5528 3
5529 5
5530 -1
5531 6
5532 0
5533 3
5534 1
5535 5
5536 -1
5537 6
5538 3
5539 6
5540 3
5541 5
5542 3
5543 -1
5544 6
5545 6
5546 0
5547 6
5548 0
5549 1
5550 2
5551 6
5552 5
5553 6
5554 6
5555 3
5556 3
5557 3
5558 -1
5559 2
5560 1
5561 6
5562 6
5563 1
5564 -1
5565 5
5566 3
5567 6
5568 5
5569 5
5570 -1
5571 4
5572 5
5573 1
5574 2
5575 5
5576 5
5577 -1
5578 1
5579 3
5580 -1
5581 5
5582 1
5583 0
5584 3
5585 1
5586 1
5587 5
5588 5
5589 3
5590 6
5591 3
5592 4
5593 3
5594 3
5595 5
5596 6
5597 1
5598 0
5599 0
5600 5
5601 3
5602 2
5603 6
5604 2
5605 6
5606 -1
5607 3
5608 3
5609 1
5610 1
5611 6
5612 0
5613 5
5614 0
5615 3
5616 1
5617 3
5618 6
5619 3
5620 5
5621 5
5622 1
5623 1
5624 6
5625 6
5626 6
5627 1
5628 0
5629 5
5630 0
5631 1
5632 -1
5633 5
5634 -1
5635 1
5636 0
5637 5
5638 5
5639 1
5640 5
5641 5
5642 5
5643 3
5644 5
5645 3
5646 0
5647 2
5648 4
5649 -1
5650 6
5651 -1
5652 3
5653 5
5654 1
5655 6
5656 1
5657 6
5658 2
5659 3
5660 3
5661 0
5662 3
5663 4
5664 6
5665 6
5666 5
5667 6
5668 5
5669 0
5670 6
5671 1
5672 6
5673 5
5674 6
5675 2
5676 5
5677 5
5678 1
5679 1
5680 0
5681 6
5682 3
5683 5
5684 4
5685 5
5686 6
5687 5
5688 -1
5689 6
5690 1
5691 6
5692 3
5693 5
5694 0
5695 3
5696 3
5697 5
5698 3
5699 6
5700 1
5701 6
5702 4
5703 -1
5704 1
5705 4
5706 1
5707 0
5708 -1
5709 3
5710 6
5711 3
5712 0
5713 6
5714 -1
5715 6
5716 5
5717 2
5718 3
5719 4
5720 -1
5721 2
5722 3
5723 5
5724 1
5725 3
5726 5
5727 5
5728 -1
5729 5
5730 5
5731 3
5732 5
5733 0
5734 1
5735 6
5736 5
5737 6
5738 0
5739 3
5740 6
5741 1
5742 2
5743 6
5744 0
5745 1
5746 1
5747 0
5748 -1
5749 2
5750 5
5751 5
5752 6
5753 1
5754 6
5755 6
5756 6
5757 5
5758 0
5759 1
5760 5
5761 6
5762 4
5763 2
5764 6
5765 6
5766 5
5767 4
5768 2
5769 1
5770 6
5771 1
5772 -1
5773 1
5774 6
5775 1
5776 3
5777 5
5778 3
5779 4
5780 2
5781 4
5782 5
5783 6
5784 6
5785 2
5786 1
5787 6
5788 1
5789 3
5790 0
5791 1
5792 4
5793 0
5794 6
5795 6
5796 5
5797 6
5798 5
5799 0
5800 6
5801 3
5802 5
5803 5
5804 5
5805 -1
5806 6
5807 5
5808 1
5809 1
5810 1
5811 1
5812 -1
5813 1
5814 2
5815 1
5816 6
5817 5
5818 6
5819 0
5820 0
5821 5
5822 3
5823 5
5824 1
5825 1
5826 6
5827 2
5828 6
5829 -1
5830 1
5831 3
5832 2
5833 6
5834 5
5835 0
5836 -1
5837 1
5838 6
5839 1
5840 5
5841 5
5842 6
5843 6
5844 6
5845 3
5846 1
5847 4
5848 5
5849 5
5850 0
5851 3
5852 5
5853 5
5854 1
5855 -1
5856 3
5857 6
5858 -1
5859 6
5860 5
5861 6
5862 5
5863 5
5864 5
5865 3
5866 6
5867 5
5868 1
5869 6
5870 5
5871 5
5872 6
5873 3
5874 0
5875 2
5876 1
5877 6
5878 2
5879 0
5880 1
5881 6
5882 0
5883 3
5884 0
5885 5
5886 0
5887 3
5888 4
5889 5
5890 6
5891 6
5892 6
5893 2
5894 2
5895 6
5896 3
5897 1
5898 0
5899 -1
5900 1
5901 3
5902 5
5903 1
5904 5
5905 5
5906 6
5907 2
5908 5
5909 1
5910 5
5911 6
5912 1
5913 5
5914 2
5915 5
5916 2
5917 2
5918 3
5919 0
5920 4
5921 4
5922 3
5923 -1
5924 5
5925 3
5926 5
5927 6
5928 3
5929 6
5930 1
5931 5
5932 1
5933 5
5934 6
5935 -1
5936 6
5937 5
5938 1
5939 5
5940 3
5941 5
5942 1
5943 6
5944 0
5945 6
5946 0
5947 2
5948 6
5949 5
5950 6
5951 3
5952 1
5953 3
5954 1
5955 1
5956 5
5957 1
5958 6
5959 1
5960 6
5961 3
5962 5
5963 5
5964 5
5965 -1
5966 1
5967 5
5968 3
5969 -1
5970 6
5971 1
5972 2
5973 1
5974 0
5975 5
5976 5
5977 2
5978 1
5979 5
5980 1
5981 1
5982 2
5983 3
5984 1
5985 3
5986 0
5987 6
5988 1
5989 5
5990 1
5991 1
5992 5
5993 1
5994 1
5995 6
5996 1
5997 5
5998 3
5999 1
6000 2
6001 6
6002 6
6003 0
6004 3
6005 1
6006 2
6007 5
6008 2
6009 0
6010 5
6011 5
6012 6
6013 3
6014 2
6015 3
6016 5
6017 1
6018 0
6019 5
6020 1
6021 -1
6022 5
6023 6
6024 1
6025 5
6026 6
6027 3
6028 1
6029 5
6030 3
6031 1
6032 2
6033 6
6034 3
6035 3
6036 5
6037 6
6038 3
6039 3
6040 1
6041 2
6042 0
6043 3
6044 5
6045 5
6046 3
6047 3
6048 6
6049 -1
6050 6
6051 1
6052 4
6053 1
6054 3
6055 0
6056 5
6057 3
6058 5
6059 3
6060 6
6061 4
6062 5
6063 -1
6064 3
6065 1
6066 6
6067 0
6068 2
6069 5
6070 6
6071 -1
6072 0
6073 1
6074 5
6075 2
6076 1
6077 1
6078 2
6079 6
6080 1
6081 2
6082 3
6083 0
6084 3
6085 2
6086 5
6087 6
6088 5
6089 5
6090 2
6091 6
6092 6
6093 -1
6094 6
6095 5
6096 6
6097 6
6098 2
6099 3
6100 6
6101 6
6102 4
6103 1
6104 6
6105 5
6106 4
6107 0
6108 5
6109 6
6110 3
6111 1
6112 6
6113 6
6114 3
6115 5
6116 6
6117 2
6118 -1
6119 2
6120 3
6121 6
6122 5
6123 5
6124 6
6125 1
6126 3
6127 -1
6128 6
6129 1
6130 5
6131 4
6132 3
6133 6
6134 1
6135 5
6136 6
6137 4
6138 5
6139 1
6140 5
6141 3
6142 0
6143 5
6144 5
6145 5
6146 1
6147 2
6148 5
6149 3
6150 3
6151 6
