0 4
1 2
2 4
3 4
4 1
5 4
6 1
7 0
8 4
9 0
10 4
11 -1
12 3
13 3
14 4
15 1
16 3
17 1
18 2
19 4
20 1
21 1
22 1
23 4
24 3
25 4
26 0
27 1
28 4
29 4
30 4
31 4
32 1
33 4
34 4
35 2
36 1
37 2
38 3
39 4
40 4
41 1
42 2
43 4
44 2
45 2
46 3
47 0
48 4
49 1
50 4
51 4
52 4
53 4
54 4
55 2
56 1
57 4
58 2
59 4
60 1
61 3
62 4
63 3
64 3
65 1
66 1
67 4
68 4
69 3
70 2
71 4
72 1
73 4
74 3
75 4
76 4
77 2
78 4
79 0
80 4
81 4
82 0
83 2
84 1
85 0
86 2
87 1
88 0
89 3
90 4
91 1
92 1
93 4
94 4
95 4
96 1
97 0
98 3
99 0
100 4
101 3
102 4
103 0
104 3
105 4
106 4
107 4
108 2
109 0
110 1
111 3
112 4
113 3
114 4
115 4
116 0
117 4
118 4
119 0
120 2
121 1
122 1
123 2
124 1
125 4
126 4
127 1
128 0
129 4
130 4
131 4
132 3
133 2
134 1
135 2
136 0
137 1
138 0
139 4
140 2
141 2
142 3
143 1
144 3
145 4
146 1
147 0
148 1
149 4
150 4
151 2
152 3
153 2
154 3
155 1
156 3
157 2
158 4
159 4
160 4
161 1
162 4
163 1
164 1
165 1
166 4
167 0
168 3
169 0
170 4
171 1
172 2
173 4
174 3
175 2
176 2
177 1
178 4
179 4
180 1
181 1
182 4
183 4
184 3
185 0
186 3
187 4
188 2
189 4
190 4
191 4
192 4
193 1
194 4
195 2
196 3
197 4
198 1
199 -1
200 4
201 4
202 1
203 2
204 4
205 1
206 4
207 4
208 4
209 1
210 1
211 1
212 3
213 4
214 0
215 3
216 2
217 3
218 1
219 4
220 4
221 3
222 4
223 4
224 4
225 4
226 4
227 3
228 4
229 4
230 -1
231 4
232 4
233 1
234 1
235 4
236 0
237 3
238 0
239 2
240 1
241 4
242 1
243 4
244 4
245 3
246 1
247 1
248 3
249 4
250 4
251 1
252 -1
253 1
254 1
255 4
256 4
257 -1
258 1
259 1
260 4
261 4
262 4
263 4
264 3
265 4
266 1
267 3
268 2
269 1
270 3
271 3
272 0
273 0
274 1
275 3
276 4
277 3
278 -1
279 3
280 1
281 3
282 1
283 4
284 4
285 1
286 1
287 4
288 2
289 2
290 4
291 1
292 1
293 4
294 3
295 3
296 2
297 2
298 1
299 4
300 1
301 1
302 4
303 1
304 1
305 2
306 1
307 1
308 4
309 1
310 4
311 4
312 4
313 1
314 4
315 0
316 1
317 4
318 0
319 1
320 2
321 4
322 4
323 1
324 4
325 2
326 2
327 1
328 4
329 4
330 2
331 4
332 4
333 4
334 1
335 2
336 3
337 1
338 3
339 4
340 1
341 3
342 1
343 4
344 4
345 2
346 3
347 4
348 3
349 4
350 3
351 4
352 1
353 1
354 1
355 0
356 2
357 4
358 3
359 4
360 1
361 4
362 1
363 3
364 4
365 2
366 3
367 1
368 3
369 1
370 1
371 4
372 3
373 0
374 4
375 0
376 0
377 4
378 4
379 4
380 4
381 2
382 4
383 4
384 3
385 0
386 4
387 4
388 4
389 0
390 0
391 2
392 3
393 3
394 1
395 4
396 3
397 4
398 1
399 1
400 4
401 4
402 1
403 1
404 1
405 1
406 4
407 2
408 4
409 3
410 4
411 4
412 4
413 4
414 3
415 2
416 2
417 3
418 4
419 1
420 1
421 4
422 4
423 1
424 4
425 1
426 4
427 2
428 2
429 4
430 2
431 4
432 2
433 1
434 3
435 2
436 1
437 0
438 3
439 4
440 4
441 1
442 2
443 1
444 4
445 3
446 1
447 0
448 0
449 2
450 2
451 1
452 1
453 4
454 1
455 4
456 0
457 4
458 1
459 1
460 2
461 4
462 2
463 1
464 4
465 1
466 4
467 1
468 4
469 1
470 2
471 1
472 1
473 0
474 3
475 4
476 3
477 1
478 1
479 0
480 1
481 4
482 2
483 4
484 4
485 0
486 1
487 1
488 4
489 2
490 4
491 3
492 1
493 1
494 3
495 3
496 2
497 4
498 0
499 1
500 4
501 2
502 1
503 1
504 0
505 3
506 0
507 2
508 2
509 3
510 4
511 4
512 1
513 1
514 3
515 1
516 1
517 4
518 1
519 4
520 1
521 3
522 1
523 0
524 0
525 4
526 4
527 2
528 4
529 2
530 4
531 3
532 4
533 4
534 1
535 3
536 3
537 3
538 1
539 1
540 3
541 3
542 4
543 2
544 1
545 1
546 1
547 1
548 1
549 1
550 1
551 0
552 1
553 1
554 1
555 3
556 2
557 3
558 0
559 1
560 3
561 4
562 2
563 -1
564 0
565 4
566 1
567 -1
568 4
569 1
570 4
571 4
572 1
573 0
574 4
575 1
576 1
577 2
578 4
579 1
580 4
581 4
582 0
583 4
584 2
585 4
586 2
587 4
588 4
589 2
590 1
591 0
592 0
593 4
594 1
595 1
596 2
597 1
598 3
599 1
600 2
601 4
602 1
603 1
604 2
605 4
606 1
607 1
608 4
609 4
610 1
611 1
612 4
613 4
614 3
615 2
616 3
617 4
618 4
619 4
620 2
621 4
622 1
623 4
624 1
625 4
626 1
627 4
628 4
629 4
630 4
631 3
632 4
633 0
634 4
635 4
636 0
637 0
638 4
639 3
640 0
641 4
642 1
643 1
644 1
645 3
646 3
647 3
648 3
649 3
650 3
651 3
652 -1
653 4
654 2
655 4
656 0
657 4
658 0
659 1
660 1
661 1
662 3
663 2
664 0
665 4
666 2
667 4
668 0
669 0
670 0
671 1
672 0
673 3
674 4
675 3
676 2
677 4
678 4
679 2
680 1
681 1
682 0
683 2
684 4
685 4
686 2
687 4
688 1
689 0
690 4
691 1
692 4
693 2
694 4
695 3
696 4
697 4
698 3
699 4
700 4
701 3
702 0
703 2
704 3
705 1
706 4
707 3
708 3
709 4
710 1
711 1
712 0
713 4
714 4
715 0
716 4
717 4
718 4
719 4
720 1
721 3
722 4
723 3
724 1
725 4
726 4
727 3
728 3
729 2
730 4
731 3
732 4
733 3
734 3
735 1
736 3
737 4
738 2
739 1
740 4
741 2
742 4
743 3
744 4
745 1
746 1
747 4
748 4
749 4
750 4
751 4
752 2
753 1
754 1
755 2
756 4
757 2
758 3
759 1
760 4
761 4
762 4
763 0
764 1
765 4
766 3
767 3
768 2
769 4
770 4
771 4
772 0
773 4
774 0
775 4
776 3
777 4
778 4
779 4
780 1
781 0
782 4
783 3
784 4
785 1
786 3
787 3
788 4
789 3
790 1
791 4
792 4
793 3
794 1
795 1
796 1
797 4
798 4
799 1
800 3
801 4
802 4
803 3
804 2
805 4
806 1
807 3
808 2
809 4
810 4
811 4
812 1
813 2
814 2
815 2
816 4
817 3
818 1
819 3
820 0
821 1
822 1
823 1
824 1
825 4
826 4
827 3
828 1
829 4
830 4
831 1
832 4
833 3
834 3
835 3
836 1
837 0
838 3
839 1
840 1
841 0
842 3
843 3
844 1
845 4
846 1
847 4
848 1
849 1
850 4
851 3
852 3
853 1
854 4
855 3
856 0
857 4
858 3
859 4
860 4
861 3
862 1
863 4
864 0
865 0
866 0
867 2
868 4
869 4
870 4
871 2
872 0
873 1
874 0
875 4
876 1
877 2
878 1
879 2
880 4
881 4
882 3
883 1
884 1
885 2
886 1
887 1
888 4
889 2
890 2
891 1
892 1
893 4
894 3
895 1
896 4
897 1
898 2
899 1
900 0
901 2
902 2
903 4
904 4
905 1
906 3
907 4
908 0
909 0
910 1
911 4
912 4
913 4
914 1
915 2
916 4
917 4
918 4
919 3
920 2
921 1
922 3
923 2
924 3
925 4
926 4
927 4
928 3
929 1
930 4
931 1
932 1
933 3
934 1
935 4
936 4
937 2
938 1
939 4
940 4
941 3
942 4
943 2
944 1
945 1
946 4
947 2
948 2
949 1
950 3
951 1
952 1
953 4
954 4
955 1
956 -1
957 0
958 0
959 3
960 1
961 0
962 3
963 -1
964 1
965 2
966 4
967 4
968 3
969 2
970 1
971 1
972 1
973 4
974 3
975 4
976 4
977 4
978 1
979 0
980 1
981 4
982 1
983 0
984 3
985 0
986 1
987 4
988 1
989 4
990 1
991 1
992 4
993 1
994 4
995 2
996 4
997 1
998 1
999 3
1000 3
1001 0
1002 1
1003 1
1004 4
1005 1
1006 1
1007 4
1008 0
1009 3
1010 4
1011 3
1012 1
1013 3
1014 2
1015 4
1016 3
1017 4
1018 3
1019 4
1020 0
1021 4
1022 4
1023 0
1024 4
1025 4
1026 1
1027 4
1028 4
1029 2
1030 2
1031 4
1032 0
1033 3
1034 1
1035 1
1036 3
1037 1
1038 1
1039 1
1040 0
1041 1
1042 2
1043 4
1044 4
1045 1
1046 1
1047 1
1048 4
1049 3
1050 4
1051 4
1052 3
1053 3
1054 1
1055 1
1056 4
1057 0
1058 2
1059 4
1060 4
1061 0
1062 1
1063 4
1064 4
1065 1
1066 4
1067 4
1068 4
1069 0
1070 4
1071 0
1072 2
1073 1
1074 3
1075 1
1076 1
1077 2
1078 4
1079 4
1080 4
1081 1
1082 4
1083 1
1084 4
1085 1
1086 -1
1087 1
1088 0
1089 3
1090 2
1091 2
1092 4
1093 1
1094 1
1095 2
1096 3
1097 4
1098 0
1099 3
1100 4
1101 4
1102 2
1103 4
1104 0
1105 0
1106 3
1107 1
1108 4
1109 1
1110 2
1111 1
1112 3
1113 4
1114 1
1115 4
1116 2
1117 3
1118 0
1119 3
1120 4
1121 0
1122 1
1123 0
1124 1
1125 2
1126 1
1127 2
1128 4
1129 3
1130 1
1131 4
1132 4
1133 4
1134 4
1135 1
1136 2
1137 -1
1138 0
1139 4
1140 1
1141 2
1142 1
1143 3
1144 4
1145 4
1146 1
1147 4
1148 1
1149 1
1150 4
1151 1
1152 1
1153 1
1154 4
1155 1
1156 1
1157 4
1158 4
1159 -1
1160 1
1161 4
1162 4
1163 4
1164 1
1165 1
1166 3
1167 4
1168 1
1169 2
1170 4
1171 2
1172 2
1173 4
1174 1
1175 0
1176 3
1177 3
1178 2
1179 3
1180 4
1181 1
1182 4
1183 4
1184 3
1185 4
1186 2
1187 0
1188 3
1189 1
1190 1
1191 4
1192 4
1193 4
1194 4
1195 4
1196 1
1197 1
1198 1
1199 0
1200 1
1201 4
1202 1
1203 1
1204 0
1205 2
1206 4
1207 0
1208 1
1209 4
1210 4
1211 4
1212 4
1213 3
1214 2
1215 4
1216 4
1217 0
1218 4
1219 1
1220 1
1221 4
1222 1
1223 3
1224 4
1225 1
1226 1
1227 1
1228 1
1229 1
1230 3
1231 1
1232 4
1233 1
1234 2
1235 4
1236 -1
1237 3
1238 4
1239 4
1240 0
1241 4
1242 1
1243 0
1244 1
1245 4
1246 1
1247 4
1248 3
1249 4
1250 3
1251 0
1252 2
1253 2
1254 4
1255 2
1256 4
1257 4
1258 4
1259 4
1260 4
1261 -1
1262 1
1263 3
1264 1
1265 3
1266 3
1267 4
1268 0
1269 4
1270 4
1271 4
1272 4
1273 4
1274 4
1275 4
1276 3
1277 3
1278 2
1279 0
1280 2
1281 4
1282 4
1283 0
1284 4
1285 2
1286 4
1287 1
1288 1
1289 1
1290 3
1291 4
1292 4
1293 1
1294 2
1295 1
1296 2
1297 1
1298 4
1299 4
1300 4
1301 4
1302 4
1303 4
1304 4
1305 0
1306 3
1307 1
1308 1
1309 4
1310 3
1311 0
1312 1
1313 4
1314 0
1315 4
1316 4
1317 -1
1318 1
1319 0
1320 4
1321 4
1322 4
1323 1
1324 1
1325 1
1326 2
1327 2
1328 3
1329 2
1330 4
1331 4
1332 4
1333 2
1334 1
1335 1
1336 -1
1337 4
1338 1
1339 4
1340 2
1341 4
1342 1
1343 2
1344 4
1345 1
1346 2
1347 4
1348 2
1349 1
1350 4
1351 4
1352 1
1353 3
1354 4
1355 0
1356 4
1357 2
1358 2
1359 1
1360 3
1361 4
1362 3
1363 0
1364 3
1365 3
1366 1
1367 1
1368 4
1369 0
1370 0
1371 4
1372 4
1373 2
1374 4
1375 4
1376 4
1377 1
1378 4
1379 1
1380 4
1381 3
1382 2
1383 3
1384 1
1385 1
1386 4
1387 4
1388 4
1389 4
1390 4
1391 3
1392 1
1393 4
1394 4
1395 1
1396 1
1397 2
1398 4
1399 1
1400 4
1401 3
1402 4
1403 3
1404 3
1405 2
1406 4
1407 2
1408 4
1409 4
1410 0
1411 1
1412 4
1413 3
1414 3
1415 3
1416 0
1417 2
1418 4
1419 3
1420 4
1421 1
1422 3
1423 2
1424 0
1425 1
1426 3
1427 1
1428 1
1429 2
1430 1
1431 4
1432 4
1433 4
1434 3
1435 2
1436 -1
1437 4
1438 0
1439 1
1440 4
1441 4
1442 0
1443 4
1444 1
1445 2
1446 0
1447 3
1448 4
1449 4
1450 4
1451 4
1452 1
1453 3
1454 2
1455 3
1456 0
1457 4
1458 1
1459 4
1460 3
1461 4
1462 0
1463 1
1464 1
1465 2
1466 1
1467 3
1468 4
1469 2
1470 2
1471 4
1472 1
1473 4
1474 4
1475 2
1476 1
1477 2
1478 2
1479 3
1480 4
1481 4
1482 3
1483 3
1484 1
1485 4
1486 0
1487 1
1488 4
1489 1
1490 1
1491 2
1492 4
1493 1
1494 3
1495 0
1496 2
1497 1
1498 2
1499 4
1500 4
1501 1
1502 4
1503 4
1504 1
1505 4
1506 4
1507 1
1508 4
1509 3
1510 3
1511 4
1512 0
1513 1
1514 1
1515 4
1516 -1
1517 4
1518 4
1519 4
1520 1
1521 3
1522 1
1523 4
1524 0
1525 3
1526 2
1527 2
1528 1
1529 0
1530 -1
1531 4
1532 0
1533 4
1534 4
1535 1
1536 0
1537 3
1538 4
1539 1
1540 4
1541 4
1542 0
1543 1
1544 4
1545 -1
1546 4
1547 1
1548 4
1549 1
1550 2
1551 4
1552 1
1553 4
1554 2
1555 1
1556 4
1557 1
1558 4
1559 3
1560 4
1561 4
1562 4
1563 4
1564 3
1565 4
1566 -1
1567 1
1568 2
1569 4
1570 4
1571 2
1572 1
1573 1
1574 1
1575 0
1576 4
1577 4
1578 2
1579 1
1580 1
1581 0
1582 1
1583 4
1584 4
1585 2
1586 3
1587 4
1588 1
1589 1
1590 4
1591 3
1592 3
1593 0
1594 4
1595 4
1596 4
1597 0
1598 4
1599 4
1600 3
1601 -1
1602 4
1603 1
1604 0
1605 0
1606 2
1607 1
1608 4
1609 3
1610 0
1611 3
1612 2
1613 4
1614 2
1615 1
1616 0
1617 2
1618 4
1619 1
1620 4
1621 4
1622 1
1623 1
1624 2
1625 1
1626 1
1627 4
1628 1
1629 1
1630 1
1631 2
1632 1
1633 1
1634 0
1635 1
1636 4
1637 3
1638 1
1639 2
1640 0
1641 4
1642 4
1643 2
1644 3
1645 4
1646 1
1647 1
1648 3
1649 4
1650 3
1651 4
1652 4
1653 2
1654 2
1655 1
1656 1
1657 0
1658 1
1659 1
1660 4
1661 3
1662 2
1663 2
1664 4
1665 4
1666 3
1667 0
1668 1
1669 2
1670 4
1671 4
1672 4
1673 4
1674 2
1675 0
1676 4
1677 2
1678 3
1679 0
1680 1
1681 2
1682 1
1683 4
1684 4
1685 2
1686 4
1687 4
1688 0
1689 1
1690 0
1691 1
1692 3
1693 1
1694 3
1695 1
1696 4
1697 4
1698 3
1699 0
1700 1
1701 4
1702 4
1703 4
1704 4
1705 4
1706 1
1707 1
1708 0
1709 1
1710 0
1711 2
1712 1
1713 0
1714 -1
1715 4
1716 3
1717 3
1718 4
1719 1
1720 4
1721 1
1722 3
1723 4
1724 2
1725 4
1726 4
1727 1
1728 1
1729 4
1730 4
1731 4
1732 4
1733 4
1734 4
1735 0
1736 3
1737 2
1738 3
1739 1
1740 1
1741 4
1742 1
1743 0
1744 4
1745 0
1746 1
1747 2
1748 1
1749 1
1750 4
1751 1
1752 4
1753 1
1754 4
1755 1
1756 4
1757 3
1758 3
1759 2
1760 4
1761 2
1762 1
1763 0
1764 1
1765 1
1766 0
1767 3
1768 4
1769 4
1770 0
1771 3
1772 2
1773 4
1774 1
1775 4
1776 4
1777 1
1778 1
1779 4
1780 3
1781 1
1782 4
1783 3
1784 1
1785 4
1786 1
1787 0
1788 2
1789 1
1790 4
1791 2
1792 4
1793 4
1794 2
1795 4
1796 3
1797 4
1798 2
1799 2
1800 3
1801 4
1802 0
1803 2
1804 0
1805 4
1806 2
1807 3
1808 2
1809 0
1810 1
1811 3
1812 4
1813 2
1814 3
1815 2
1816 1
1817 1
1818 3
1819 3
1820 2
1821 3
1822 1
1823 1
1824 4
1825 4
1826 2
1827 4
1828 1
1829 2
1830 1
1831 1
1832 3
1833 4
1834 3
1835 1
1836 4
1837 4
1838 0
1839 3
1840 4
1841 4
1842 3
1843 1
1844 3
1845 4
1846 2
1847 4
1848 4
1849 0
1850 3
1851 1
1852 0
1853 2
1854 2
1855 3
1856 1
1857 2
1858 3
1859 1
1860 2
1861 4
1862 3
1863 4
1864 2
1865 4
1866 1
1867 4
1868 3
1869 2
1870 1
1871 3
1872 3
1873 4
1874 2
1875 1
1876 -1
1877 4
1878 4
1879 1
1880 3
1881 2
1882 2
1883 1
1884 0
1885 4
1886 4
1887 1
1888 3
1889 2
1890 4
1891 0
1892 4
1893 4
1894 1
1895 1
1896 1
1897 4
1898 0
1899 4
1900 4
1901 3
1902 2
1903 1
1904 1
1905 4
1906 3
1907 4
1908 4
1909 1
1910 1
1911 4
1912 4
1913 1
1914 1
1915 3
1916 1
1917 1
1918 1
1919 3
1920 2
1921 4
1922 4
1923 2
1924 0
1925 1
1926 3
1927 4
1928 1
1929 2
1930 4
1931 4
1932 4
1933 1
1934 2
1935 1
1936 3
1937 1
1938 4
1939 2
1940 0
1941 1
1942 4
1943 4
1944 4
1945 4
1946 3
1947 4
1948 1
1949 4
1950 4
1951 4
1952 2
1953 4
1954 2
1955 1
1956 1
1957 1
1958 4
1959 3
1960 4
1961 1
1962 4
1963 0
1964 2
1965 2
1966 1
1967 4
1968 4
1969 1
1970 2
1971 3
1972 4
1973 3
1974 1
1975 0
1976 1
1977 4
1978 0
1979 1
1980 4
1981 1
1982 1
1983 1
1984 4
1985 4
1986 0
1987 1
1988 2
1989 2
1990 3
1991 4
1992 4
1993 4
1994 1
1995 3
1996 4
1997 3
1998 0
1999 1
2000 1
2001 4
2002 4
2003 4
2004 4
2005 0
2006 1
2007 4
2008 3
2009 2
2010 3
2011 0
2012 1
2013 2
2014 1
2015 4
2016 3
2017 4
2018 1
2019 0
2020 4
2021 1
2022 1
2023 4
2024 1
2025 4
2026 1
2027 3
2028 4
2029 4
2030 2
2031 2
2032 3
2033 1
2034 3
2035 2
2036 3
2037 1
2038 3
2039 2
2040 4
2041 1
2042 1
2043 4
2044 1
2045 0
2046 4
2047 4
2048 4
2049 1
2050 4
2051 1
2052 4
2053 2
2054 0
2055 2
2056 1
2057 3
2058 4
2059 2
2060 2
2061 2
2062 4
2063 1
2064 4
2065 0
2066 2
2067 0
2068 4
2069 3
2070 1
2071 4
2072 4
2073 4
2074 2
2075 1
2076 4
2077 1
2078 1
2079 2
2080 3
2081 1
2082 1
2083 1
2084 0
2085 4
2086 2
2087 4
2088 2
2089 0
2090 1
2091 1
2092 4
2093 4
2094 1
2095 3
2096 4
2097 3
2098 4
2099 1
2100 4
2101 4
2102 -1
2103 3
2104 1
2105 1
2106 3
2107 4
2108 4
2109 3
2110 1
2111 4
2112 1
2113 3
2114 4
2115 1
2116 3
2117 4
2118 4
2119 3
2120 4
2121 1
2122 3
2123 4
2124 2
2125 4
2126 1
2127 2
2128 4
2129 0
2130 3
2131 3
2132 4
2133 3
2134 3
2135 4
2136 1
2137 1
2138 2
2139 0
2140 1
2141 1
2142 4
2143 1
2144 1
2145 4
2146 -1
2147 4
2148 1
2149 4
2150 3
2151 3
2152 1
2153 1
2154 4
2155 1
2156 0
2157 1
2158 2
2159 1
2160 1
2161 3
2162 1
2163 4
2164 0
2165 4
2166 1
2167 3
2168 3
2169 4
2170 3
2171 4
2172 3
2173 0
2174 2
2175 3
2176 1
2177 3
2178 3
2179 4
2180 4
2181 3
2182 2
2183 3
2184 2
2185 4
2186 2
2187 4
2188 1
2189 4
2190 1
2191 2
2192 4
2193 4
2194 3
2195 3
2196 4
2197 4
2198 4
2199 0
2200 1
2201 4
2202 4
2203 4
2204 0
2205 1
2206 2
2207 3
2208 2
2209 1
2210 1
2211 0
2212 3
2213 4
2214 4
2215 1
2216 4
2217 3
2218 1
2219 2
2220 2
2221 1
2222 1
2223 4
2224 4
2225 1
2226 2
2227 4
2228 4
2229 4
2230 4
2231 0
2232 1
2233 0
2234 1
2235 4
2236 1
2237 4
2238 1
2239 1
2240 4
2241 4
2242 3
2243 1
2244 2
2245 3
2246 0
2247 3
2248 1
2249 4
2250 1
2251 0
2252 1
2253 1
2254 4
2255 4
2256 0
2257 4
2258 2
2259 4
2260 3
2261 4
2262 4
2263 3
2264 4
2265 0
2266 3
2267 1
2268 0
2269 1
2270 1
2271 2
2272 3
2273 4
2274 2
2275 4
2276 4
2277 4
2278 4
2279 3
2280 4
2281 4
2282 0
2283 2
2284 0
2285 4
2286 4
2287 2
2288 4
2289 4
2290 1
2291 1
2292 3
2293 1
2294 1
2295 1
2296 0
2297 0
2298 0
2299 4
2300 1
2301 1
2302 4
2303 1
2304 3
2305 4
2306 4
2307 3
2308 3
2309 4
2310 3
2311 4
2312 3
2313 4
2314 4
2315 3
2316 2
2317 2
2318 1
2319 3
2320 1
2321 0
2322 0
2323 4
2324 0
2325 4
2326 3
2327 4
2328 4
2329 4
2330 4
2331 4
2332 0
2333 0
2334 1
2335 1
2336 4
2337 2
2338 3
2339 1
2340 3
2341 3
2342 4
2343 4
2344 1
2345 3
2346 4
2347 1
2348 1
2349 3
2350 3
2351 1
2352 1
2353 1
2354 4
2355 1
2356 4
2357 0
2358 2
2359 3
2360 1
2361 2
2362 4
2363 4
2364 4
2365 2
2366 4
2367 3
2368 4
2369 3
2370 4
2371 2
2372 4
2373 2
2374 4
2375 4
2376 1
2377 4
2378 4
2379 1
2380 4
2381 0
2382 3
2383 1
2384 3
2385 4
2386 4
2387 4
2388 1
2389 4
2390 2
2391 4
2392 4
2393 4
2394 4
2395 3
2396 3
2397 0
2398 1
2399 3
2400 1
2401 2
2402 3
2403 2
2404 4
2405 2
2406 4
2407 0
2408 3
2409 4
2410 4
2411 1
2412 1
2413 3
2414 2
2415 4
2416 0
2417 4
2418 1
2419 4
2420 4
2421 2
2422 4
2423 2
2424 4
2425 4
2426 1
2427 3
2428 1
2429 1
2430 4
2431 4
2432 4
2433 4
2434 3
2435 1
2436 3
2437 1
2438 3
2439 1
2440 4
2441 4
2442 1
2443 0
2444 4
2445 4
2446 1
2447 4
2448 3
2449 4
2450 4
2451 1
2452 0
2453 0
2454 2
2455 4
2456 4
2457 3
2458 3
2459 1
2460 4
2461 2
2462 1
2463 2
2464 1
2465 4
2466 4
2467 1
2468 2
2469 -1
2470 4
2471 1
2472 4
2473 1
2474 1
2475 1
2476 0
2477 3
2478 2
2479 1
2480 2
2481 1
2482 2
2483 1
2484 4
2485 1
2486 3
2487 3
2488 2
2489 1
2490 3
2491 3
2492 2
2493 4
2494 1
2495 1
2496 0
2497 4
2498 4
2499 2
2500 4
2501 3
2502 1
2503 4
2504 2
2505 0
2506 1
2507 3
2508 4
2509 0
2510 0
2511 1
2512 3
2513 4
2514 1
2515 4
2516 4
2517 1
2518 3
2519 4
2520 -1
2521 4
2522 4
2523 4
2524 2
2525 0
2526 2
2527 0
2528 4
2529 2
2530 2
2531 1
2532 3
2533 4
2534 1
2535 2
2536 4
2537 1
2538 4
2539 1
2540 0
2541 1
2542 4
2543 4
2544 4
2545 4
2546 4
2547 0
2548 1
2549 4
2550 4
2551 0
2552 4
2553 4
2554 4
2555 0
2556 3
2557 4
2558 4
2559 0
2560 0
2561 0
2562 4
2563 1
2564 3
2565 1
2566 1
2567 0
2568 4
2569 1
2570 1
2571 1
2572 2
2573 1
2574 3
2575 3
2576 3
2577 0
2578 3
2579 4
2580 3
2581 4
2582 1
2583 4
2584 4
2585 1
2586 1
2587 0
2588 3
2589 2
2590 4
2591 1
2592 1
2593 4
2594 4
2595 -1
2596 4
2597 3
2598 4
2599 1
2600 0
2601 2
2602 4
2603 4
2604 3
2605 3
2606 0
2607 4
2608 4
2609 3
2610 4
2611 0
2612 3
2613 4
2614 4
2615 2
2616 4
2617 1
2618 3
2619 4
2620 4
2621 3
2622 4
2623 4
2624 3
2625 3
2626 1
2627 4
2628 1
2629 1
2630 0
2631 1
2632 0
2633 0
2634 4
2635 4
2636 4
2637 0
2638 3
2639 3
2640 2
2641 1
2642 1
2643 4
2644 4
2645 2
2646 1
2647 4
2648 3
2649 4
2650 1
2651 4
2652 1
2653 4
2654 4
2655 0
2656 0
2657 0
2658 4
2659 3
2660 4
2661 4
2662 3
2663 2
2664 2
2665 4
2666 4
2667 2
2668 1
2669 4
2670 2
2671 2
2672 1
2673 1
2674 3
2675 4
2676 2
2677 1
2678 1
2679 2
2680 4
2681 4
2682 1
2683 1
2684 4
2685 1
2686 1
2687 4
2688 2
2689 4
2690 0
2691 4
2692 4
2693 4
2694 1
2695 3
2696 0
2697 3
2698 3
2699 3
2700 1
2701 4
2702 3
2703 1
2704 4
2705 4
2706 0
2707 2
2708 0
2709 1
2710 3
2711 1
2712 2
2713 2
2714 3
2715 1
2716 1
2717 3
2718 3
2719 4
2720 0
2721 4
2722 4
2723 3
2724 3
2725 3
2726 4
2727 4
2728 2
2729 0
2730 3
2731 1
2732 4
2733 2
2734 4
2735 1
2736 4
2737 4
2738 3
2739 4
2740 2
2741 2
2742 4
2743 4
2744 1
2745 1
2746 4
2747 -1
2748 4
2749 3
2750 1
2751 2
2752 4
2753 2
2754 3
2755 2
2756 2
2757 4
2758 4
2759 4
2760 3
2761 4
2762 2
2763 4
2764 4
2765 3
2766 4
2767 3
2768 4
2769 3
2770 4
2771 4
2772 4
2773 1
2774 1
2775 1
2776 0
2777 4
2778 1
2779 4
2780 0
2781 0
2782 1
2783 2
2784 4
2785 4
2786 1
2787 4
2788 4
2789 3
2790 4
2791 2
2792 0
2793 4
2794 4
2795 4
2796 0
2797 3
2798 3
2799 1
2800 3
2801 1
2802 1
2803 3
2804 2
2805 1
2806 1
2807 3
2808 2
2809 3
2810 1
2811 4
2812 4
2813 1
2814 1
2815 4
2816 4
2817 4
2818 1
2819 4
2820 1
2821 1
2822 1
2823 2
2824 1
2825 3
2826 4
2827 4
2828 1
2829 3
2830 1
2831 3
2832 4
2833 2
2834 1
2835 -1
2836 2
2837 4
2838 1
2839 4
2840 0
2841 4
2842 4
2843 1
2844 4
2845 4
2846 0
2847 0
2848 0
2849 3
2850 2
2851 3
2852 4
2853 0
2854 0
2855 0
2856 2
2857 4
2858 4
2859 4
2860 1
2861 2
2862 0
2863 1
2864 0
2865 4
2866 4
2867 4
2868 3
2869 4
2870 1
2871 -1
2872 0
2873 3
2874 4
2875 4
2876 3
2877 4
2878 1
2879 1
2880 4
2881 4
2882 3
2883 3
2884 1
2885 4
2886 1
2887 2
2888 1
2889 1
2890 4
2891 0
2892 0
2893 3
2894 3
2895 4
2896 1
2897 1
2898 0
2899 4
2900 4
2901 4
2902 3
2903 3
2904 1
2905 0
2906 4
2907 4
2908 4
2909 3
2910 1
2911 4
2912 4
2913 4
2914 4
2915 3
2916 4
2917 3
2918 0
2919 4
2920 0
2921 3
2922 4
2923 1
2924 4
2925 4
2926 4
2927 1
2928 4
2929 2
2930 3
2931 1
2932 1
2933 4
2934 4
2935 2
2936 1
2937 2
2938 1
2939 0
2940 0
2941 1
2942 0
2943 3
2944 4
2945 1
2946 3
2947 2
2948 1
2949 2
2950 4
2951 4
2952 2
2953 4
2954 0
2955 3
2956 3
2957 4
2958 4
2959 4
2960 3
2961 3
2962 1
2963 1
2964 0
2965 0
2966 4
2967 3
2968 4
2969 0
2970 3
2971 4
2972 3
2973 1
2974 0
2975 1
2976 2
2977 4
2978 4
2979 4
2980 4
2981 1
2982 4
2983 1
2984 1
2985 1
2986 4
2987 -1
2988 0
2989 4
2990 1
2991 3
2992 4
2993 4
2994 4
2995 4
2996 1
2997 4
2998 2
2999 4
3000 1
3001 0
3002 4
3003 2
3004 3
3005 3
3006 3
3007 3
3008 4
3009 4
3010 2
3011 1
3012 4
3013 3
3014 3
3015 2
3016 1
3017 3
3018 3
3019 4
3020 4
3021 1
3022 0
3023 3
3024 4
3025 4
3026 1
3027 4
3028 4
3029 1
3030 3
3031 4
3032 1
3033 2
3034 4
3035 4
3036 1
3037 2
3038 2
3039 4
3040 1
3041 2
3042 4
3043 4
3044 3
3045 1
3046 4
3047 1
3048 2
3049 4
3050 4
3051 1
3052 3
3053 4
3054 4
3055 2
3056 1
3057 1
3058 1
3059 3
3060 2
3061 1
3062 2
3063 1
3064 1
3065 3
3066 4
3067 4
3068 1
3069 -1
3070 3
3071 3
3072 4
3073 1
3074 4
3075 1
3076 0
3077 0
3078 4
3079 4
3080 4
3081 4
3082 4
3083 4
3084 4
3085 4
3086 0
3087 4
3088 3
3089 2
3090 4
3091 2
3092 3
3093 4
3094 0
3095 3
3096 2
3097 3
3098 0
3099 3
3100 4
3101 1
3102 1
3103 4
3104 4
3105 3
3106 3
3107 1
3108 0
3109 0
3110 1
3111 3
3112 -1
3113 1
3114 2
3115 3
3116 2
3117 4
3118 0
3119 4
3120 4
3121 1
3122 4
3123 4
3124 4
3125 2
3126 1
3127 4
3128 4
3129 0
3130 3
3131 1
3132 4
3133 3
3134 4
3135 0
3136 4
3137 2
3138 4
3139 4
3140 4
3141 4
3142 2
3143 1
3144 2
3145 4
3146 1
3147 2
3148 3
3149 3
3150 4
3151 1
3152 3
3153 3
3154 4
3155 4
3156 2
3157 3
3158 1
3159 0
3160 2
3161 0
3162 3
3163 1
3164 4
3165 2
3166 4
3167 4
3168 3
3169 4
3170 1
3171 4
3172 3
3173 2
3174 4
3175 4
3176 1
3177 4
3178 1
3179 4
3180 4
3181 3
3182 0
3183 4
3184 1
3185 2
3186 1
3187 1
3188 4
3189 1
3190 0
3191 1
3192 3
3193 3
3194 4
3195 1
3196 4
3197 0
3198 1
3199 4
3200 4
3201 4
3202 1
3203 4
3204 4
3205 4
3206 2
3207 4
3208 2
3209 4
3210 3
3211 4
3212 1
3213 3
3214 4
3215 3
3216 1
3217 4
3218 4
3219 3
3220 2
3221 4
3222 0
3223 0
3224 4
3225 4
3226 3
3227 3
3228 2
3229 1
3230 1
3231 1
3232 4
3233 3
3234 4
3235 4
3236 0
3237 3
3238 1
3239 3
3240 2
3241 4
3242 4
3243 3
3244 0
3245 4
3246 4
3247 4
3248 4
3249 4
3250 1
3251 3
3252 3
3253 4
3254 3
3255 1
3256 4
3257 4
3258 1
3259 4
3260 -1
3261 3
3262 1
3263 2
3264 3
3265 4
3266 1
3267 4
3268 1
3269 2
3270 4
3271 3
3272 4
3273 3
3274 1
3275 2
3276 2
3277 4
3278 4
3279 4
3280 4
3281 1
3282 2
3283 4
3284 0
3285 2
3286 1
3287 1
3288 4
3289 1
3290 0
3291 1
3292 -1
3293 0
3294 4
3295 2
3296 4
3297 4
3298 4
3299 4
3300 4
3301 1
3302 1
3303 4
3304 4
3305 2
3306 0
3307 4
3308 2
3309 2
3310 3
3311 0
3312 1
3313 4
3314 4
3315 1
3316 1
3317 3
3318 0
3319 4
3320 1
3321 -1
3322 2
3323 2
3324 3
3325 1
3326 1
3327 3
3328 4
3329 0
3330 2
3331 3
3332 2
3333 4
3334 2
3335 4
3336 1
3337 0
3338 0
3339 3
3340 1
3341 4
3342 1
3343 2
3344 4
3345 2
3346 0
3347 2
3348 2
3349 1
3350 1
3351 2
3352 2
3353 4
3354 1
3355 2
3356 4
3357 0
3358 3
3359 0
3360 1
3361 3
3362 1
3363 4
3364 1
3365 2
3366 2
3367 1
3368 0
3369 4
3370 4
3371 1
3372 3
3373 3
3374 0
3375 1
3376 3
3377 0
3378 4
3379 1
3380 0
3381 4
3382 2
3383 0
3384 1
3385 2
3386 3
3387 1
3388 4
3389 2
3390 2
3391 0
3392 2
3393 3
3394 1
3395 4
3396 4
3397 0
3398 4
3399 3
3400 4
3401 1
3402 1
3403 -1
3404 4
3405 4
3406 0
3407 4
3408 4
3409 2
3410 0
3411 1
3412 4
3413 3
3414 1
3415 2
3416 4
3417 0
3418 4
3419 4
3420 4
3421 0
3422 1
3423 4
3424 1
3425 1
3426 4
3427 4
3428 2
3429 3
3430 1
3431 4
3432 4
3433 3
3434 2
3435 1
3436 1
3437 3
3438 4
3439 4
3440 4
3441 4
3442 2
3443 3
3444 4
3445 1
3446 1
3447 4
3448 3
3449 2
3450 3
3451 0
3452 2
3453 2
3454 1
3455 0
3456 4
3457 4
3458 1
3459 4
3460 0
3461 2
3462 4
3463 0
3464 4
3465 0
3466 4
3467 4
3468 2
3469 4
3470 1
3471 4
3472 4
3473 4
3474 4
3475 4
3476 1
3477 2
3478 4
3479 1
3480 4
3481 3
3482 1
3483 1
3484 4
3485 3
3486 3
3487 1
3488 4
3489 4
3490 2
3491 2
3492 4
3493 4
3494 3
3495 4
3496 3
3497 4
3498 1
3499 4
3500 1
3501 3
3502 1
3503 0
3504 4
3505 1
3506 1
3507 1
3508 1
3509 1
3510 4
3511 1
3512 4
3513 3
3514 3
3515 0
3516 3
3517 1
3518 4
3519 3
3520 2
3521 2
3522 1
3523 2
3524 4
3525 4
3526 4
3527 3
3528 4
3529 1
3530 4
3531 0
3532 2
3533 1
3534 4
3535 4
3536 1
3537 3
3538 4
3539 3
3540 4
3541 4
3542 1
3543 4
3544 3
3545 4
3546 3
3547 1
3548 2
3549 1
3550 1
3551 0
3552 1
3553 0
3554 3
3555 1
3556 3
3557 1
3558 0
3559 0
3560 4
3561 4
3562 1
3563 0
3564 2
3565 4
3566 4
3567 2
3568 2
3569 3
3570 1
3571 0
3572 4
3573 3
3574 3
3575 3
3576 1
3577 3
3578 4
3579 4
3580 4
3581 4
3582 1
3583 4
3584 2
3585 1
3586 4
3587 1
3588 4
3589 3
3590 4
3591 4
3592 4
3593 2
3594 3
3595 4
3596 4
3597 4
3598 4
3599 4
3600 1
3601 4
3602 2
3603 3
3604 2
3605 3
3606 2
3607 4
3608 1
3609 4
3610 4
3611 4
3612 3
3613 1
3614 4
3615 2
3616 3
3617 1
3618 4
3619 4
3620 2
3621 4
3622 4
3623 1
3624 3
3625 4
3626 0
3627 3
3628 4
3629 1
3630 1
3631 4
3632 1
3633 1
3634 1
3635 2
3636 2
3637 2
3638 1
3639 2
3640 4
3641 4
3642 3
3643 4
3644 2
3645 1
3646 4
3647 3
3648 4
3649 2
3650 4
3651 1
3652 4
3653 4
3654 0
3655 4
3656 0
3657 4
3658 1
3659 4
3660 4
3661 4
3662 4
3663 1
3664 1
3665 1
3666 1
3667 4
3668 3
3669 0
3670 4
3671 -1
3672 1
3673 0
3674 4
3675 3
3676 1
3677 1
3678 1
3679 3
3680 4
3681 3
3682 4
3683 3
3684 1
3685 1
3686 4
3687 0
3688 4
3689 4
3690 1
3691 4
3692 1
3693 4
3694 1
3695 4
3696 1
3697 1
3698 1
3699 1
3700 2
3701 2
3702 1
3703 3
3704 4
3705 0
3706 4
3707 1
3708 2
3709 4
3710 0
3711 4
3712 0
3713 4
3714 4
3715 3
3716 4
3717 4
3718 2
3719 4
3720 3
3721 4
3722 3
3723 0
3724 2
3725 4
3726 4
3727 4
3728 2
3729 2
3730 4
3731 4
3732 1
3733 4
3734 4
3735 2
3736 1
3737 4
3738 1
3739 3
3740 3
3741 2
3742 2
3743 3
3744 0
3745 0
3746 4
3747 3
3748 0
3749 4
3750 0
3751 2
3752 1
3753 -1
3754 4
3755 4
3756 4
3757 3
3758 4
3759 2
3760 2
3761 1
3762 4
3763 3
3764 0
3765 0
3766 2
3767 2
3768 0
3769 4
3770 4
3771 4
3772 1
3773 4
3774 4
3775 4
3776 1
3777 4
3778 3
3779 1
3780 4
3781 -1
3782 2
3783 4
3784 2
3785 3
3786 2
3787 1
3788 0
3789 4
3790 2
3791 4
3792 3
3793 4
3794 2
3795 4
3796 1
3797 3
3798 4
3799 3
3800 4
3801 1
3802 1
3803 2
3804 4
3805 1
3806 4
3807 1
3808 4
3809 1
3810 1
3811 4
3812 3
3813 3
3814 2
3815 0
3816 2
3817 4
3818 1
3819 4
3820 1
3821 3
3822 4
3823 4
3824 2
3825 1
3826 4
3827 1
3828 3
3829 1
3830 1
3831 4
3832 4
3833 1
3834 4
3835 3
3836 4
3837 4
3838 4
3839 4
3840 0
3841 4
3842 1
3843 4
3844 3
3845 4
3846 1
3847 4
3848 4
3849 1
3850 4
3851 4
3852 4
3853 4
3854 4
3855 3
3856 4
3857 4
3858 4
3859 1
3860 0
3861 4
3862 1
3863 2
3864 1
3865 2
3866 1
3867 1
3868 4
3869 1
3870 1
3871 2
3872 0
3873 0
3874 4
3875 4
3876 4
3877 4
3878 2
3879 1
3880 4
3881 4
3882 4
3883 1
3884 4
3885 3
3886 4
3887 2
3888 4
3889 4
3890 4
3891 1
3892 4
3893 4
3894 4
3895 2
3896 1
3897 3
3898 2
3899 4
3900 2
3901 2
3902 0
3903 1
3904 4
3905 3
3906 1
3907 4
3908 0
3909 0
3910 1
3911 1
3912 3
3913 1
3914 4
3915 4
3916 1
3917 2
3918 4
3919 4
3920 0
3921 1
3922 3
3923 0
3924 1
3925 0
3926 0
3927 1
3928 3
3929 4
3930 3
3931 4
3932 2
3933 4
3934 0
3935 4
3936 4
3937 3
3938 1
3939 3
3940 1
3941 4
3942 2
3943 3
3944 0
3945 1
3946 4
3947 1
3948 2
3949 0
3950 1
3951 2
3952 2
3953 2
3954 2
3955 2
3956 3
3957 1
3958 1
3959 4
3960 0
3961 4
3962 4
3963 4
3964 0
3965 3
3966 0
3967 4
3968 2
3969 0
3970 1
3971 1
3972 1
3973 1
3974 4
3975 0
3976 2
3977 4
3978 4
3979 1
3980 3
3981 0
3982 3
3983 4
3984 4
3985 3
3986 2
3987 4
3988 1
3989 4
3990 2
3991 4
3992 3
3993 1
3994 0
3995 1
3996 1
3997 1
3998 1
3999 4
4000 2
4001 1
4002 0
4003 1
4004 1
4005 3
4006 4
4007 0
4008 3
4009 4
4010 4
4011 1
4012 2
4013 2
4014 1
4015 1
4016 4
4017 0
4018 4
4019 4
4020 4
4021 3
4022 4
4023 0
4024 4
4025 4
4026 4
4027 2
4028 1
4029 1
4030 0
4031 1
4032 1
4033 2
4034 4
4035 3
4036 4
4037 2
4038 1
4039 4
4040 4
4041 1
4042 1
4043 2
4044 4
4045 2
4046 2
4047 4
4048 4
4049 4
4050 4
4051 4
4052 1
4053 3
4054 2
4055 3
4056 0
4057 4
4058 3
4059 4
4060 2
4061 3
4062 0
4063 1
4064 4
4065 2
4066 4
4067 1
4068 2
4069 1
4070 4
4071 1
4072 0
4073 1
4074 0
4075 4
4076 1
4077 1
4078 3
4079 1
4080 1
4081 4
4082 2
4083 1
4084 4
4085 4
4086 1
4087 1
4088 4
4089 1
4090 1
4091 3
4092 4
4093 1
4094 0
4095 0
4096 4
4097 4
4098 1
4099 4
4100 4
4101 4
4102 1
4103 0
4104 1
4105 2
4106 -1
4107 1
4108 0
4109 3
4110 1
4111 1
4112 0
4113 1
4114 4
4115 0
4116 4
4117 4
4118 4
4119 3
4120 4
4121 2
4122 1
4123 3
4124 1
4125 1
4126 1
4127 4
4128 4
4129 4
4130 4
4131 4
4132 2
4133 4
4134 1
4135 1
4136 3
4137 4
4138 4
4139 4
4140 0
4141 2
4142 4
4143 0
4144 4
4145 1
4146 2
4147 0
4148 3
4149 4
4150 2
4151 1
4152 1
4153 2
4154 2
4155 3
4156 4
4157 4
4158 1
4159 2
4160 4
4161 3
4162 0
4163 3
4164 3
4165 4
4166 2
4167 4
4168 0
4169 0
4170 2
4171 3
4172 4
4173 2
4174 1
4175 3
4176 3
4177 1
4178 3
4179 4
4180 0
4181 1
4182 4
4183 3
4184 -1
4185 3
4186 2
4187 3
4188 1
4189 1
4190 4
4191 4
4192 4
4193 4
4194 3
4195 1
4196 3
4197 4
4198 3
4199 0
4200 3
4201 2
4202 4
